inputs/cropped_bioclim_bird/wc2.1_5m_tmin_08_band1.asc
ncols        60
nrows        48
xllcorner    -10.000000000000
yllcorner    4.000000000000
cellsize     0.083333333333
[rows 0 to 16 of 48, columns 0 to 37 of 60]
18.476999282836914062 18.587999343872070312 18.641000747680664062 18.465000152587890625 18.149999618530273438 18.330999374389648438 18.190999984741210938 18.016000747680664062 18.072000503540039062 18.024000167846679688 17.761999130249023438 17.73600006103515625 17.86299896240234375 17.810998916625976562 17.731000900268554688 17.618999481201171875 17.29199981689453125 17.454000473022460938 17.47100067138671875 17.47299957275390625 17.364000320434570312 17.330999374389648438 17.38800048828125 17.552999496459960938 17.725000381469726562 17.936000823974609375 17.968000411987304688 17.926000595092773438 18.13700103759765625 18.33300018310546875 18.492000579833984375 18.356000900268554688 18.201000213623046875 19.292999267578125 19.479999542236328125 19.555999755859375 19.448999404907226562 19.397998809814453125
18.9459991455078125 18.822999954223632812 18.586999893188476562 18.531999588012695312 18.54000091552734375 18.593999862670898438 18.257999420166015625 18.118000030517578125 18.076999664306640625 18.0149993896484375 17.90200042724609375 17.864000320434570312 17.812999725341796875 17.746999740600585938 17.576000213623046875 17.490999221801757812 17.406000137329101562 17.43000030517578125 17.2779998779296875 17.364000320434570312 17.43000030517578125 17.4029998779296875 17.34799957275390625 17.476999282836914062 17.635999679565429688 17.740999221801757812 17.93199920654296875 18.024000167846679688 18.271999359130859375 18.454999923706054688 18.325000762939453125 18.0839996337890625 18.558000564575195312 19.310998916625976562 19.564001083374023438 19.51399993896484375 19.379999160766601562 19.314998626708984375
19.298000335693359375 18.823999404907226562 18.667999267578125 18.756999969482421875 18.878999710083007812 18.68199920654296875 18.253999710083007812 18.257999420166015625 18.246999740600585938 18.149000167846679688 18.045000076293945312 17.878000259399414062 17.625 17.686000823974609375 17.504999160766601562 17.38899993896484375 17.520000457763671875 17.44499969482421875 17.22100067138671875 17.395999908447265625 17.586000442504882812 17.60900115966796875 17.3209991455078125 17.232000350952148438 17.5540008544921875 17.6399993896484375 17.841999053955078125 17.93199920654296875 17.969999313354492188 17.40200042724609375 17.283000946044921875 17.510000228881835938 17.878000259399414062 18.937999725341796875 19.372999191284179688 19.492000579833984375 19.38800048828125 19.420000076293945312
19.296998977661132812 19.033000946044921875 19.148000717163085938 19.147001266479492188 19.093999862670898438 18.715999603271484375 18.451000213623046875 18.317998886108398438 18.289999008178710938 18.239999771118164062 17.9850006103515625 17.759000778198242188 17.564001083374023438 17.510000228881835938 17.461000442504882812 17.447000503540039062 17.329999923706054688 17.20800018310546875 17.08300018310546875 16.621999740600585938 17.659000396728515625 17.690000534057617188 17.205999374389648438 17.120000839233398438 16.886999130249023438 16.993000030517578125 17.715000152587890625 17.589000701904296875 17.38899993896484375 17.104000091552734375 16.659000396728515625 17.09799957275390625 17.982999801635742188 18.968999862670898438 19.329999923706054688 19.538000106811523438 19.503000259399414062 19.30500030517578125
19.243000030517578125 19.38899993896484375 19.490999221801757812 19.329000473022460938 19.202999114990234375 18.968999862670898438 18.544000625610351562 18.326999664306640625 18.167999267578125 18.188999176025390625 17.961999893188476562 17.802000045776367188 17.635999679565429688 17.503999710083007812 17.490999221801757812 17.386999130249023438 17.006000518798828125 16.906999588012695312 16.240999221801757812 15.822000503540039062 17.659000396728515625 17.677000045776367188 17.0970001220703125 16.840000152587890625 16.273000717163085938 16.964000701904296875 17.6959991455078125 17.468999862670898438 17.267000198364257812 17.271999359130859375 17.072000503540039062 17.77700042724609375 18.6790008544921875 18.965000152587890625 19.26399993896484375 19.576999664306640625 19.510999679565429688 19.34799957275390625
19.40399932861328125 19.753999710083007812 19.824998855590820312 19.5839996337890625 19.295999526977539062 18.940999984741210938 18.549999237060546875 18.323999404907226562 18.142999649047851562 18.080999374389648438 17.822000503540039062 18.0149993896484375 17.802000045776367188 17.684999465942382812 17.455999374389648438 17.282999038696289062 16.906999588012695312 16.3899993896484375 16.702999114990234375 17.5279998779296875 17.566999435424804688 17.451000213623046875 17.007999420166015625 16.490999221801757812 16.478000640869140625 16.292999267578125 17.754999160766601562 17.576000213623046875 17.09600067138671875 16.649000167846679688 17.548999786376953125 18.350000381469726562 19.095001220703125 19.1660003662109375 19.257999420166015625 19.576000213623046875 19.510000228881835938 19.430999755859375
20.037000656127929688 20.134000778198242188 19.900999069213867188 19.58300018310546875 19.163000106811523438 18.794000625610351562 18.593000411987304688 18.30500030517578125 18.085000991821289062 17.81800079345703125 17.890001296997070312 18.023000717163085938 17.912000656127929688 17.655000686645507812 17.378999710083007812 17.107999801635742188 16.9589996337890625 16.718999862670898438 17.447000503540039062 17.70999908447265625 17.739999771118164062 17.891000747680664062 17.4739990234375 16.757999420166015625 16.201999664306640625 17.062999725341796875 18.0410003662109375 17.95800018310546875 17.159000396728515625 17.753000259399414062 18.525999069213867188 18.9029998779296875 19.072999954223632812 19.24900054931640625 19.385000228881835938 19.66699981689453125 19.542999267578125 19.511999130249023438
20.420999526977539062 20.218000411987304688 19.909999847412109375 19.5410003662109375 19.062000274658203125 18.773000717163085938 18.5260009765625 18.197000503540039062 17.837999343872070312 17.755001068115234375 18.062999725341796875 18.002000808715820312 17.954000473022460938 17.591999053955078125 17.25099945068359375 17.01300048828125 16.913999557495117188 17.052999496459960938 17.44499969482421875 17.724000930786132812 17.761999130249023438 17.851999282836914062 17.79000091552734375 17.447999954223632812 17.45800018310546875 17.7910003662109375 18.337999343872070312 18.127000808715820312 18.38899993896484375 18.774000167846679688 18.733999252319335938 18.858999252319335938 18.913000106811523438 19.173999786376953125 19.413000106811523438 19.73699951171875 19.641000747680664062 19.618000030517578125
20.155000686645507812 19.965000152587890625 19.7779998779296875 19.340999603271484375 18.975000381469726562 18.625 18.322999954223632812 18.031999588012695312 17.871999740600585938 18.078001022338867188 18.0410003662109375 18.006999969482421875 17.920999526977539062 17.7089996337890625 17.31800079345703125 17.016000747680664062 17.016000747680664062 17.207000732421875 17.607000350952148438 17.753000259399414062 17.850000381469726562 17.900999069213867188 17.900999069213867188 17.885000228881835938 18.045000076293945312 18.295999526977539062 18.397998809814453125 18.517000198364257812 18.586000442504882812 18.752000808715820312 18.84799957275390625 18.968000411987304688 18.869998931884765625 19.2220001220703125 19.502000808715820312 19.729999542236328125 19.658000946044921875 19.66699981689453125
19.951999664306640625 19.760999679565429688 19.547000885009765625 19.18199920654296875 18.7089996337890625 18.226999282836914062 18.072999954223632812 17.975999832153320312 18.055999755859375 18.072000503540039062 18.10900115966796875 18.085000991821289062 17.975000381469726562 17.524999618530273438 17.239999771118164062 17.309999465942382812 17.288999557495117188 17.5149993896484375 17.607999801635742188 17.775999069213867188 17.897998809814453125 17.920000076293945312 17.930999755859375 18.0410003662109375 18.128000259399414062 18.417999267578125 18.603000640869140625 18.654001235961914062 18.696001052856445312 18.855998992919921875 19.0970001220703125 19.0149993896484375 19.086000442504882812 19.357999801635742188 19.656999588012695312 19.787000656127929688 19.677999496459960938 19.724000930786132812
19.83300018310546875 19.607000350952148438 19.27899932861328125 18.815000534057617188 18.378000259399414062 18.064001083374023438 18.031999588012695312 18.086000442504882812 18.080999374389648438 18.125 18.1529998779296875 18.093999862670898438 18.069000244140625 17.965999603271484375 17.8040008544921875 17.881000518798828125 17.631999969482421875 17.644001007080078125 17.663999557495117188 17.895000457763671875 18.06800079345703125 18.079999923706054688 18.092000961303710938 18.23799896240234375 18.368999481201171875 18.548999786376953125 18.564001083374023438 18.66500091552734375 18.864000320434570312 19.113000869750976562 19.08100128173828125 19.062000274658203125 19.106000900268554688 19.170999526977539062 19.555999755859375 19.88800048828125 19.767000198364257812 19.774000167846679688
19.718000411987304688 19.440999984741210938 19.059999465942382812 18.645999908447265625 18.267000198364257812 18.145000457763671875 18.161001205444335938 18.190999984741210938 18.202001571655273438 18.25 18.257999420166015625 18.18000030517578125 18.210000991821289062 18.213001251220703125 18.006000518798828125 17.893999099731445312 17.703001022338867188 17.774000167846679688 17.854999542236328125 18.05699920654296875 18.336000442504882812 18.36199951171875 18.34799957275390625 18.365999221801757812 18.468000411987304688 18.469999313354492188 18.571001052856445312 18.829000473022460938 19.031999588012695312 19.05500030517578125 19.0839996337890625 19.078001022338867188 18.746999740600585938 19.15399932861328125 19.700000762939453125 19.937999725341796875 19.864000320434570312 19.892000198364257812
19.533000946044921875 19.225000381469726562 18.892999649047851562 18.565000534057617188 18.274999618530273438 18.19300079345703125 18.200000762939453125 18.247999191284179688 18.215999603271484375 18.322999954223632812 18.34999847412109375 18.313999176025390625 18.338998794555664062 18.225000381469726562 18.100000381469726562 17.962999343872070312 17.8209991455078125 17.996000289916992188 18.160999298095703125 18.337999343872070312 18.441999435424804688 18.520999908447265625 18.430999755859375 18.414999008178710938 18.44499969482421875 18.492000579833984375 18.743999481201171875 18.851999282836914062 19.020999908447265625 19.085000991821289062 19.104000091552734375 19.146999359130859375 19.330999374389648438 19.603000640869140625 19.814998626708984375 19.996999740600585938 19.895999908447265625 19.950000762939453125
19.353000640869140625 19.044000625610351562 18.854999542236328125 18.647001266479492188 18.434999465942382812 18.354999542236328125 18.287000656127929688 18.3339996337890625 18.315999984741210938 18.351999282836914062 18.479999542236328125 18.534999847412109375 18.492000579833984375 18.43000030517578125 18.2350006103515625 18.024000167846679688 17.988000869750976562 18.146999359130859375 18.344999313354492188 18.468000411987304688 18.517999649047851562 18.547000885009765625 18.504999160766601562 18.455999374389648438 18.492000579833984375 18.562999725341796875 18.698999404907226562 18.798999786376953125 19.11199951171875 19.144001007080078125 19.172000885009765625 19.270000457763671875 19.411998748779296875 19.642999649047851562 19.743999481201171875 20.0260009765625 19.989999771118164062 20.009000778198242188
19.33300018310546875 19.229000091552734375 18.962999343872070312 18.854000091552734375 18.714000701904296875 18.646999359130859375 18.482000350952148438 18.409000396728515625 18.475000381469726562 18.552000045776367188 18.590000152587890625 18.585000991821289062 18.510999679565429688 18.482999801635742188 18.434999465942382812 18.301000595092773438 18.302000045776367188 18.3769989013671875 18.542999267578125 18.630001068115234375 18.628000259399414062 18.621999740600585938 18.642000198364257812 18.58300018310546875 18.572999954223632812 18.704000473022460938 18.914999008178710938 19.089000701904296875 19.225999832153320312 19.227001190185546875 19.199001312255859375 19.355998992919921875 19.419000625610351562 19.542999267578125 19.760000228881835938 20.072999954223632812 20.160999298095703125 20.100999832153320312
19.428998947143554688 19.357999801635742188 19.173000335693359375 19.042999267578125 18.899999618530273438 18.864999771118164062 18.62400054931640625 18.575000762939453125 18.658000946044921875 18.669000625610351562 18.703001022338867188 18.603000640869140625 18.645000457763671875 18.680999755859375 18.630001068115234375 18.565999984741210938 18.663999557495117188 18.63800048828125 18.655000686645507812 18.7350006103515625 18.659000396728515625 18.76399993896484375 18.700000762939453125 18.668001174926757812 18.728000640869140625 18.774000167846679688 18.753999710083007812 19.184999465942382812 19.27700042724609375 19.2910003662109375 19.274999618530273438 19.413000106811523438 19.572999954223632812 19.675001144409179688 19.83300018310546875 20.172000885009765625 20.298000335693359375 20.171001434326171875
19.692998886108398438 19.33499908447265625 19.336000442504882812 19.196001052856445312 19.088001251220703125 18.941999435424804688 18.773000717163085938 18.771999359130859375 18.738000869750976562 18.831998825073242188 18.803998947143554688 18.815000534057617188 18.86199951171875 18.850000381469726562 18.729000091552734375 18.631000518798828125 18.823999404907226562 18.843999862670898438 18.808000564575195312 18.6660003662109375 18.647001266479492188 18.687999725341796875 18.616001129150390625 18.669000625610351562 18.743000030517578125 18.7350006103515625 18.947000503540039062 19.145999908447265625 19.312999725341796875 19.3899993896484375 19.426000595092773438 19.450000762939453125 19.604999542236328125 19.788999557495117188 19.919000625610351562 20.274999618530273438 20.34600067138671875 20.185001373291015625
