inputs/cropped_bioclim_bird/wc2.1_5m_tmin_11_band1.asc
ncols        60
nrows        48
xllcorner    -10.000000000000
yllcorner    4.000000000000
cellsize     0.083333333333
[rows 0 to 16 of 48, columns 0 to 37 of 60]
18.5970001220703125 18.656999588012695312 18.424999237060546875 17.843000411987304688 17.302999496459960938 17.426000595092773438 17.163000106811523438 16.952999114990234375 16.920999526977539062 16.8600006103515625 16.655000686645507812 16.69499969482421875 16.845998764038085938 16.830999374389648438 16.77700042724609375 16.621999740600585938 16.322000503540039062 16.30699920654296875 16.3079986572265625 16.315000534057617188 16.312999725341796875 16.378999710083007812 16.447000503540039062 16.548000335693359375 16.683000564575195312 16.920999526977539062 16.975000381469726562 16.976999282836914062 17.180999755859375 17.4290008544921875 17.701999664306640625 17.733999252319335938 17.687999725341796875 18.686000823974609375 18.905000686645507812 19.072999954223632812 19.093000411987304688 19.141000747680664062
19.2239990234375 18.94300079345703125 18.315999984741210938 18.089000701904296875 18.036001205444335938 17.850999832153320312 17.309999465942382812 17.226999282836914062 17.15200042724609375 17.042999267578125 16.935998916625976562 16.941999435424804688 16.927999496459960938 16.886999130249023438 16.77899932861328125 16.621000289916992188 16.483999252319335938 16.367000579833984375 16.201000213623046875 16.301000595092773438 16.420000076293945312 16.413999557495117188 16.420000076293945312 16.497999191284179688 16.600999832153320312 16.729999542236328125 16.951000213623046875 17.071001052856445312 17.26399993896484375 17.455999374389648438 17.493000030517578125 17.43000030517578125 18.038999557495117188 18.76599884033203125 18.975000381469726562 19.055999755859375 19.079000473022460938 19.106000900268554688
19.5540008544921875 18.8040008544921875 18.409000396728515625 18.457000732421875 18.579999923706054688 18.114000320434570312 17.419000625610351562 17.479000091552734375 17.4589996337890625 17.398000717163085938 17.270999908447265625 17.093999862670898438 16.831998825073242188 16.869998931884765625 16.729999542236328125 16.614000320434570312 16.662000656127929688 16.5 16.190999984741210938 16.423000335693359375 16.62599945068359375 16.627000808715820312 16.409000396728515625 16.273000717163085938 16.504999160766601562 16.63899993896484375 16.843999862670898438 16.934000015258789062 16.968999862670898438 16.503999710083007812 16.52899932861328125 16.930999755859375 17.337999343872070312 18.43199920654296875 18.8209991455078125 19.064001083374023438 19.11100006103515625 19.225000381469726562
19.578001022338867188 19.115999221801757812 19.201999664306640625 19.132999420166015625 19.009000778198242188 18.479999542236328125 18.20999908447265625 17.830999374389648438 17.649000167846679688 17.663999557495117188 17.358999252319335938 17.090000152587890625 16.868999481201171875 16.829999923706054688 16.761999130249023438 16.758998870849609375 16.607999801635742188 16.3600006103515625 16.163999557495117188 15.769000053405761719 16.79199981689453125 16.809999465942382812 16.350999832153320312 16.149999618530273438 15.944000244140625 16.05500030517578125 16.70800018310546875 16.650999069213867188 16.476999282836914062 16.274000167846679688 16.004999160766601562 16.552000045776367188 17.503999710083007812 18.538999557495117188 18.875 19.100999832153320312 19.19499969482421875 19.135999679565429688
19.677999496459960938 19.690999984741210938 19.718999862670898438 19.54000091552734375 19.407999038696289062 19.135000228881835938 18.586999893188476562 18.093999862670898438 17.732999801635742188 17.701999664306640625 17.45999908447265625 17.311000823974609375 17.128000259399414062 16.964000701904296875 16.930999755859375 16.841999053955078125 16.447999954223632812 16.2220001220703125 15.526000022888183594 15.121999740600585938 16.936000823974609375 16.892999649047851562 16.252000808715820312 15.925999641418457031 15.368000030517578125 15.996999740600585938 16.72100067138671875 16.524000167846679688 16.29199981689453125 16.4160003662109375 16.412000656127929688 17.211999893188476562 18.184999465942382812 18.503000259399414062 18.851999282836914062 19.188999176025390625 19.214000701904296875 19.16699981689453125
20.02700042724609375 20.322999954223632812 20.337999343872070312 20.101999282836914062 19.809000015258789062 19.368000030517578125 18.792999267578125 18.243000030517578125 17.882999420166015625 17.756000518798828125 17.45800018310546875 17.663999557495117188 17.43199920654296875 17.309999465942382812 17.052000045776367188 16.878999710083007812 16.423999786376953125 15.817999839782714844 16.183000564575195312 16.878000259399414062 16.878000259399414062 16.767999649047851562 16.267999649047851562 15.63800048828125 15.54199981689453125 15.440999984741210938 16.836999893188476562 16.627000808715820312 16.191999435424804688 15.91699981689453125 16.881000518798828125 17.732999801635742188 18.510999679565429688 18.631000518798828125 18.843000411987304688 19.22100067138671875 19.225999832153320312 19.243000030517578125
20.900999069213867188 21.004999160766601562 20.711999893188476562 20.450000762939453125 20.002000808715820312 19.490999221801757812 19.052999496459960938 18.44300079345703125 18.104999542236328125 17.704999923706054688 17.753999710083007812 17.883998870849609375 17.733999252319335938 17.423000335693359375 17.104000091552734375 16.815000534057617188 16.587999343872070312 16.2760009765625 16.9589996337890625 17.047000885009765625 17.02899932861328125 17.16699981689453125 16.783000946044921875 16.010000228881835938 15.399000167846679688 16.247999191284179688 17.159000396728515625 17.038000106811523438 16.34799957275390625 16.927000045776367188 17.756999969482421875 18.190000534057617188 18.451999664306640625 18.745000839233398438 19.01300048828125 19.288000106811523438 19.238000869750976562 19.285999298095703125
21.544000625610351562 21.254999160766601562 20.923000335693359375 20.561000823974609375 20.01300048828125 19.578001022338867188 19.119998931884765625 18.575000762939453125 18.136999130249023438 17.863000869750976562 18.126001358032226562 17.94499969482421875 17.80500030517578125 17.381000518798828125 17.003999710083007812 16.796998977661132812 16.63700103759765625 16.697000503540039062 16.868000030517578125 17.059999465942382812 17.065999984741210938 17.121999740600585938 17.0989990234375 16.769001007080078125 16.732999801635742188 17.021999359130859375 17.460000991821289062 17.215999603271484375 17.464000701904296875 17.73799896240234375 17.878000259399414062 18.145000457763671875 18.33499908447265625 18.6790008544921875 19.019001007080078125 19.434999465942382812 19.392000198364257812 19.3769989013671875
21.618000030517578125 21.2779998779296875 21.02700042724609375 20.59600067138671875 20.148000717163085938 19.669000625610351562 19.031999588012695312 18.590999603271484375 18.284999847412109375 18.312000274658203125 18.183000564575195312 18.034000396728515625 17.857999801635742188 17.613000869750976562 17.141000747680664062 16.7910003662109375 16.739999771118164062 16.80500030517578125 17.037000656127929688 17.1660003662109375 17.183000564575195312 17.220001220703125 17.267999649047851562 17.284000396728515625 17.377000808715820312 17.552000045776367188 17.576999664306640625 17.627000808715820312 17.726999282836914062 17.909999847412109375 18.0709991455078125 18.312000274658203125 18.344999313354492188 18.81800079345703125 19.159000396728515625 19.47299957275390625 19.455999374389648438 19.451000213623046875
21.548999786376953125 21.368000030517578125 21.086999893188476562 20.687999725341796875 20.191999435424804688 19.420999526977539062 18.9459991455078125 18.684999465942382812 18.56999969482421875 18.341999053955078125 18.215999603271484375 18.038999557495117188 17.87599945068359375 17.451000213623046875 17.031999588012695312 16.97299957275390625 16.899999618530273438 17.017999649047851562 17.11199951171875 17.2220001220703125 17.316999435424804688 17.310998916625976562 17.326000213623046875 17.424999237060546875 17.52700042724609375 17.715000152587890625 17.815999984741210938 17.924999237060546875 17.920000076293945312 18.108999252319335938 18.426000595092773438 18.427999496459960938 18.602001190185546875 18.979000091552734375 19.256999969482421875 19.538000106811523438 19.52899932861328125 19.548000335693359375
21.523000717163085938 21.270000457763671875 20.917999267578125 20.531999588012695312 19.982000350952148438 19.465000152587890625 19.288999557495117188 19.061000823974609375 18.738000869750976562 18.496999740600585938 18.309999465942382812 18.059000015258789062 17.913999557495117188 17.687000274658203125 17.470001220703125 17.343999862670898438 17.049999237060546875 17.080999374389648438 17.232000350952148438 17.4029998779296875 17.497999191284179688 17.544000625610351562 17.582000732421875 17.761999130249023438 17.841999053955078125 17.94499969482421875 17.98600006103515625 18.09600067138671875 18.259000778198242188 18.495000839233398438 18.564001083374023438 18.590000152587890625 18.69499969482421875 18.828001022338867188 19.202999114990234375 19.682001113891601562 19.656000137329101562 19.65200042724609375
21.504999160766601562 21.20800018310546875 20.795999526977539062 20.412000656127929688 20.066999435424804688 19.73699951171875 19.468999862670898438 19.238000869750976562 18.9459991455078125 18.69499969482421875 18.423999786376953125 18.13899993896484375 18.006000518798828125 17.840000152587890625 17.586000442504882812 17.331998825073242188 17.120000839233398438 17.170000076293945312 17.378999710083007812 17.599000930786132812 17.801000595092773438 17.840999603271484375 17.840999603271484375 17.941999435424804688 17.982000350952148438 17.997999191284179688 18.101999282836914062 18.292999267578125 18.523000717163085938 18.617000579833984375 18.670000076293945312 18.715999603271484375 18.426000595092773438 18.881000518798828125 19.430999755859375 19.79399871826171875 19.800998687744140625 19.819000244140625
21.36100006103515625 21.038000106811523438 20.72299957275390625 20.4459991455078125 20.10900115966796875 19.872999191284179688 19.601999282836914062 19.302999496459960938 19.017000198364257812 18.844999313354492188 18.62400054931640625 18.344999313354492188 18.155000686645507812 17.920000076293945312 17.673999786376953125 17.475000381469726562 17.270000457763671875 17.329999923706054688 17.600999832153320312 17.873998641967773438 17.978000640869140625 18.045000076293945312 18.011999130249023438 18.04199981689453125 18.055999755859375 18.045999526977539062 18.287000656127929688 18.405000686645507812 18.646999359130859375 18.787000656127929688 18.822000503540039062 18.881000518798828125 19.142999649047851562 19.420999526977539062 19.644001007080078125 19.892999649047851562 19.875 19.942998886108398438
21.232000350952148438 20.919000625610351562 20.789999008178710938 20.56800079345703125 20.247999191284179688 20.021999359130859375 19.677999496459960938 19.396999359130859375 19.16500091552734375 18.937999725341796875 18.830999374389648438 18.603000640869140625 18.3489990234375 18.1100006103515625 17.79000091552734375 17.56999969482421875 17.549999237060546875 17.578001022338867188 17.816999435424804688 18.017999649047851562 18.120000839233398438 18.079999923706054688 18.1100006103515625 18.141000747680664062 18.133001327514648438 18.156999588012695312 18.305999755859375 18.454999923706054688 18.792999267578125 18.934999465942382812 18.989999771118164062 19.093999862670898438 19.309000015258789062 19.5410003662109375 19.683000564575195312 20.05699920654296875 19.961999893188476562 20.006000518798828125
21.256999969482421875 21.0410003662109375 20.830999374389648438 20.662000656127929688 20.397998809814453125 20.162000656127929688 19.788999557495117188 19.545000076293945312 19.326999664306640625 19.089000701904296875 18.966999053955078125 18.729999542236328125 18.492000579833984375 18.288999557495117188 18.076000213623046875 17.892000198364257812 17.924999237060546875 17.885000228881835938 18.055999755859375 18.169000625610351562 18.19300079345703125 18.147001266479492188 18.271999359130859375 18.213001251220703125 18.22100067138671875 18.413000106811523438 18.614000320434570312 18.829999923706054688 18.992000579833984375 19.066999435424804688 19.092000961303710938 19.295000076293945312 19.395000457763671875 19.496000289916992188 19.677000045776367188 20.167999267578125 20.256000518798828125 20.11199951171875
21.31800079345703125 21.088001251220703125 20.900999069213867188 20.68000030517578125 20.437999725341796875 20.26300048828125 19.855998992919921875 19.69300079345703125 19.523000717163085938 19.267000198364257812 19.093000411987304688 18.809000015258789062 18.673000335693359375 18.52899932861328125 18.37400054931640625 18.256000518798828125 18.23600006103515625 18.242000579833984375 18.2649993896484375 18.324998855590820312 18.215999603271484375 18.326999664306640625 18.286998748779296875 18.281999588012695312 18.409000396728515625 18.58300018310546875 18.547000885009765625 19.010000228881835938 19.189001083374023438 19.287000656127929688 19.271999359130859375 19.454999923706054688 19.59600067138671875 19.647001266479492188 19.81999969482421875 20.288000106811523438 20.481000900268554688 20.20600128173828125
21.5260009765625 20.982000350952148438 20.968999862670898438 20.770000457763671875 20.558000564575195312 20.254999160766601562 19.961999893188476562 19.8079986572265625 19.634000778198242188 19.5 19.239999771118164062 19.052999496459960938 18.979000091552734375 18.822999954223632812 18.614999771118164062 18.395999908447265625 18.504999160766601562 18.569000244140625 18.475999832153320312 18.319000244140625 18.34799957275390625 18.378000259399414062 18.303998947143554688 18.423000335693359375 18.576999664306640625 18.608999252319335938 18.840999603271484375 19.01399993896484375 19.273000717163085938 19.4720001220703125 19.533000946044921875 19.572999954223632812 19.686000823974609375 19.816999435424804688 20.0279998779296875 20.52899932861328125 20.625 20.285999298095703125
