inputs/cropped_bioclim_bird/wc2.1_5m_tmin_10_band1.asc
ncols        60
nrows        48
xllcorner    -10.000000000000
yllcorner    4.000000000000
cellsize     0.083333333333
[rows 0 to 16 of 48, columns 0 to 37 of 60]
20.226999282836914062 20.239000320434570312 20.128000259399414062 19.711000442504882812 19.204999923706054688 19.273000717163085938 19.102001190185546875 18.897998809814453125 18.84799957275390625 18.79399871826171875 18.489000320434570312 18.436000823974609375 18.551000595092773438 18.478000640869140625 18.343000411987304688 18.18000030517578125 17.840999603271484375 17.76300048828125 17.739999771118164062 17.686000823974609375 17.579000473022460938 17.544000625610351562 17.509000778198242188 17.5839996337890625 17.718000411987304688 17.907999038696289062 17.951999664306640625 17.878000259399414062 17.968999862670898438 18.149000167846679688 18.353000640869140625 18.33499908447265625 18.322000503540039062 19.369998931884765625 19.564001083374023438 19.66500091552734375 19.630001068115234375 19.628000259399414062
20.697000503540039062 20.464000701904296875 20.002000808715820312 19.857999801635742188 19.73699951171875 19.552000045776367188 19.163999557495117188 19.062999725341796875 18.9739990234375 18.840000152587890625 18.70800018310546875 18.628000259399414062 18.607000350952148438 18.45999908447265625 18.281999588012695312 18.135000228881835938 17.969999313354492188 17.815999984741210938 17.579000473022460938 17.602001190185546875 17.656999588012695312 17.62599945068359375 17.51399993896484375 17.517000198364257812 17.648000717163085938 17.7519989013671875 17.917999267578125 17.9720001220703125 18.082000732421875 18.232000350952148438 18.212999343872070312 18.075000762939453125 18.659000396728515625 19.424999237060546875 19.628999710083007812 19.645000457763671875 19.565999984741210938 19.562000274658203125
20.899999618530273438 20.2779998779296875 19.947999954223632812 20.047000885009765625 20.082000732421875 19.697000503540039062 19.11199951171875 19.154001235961914062 19.149999618530273438 19.042999267578125 18.898000717163085938 18.690000534057617188 18.497999191284179688 18.466999053955078125 18.242000579833984375 18.1230010986328125 18.13899993896484375 17.94300079345703125 17.521999359130859375 17.676000595092773438 17.871000289916992188 17.798999786376953125 17.497999191284179688 17.3339996337890625 17.589000701904296875 17.663000106811523438 17.803998947143554688 17.826999664306640625 17.829000473022460938 17.298999786376953125 17.2649993896484375 17.586999893188476562 17.990999221801757812 19.079000473022460938 19.492000579833984375 19.628000259399414062 19.5839996337890625 19.673999786376953125
20.754999160766601562 20.386999130249023438 20.435998916625976562 20.490999221801757812 20.364999771118164062 19.920000076293945312 19.650999069213867188 19.312000274658203125 19.228000640869140625 19.211000442504882812 18.93000030517578125 18.646999359130859375 18.427999496459960938 18.326999664306640625 18.268999099731445312 18.253000259399414062 18.048999786376953125 17.730998992919921875 17.479999542236328125 17.01300048828125 17.989999771118164062 17.93199920654296875 17.406000137329101562 17.22100067138671875 16.990999221801757812 17.048000335693359375 17.63899993896484375 17.52899932861328125 17.325000762939453125 17.059000015258789062 16.732000350952148438 17.232999801635742188 18.173000335693359375 19.191999435424804688 19.49900054931640625 19.690999984741210938 19.714000701904296875 19.579999923706054688
20.72100067138671875 20.772998809814453125 20.83499908447265625 20.717000961303710938 20.606000900268554688 20.383998870849609375 19.882999420166015625 19.492000579833984375 19.204000473022460938 19.173000335693359375 18.95999908447265625 18.808000564575195312 18.593999862670898438 18.399999618530273438 18.340000152587890625 18.253999710083007812 17.80699920654296875 17.55500030517578125 16.822999954223632812 16.309999465942382812 18.038999557495117188 17.964000701904296875 17.30500030517578125 16.968000411987304688 16.410999298095703125 16.974000930786132812 17.645999908447265625 17.406000137329101562 17.1529998779296875 17.204999923706054688 17.145999908447265625 17.909999847412109375 18.858999252319335938 19.1100006103515625 19.441999435424804688 19.740999221801757812 19.7350006103515625 19.6100006103515625
20.940000534057617188 21.2239990234375 21.2089996337890625 21.0410003662109375 20.795000076293945312 20.406000137329101562 19.934999465942382812 19.582000732421875 19.30699920654296875 19.173999786376953125 18.87599945068359375 19.033000946044921875 18.7910003662109375 18.635000228881835938 18.406000137329101562 18.2519989013671875 17.733999252319335938 17.100999832153320312 17.394001007080078125 18.009000778198242188 17.94300079345703125 17.767000198364257812 17.2350006103515625 16.620000839233398438 16.562000274658203125 16.4160003662109375 17.774000167846679688 17.52700042724609375 17.063999176025390625 16.718999862670898438 17.62599945068359375 18.45800018310546875 19.200000762939453125 19.27899932861328125 19.455999374389648438 19.767000198364257812 19.7220001220703125 19.697999954223632812
21.605998992919921875 21.694000244140625 21.41699981689453125 21.18000030517578125 20.792999267578125 20.33300018310546875 20.087999343872070312 19.61100006103515625 19.364999771118164062 19.02899932861328125 19.024000167846679688 19.114999771118164062 18.957000732421875 18.636999130249023438 18.350000381469726562 18.104999542236328125 17.843000411987304688 17.479999542236328125 18.100000381469726562 18.125 18.107000350952148438 18.174999237060546875 17.738000869750976562 16.993999481201171875 16.40399932861328125 17.198999404907226562 18.09799957275390625 17.969999313354492188 17.246999740600585938 17.825000762939453125 18.582000732421875 18.948999404907226562 19.1529998779296875 19.406999588012695312 19.616001129150390625 19.836000442504882812 19.719999313354492188 19.738000869750976562
22.033000946044921875 21.787000656127929688 21.503000259399414062 21.156000137329101562 20.698999404907226562 20.337999343872070312 20.04000091552734375 19.620000839233398438 19.274000167846679688 19.062999725341796875 19.275999069213867188 19.073999404907226562 18.905000686645507812 18.523000717163085938 18.172000885009765625 18.020999908447265625 17.850000381469726562 17.854000091552734375 17.989999771118164062 18.126001358032226562 18.126001358032226562 18.170000076293945312 18.075000762939453125 17.739000320434570312 17.688999176025390625 17.965999603271484375 18.419000625610351562 18.174999237060546875 18.412000656127929688 18.696001052856445312 18.740999221801757812 18.927999496459960938 19.020000457763671875 19.319000244140625 19.614999771118164062 19.895999908447265625 19.836999893188476562 19.829000473022460938
21.95800018310546875 21.659000396728515625 21.447999954223632812 21.044000625610351562 20.673000335693359375 20.308000564575195312 19.826999664306640625 19.454999923706054688 19.22100067138671875 19.330999374389648438 19.23699951171875 19.024000167846679688 18.83300018310546875 18.618999481201171875 18.22299957275390625 17.9160003662109375 17.864999771118164062 17.83300018310546875 18.045000076293945312 18.162000656127929688 18.187000274658203125 18.227001190185546875 18.267000198364257812 18.211000442504882812 18.30699920654296875 18.489000320434570312 18.545000076293945312 18.592000961303710938 18.673999786376953125 18.812000274658203125 18.920000076293945312 19.048000335693359375 19.024000167846679688 19.406999588012695312 19.69300079345703125 19.9160003662109375 19.86100006103515625 19.880998611450195312
21.7910003662109375 21.549999237060546875 21.329999923706054688 21.011999130249023438 20.545999526977539062 19.961999893188476562 19.670000076293945312 19.427999496459960938 19.350000381469726562 19.247999191284179688 19.190999984741210938 19.031999588012695312 18.831998825073242188 18.432001113891601562 18.049999237060546875 17.969999313354492188 17.923999786376953125 17.980998992919921875 18.0540008544921875 18.157001495361328125 18.229000091552734375 18.256999969482421875 18.313999176025390625 18.382999420166015625 18.451000213623046875 18.633001327514648438 18.740999221801757812 18.816999435424804688 18.809999465942382812 18.964000701904296875 19.163999557495117188 19.100999832153320312 19.225999832153320312 19.531999588012695312 19.79199981689453125 19.940999984741210938 19.875 19.913999557495117188
21.707000732421875 21.400999069213867188 21.082000732421875 20.774999618530273438 20.261999130249023438 19.808000564575195312 19.732000350952148438 19.549999237060546875 19.364999771118164062 19.22100067138671875 19.079999923706054688 18.9160003662109375 18.816999435424804688 18.58300018310546875 18.377000808715820312 18.266000747680664062 18.0279998779296875 18.004999160766601562 18.121999740600585938 18.282999038696289062 18.397998809814453125 18.43000030517578125 18.507999420166015625 18.683000564575195312 18.700000762939453125 18.80500030517578125 18.816999435424804688 18.906000137329101562 19.007999420166015625 19.22299957275390625 19.211999893188476562 19.163000106811523438 19.2350006103515625 19.315999984741210938 19.662000656127929688 20.031999588012695312 19.951999664306640625 19.966999053955078125
21.497999191284179688 21.190999984741210938 20.864999771118164062 20.504999160766601562 20.218000411987304688 19.955999374389648438 19.729000091552734375 19.54000091552734375 19.375 19.238000869750976562 19.045000076293945312 18.892999649047851562 18.800998687744140625 18.63700103759765625 18.382999420166015625 18.211000442504882812 17.965999603271484375 18.020999908447265625 18.218000411987304688 18.392999649047851562 18.642999649047851562 18.687000274658203125 18.715000152587890625 18.786998748779296875 18.7779998779296875 18.757999420166015625 18.879999160766601562 19.072000503540039062 19.212999343872070312 19.240999221801757812 19.256999969482421875 19.23799896240234375 18.93000030517578125 19.340000152587890625 19.844999313354492188 20.140001296997070312 20.11199951171875 20.079999923706054688
21.1790008544921875 20.928998947143554688 20.663000106811523438 20.378000259399414062 20.168001174926757812 19.9850006103515625 19.759000778198242188 19.534999847412109375 19.322999954223632812 19.24900054931640625 19.101999282836914062 18.94499969482421875 18.841999053955078125 18.631000518798828125 18.447000503540039062 18.29199981689453125 18.042999267578125 18.131999969482421875 18.341999053955078125 18.589000701904296875 18.756999969482421875 18.788999557495117188 18.754999160766601562 18.760000228881835938 18.770000457763671875 18.76599884033203125 18.990999221801757812 19.13899993896484375 19.329999923706054688 19.407999038696289062 19.381999969482421875 19.369998931884765625 19.618000030517578125 19.8600006103515625 20.069000244140625 20.252000808715820312 20.180999755859375 20.19300079345703125
20.968000411987304688 20.683000564575195312 20.579000473022460938 20.395999908447265625 20.197000503540039062 20.045999526977539062 19.782999038696289062 19.557001113891601562 19.36299896240234375 19.260000228881835938 19.203001022338867188 19.051000595092773438 18.84799957275390625 18.668001174926757812 18.4589996337890625 18.252000808715820312 18.180999755859375 18.245000839233398438 18.496000289916992188 18.69499969482421875 18.80500030517578125 18.743999481201171875 18.768999099731445312 18.775999069213867188 18.812000274658203125 18.837999343872070312 18.95800018310546875 19.086999893188476562 19.420999526977539062 19.493999481201171875 19.502000808715820312 19.542999267578125 19.789999008178710938 19.990999221801757812 20.082000732421875 20.433000564575195312 20.302000045776367188 20.292999267578125
20.892999649047851562 20.7089996337890625 20.565999984741210938 20.466999053955078125 20.317998886108398438 20.128000259399414062 19.812999725341796875 19.599000930786132812 19.414999008178710938 19.288999557495117188 19.261999130249023438 19.057001113891601562 18.928998947143554688 18.756000518798828125 18.600999832153320312 18.482999801635742188 18.442998886108398438 18.457000732421875 18.689001083374023438 18.829000473022460938 18.866998672485351562 18.785999298095703125 18.883998870849609375 18.871000289916992188 18.864999771118164062 19.017999649047851562 19.196001052856445312 19.38800048828125 19.531999588012695312 19.6100006103515625 19.642999649047851562 19.761999130249023438 19.86299896240234375 19.951999664306640625 20.093000411987304688 20.524000167846679688 20.607000350952148438 20.421998977661132812
20.878999710083007812 20.697000503540039062 20.5410003662109375 20.430999755859375 20.295999526977539062 20.131999969482421875 19.774000167846679688 19.634000778198242188 19.496999740600585938 19.337999343872070312 19.298999786376953125 19.048999786376953125 18.975000381469726562 18.913000106811523438 18.767999649047851562 18.683000564575195312 18.662000656127929688 18.6959991455078125 18.803998947143554688 18.896999359130859375 18.8489990234375 18.948999404907226562 18.907999038696289062 18.919000625610351562 19.010000228881835938 19.113000869750976562 19.05699920654296875 19.537000656127929688 19.659000396728515625 19.742000579833984375 19.739999771118164062 19.87599945068359375 20.033000946044921875 20.0839996337890625 20.25099945068359375 20.68000030517578125 20.851999282836914062 20.538999557495117188
20.991001129150390625 20.566999435424804688 20.572000503540039062 20.447000503540039062 20.300998687744140625 20.063999176025390625 19.773000717163085938 19.697999954223632812 19.564001083374023438 19.48600006103515625 19.343999862670898438 19.1510009765625 19.120000839233398438 19.020999908447265625 18.90200042724609375 18.728000640869140625 18.869998931884765625 18.921998977661132812 18.947999954223632812 18.850999832153320312 18.850999832153320312 18.9459991455078125 18.909000396728515625 19.009000778198242188 19.145999908447265625 19.118000030517578125 19.316999435424804688 19.5410003662109375 19.753000259399414062 19.868999481201171875 19.909000396728515625 19.94499969482421875 20.075000762939453125 20.231000900268554688 20.440999984741210938 20.909000396728515625 20.979999542236328125 20.631999969482421875
