inputs/cropped_bioclim_bird/wc2.1_5m_tmin_07_band1.asc
ncols        60
nrows        48
xllcorner    -10.000000000000
yllcorner    4.000000000000
cellsize     0.083333333333
[rows 17 to 33 of 48, columns 0 to 37 of 60]
20.135999679565429688 19.962999343872070312 19.857999801635742188 19.698999404907226562 19.592000961303710938 19.430999755859375 19.315000534057617188 19.270999908447265625 19.196001052856445312 19.072000503540039062 19.18199920654296875 19.246000289916992188 19.114000320434570312 19.131999969482421875 19.082000732421875 19.072999954223632812 19.270000457763671875 19.184999465942382812 18.921998977661132812 19.006999969482421875 19.01300048828125 18.993999481201171875 19.066999435424804688 19.177000045776367188 19.243000030517578125 19.229999542236328125 19.379999160766601562 19.511999130249023438 19.668001174926757812 19.784000396728515625 19.864999771118164062 19.850999832153320312 19.938999176025390625 20.004999160766601562 20.288999557495117188 20.700000762939453125 20.86100006103515625 20.50099945068359375
20.169000625610351562 20.047000885009765625 19.892999649047851562 19.684000015258789062 19.607999801635742188 19.509000778198242188 19.340000152587890625 19.232999801635742188 19.18199920654296875 19.232000350952148438 19.1529998779296875 19.156000137329101562 19.3600006103515625 19.400999069213867188 19.274999618530273438 19.33499908447265625 19.444000244140625 19.09799957275390625 19.02899932861328125 19.135999679565429688 19.051000595092773438 19.128999710083007812 19.232999801635742188 19.253999710083007812 19.406000137329101562 19.414999008178710938 19.579999923706054688 19.705999374389648438 19.718000411987304688 19.77899932861328125 19.968999862670898438 20.168001174926757812 20.322000503540039062 20.26200103759765625 20.34600067138671875 20.630001068115234375 20.840000152587890625 20.580999374389648438
20.086000442504882812 19.907999038696289062 19.933000564575195312 19.864000320434570312 19.649999618530273438 19.398000717163085938 19.284999847412109375 19.229999542236328125 19.145000457763671875 19.270000457763671875 19.143999099731445312 19.399000167846679688 19.47299957275390625 19.383998870849609375 19.274999618530273438 19.524000167846679688 19.469999313354492188 19.142999649047851562 19.1790008544921875 19.243000030517578125 19.252000808715820312 19.312999725341796875 19.38899993896484375 19.531000137329101562 19.648000717163085938 19.590000152587890625 19.658000946044921875 19.787000656127929688 19.840999603271484375 19.853000640869140625 19.983999252319335938 20.172000885009765625 20.483999252319335938 20.625 20.670999526977539062 20.957000732421875 20.753999710083007812 20.58300018310546875
19.982999801635742188 19.913999557495117188 19.97299957275390625 19.8769989013671875 19.670000076293945312 19.544000625610351562 19.405000686645507812 19.412000656127929688 19.305999755859375 19.4589996337890625 19.496999740600585938 19.576000213623046875 19.547000885009765625 19.641000747680664062 19.579999923706054688 19.687000274658203125 19.433000564575195312 19.217000961303710938 19.185001373291015625 19.177000045776367188 19.281000137329101562 19.435998916625976562 19.6100006103515625 19.771999359130859375 19.857999801635742188 19.878999710083007812 19.805999755859375 19.871000289916992188 19.95999908447265625 20.006000518798828125 20.135999679565429688 20.295999526977539062 20.496999740600585938 20.687000274658203125 20.803998947143554688 20.982000350952148438 20.738000869750976562 20.733999252319335938
20.051000595092773438 20.019001007080078125 19.996000289916992188 19.840000152587890625 19.796998977661132812 19.669000625610351562 19.55500030517578125 19.620000839233398438 19.658000946044921875 19.63899993896484375 19.732000350952148438 19.742000579833984375 19.65200042724609375 19.684999465942382812 19.840999603271484375 19.659000396728515625 19.397998809814453125 19.288000106811523438 19.379999160766601562 19.33499908447265625 19.3600006103515625 19.469999313354492188 19.631999969482421875 19.719999313354492188 19.923999786376953125 20.086000442504882812 20.038000106811523438 20.01399993896484375 20.051000595092773438 20.19499969482421875 20.450000762939453125 20.51300048828125 20.62599945068359375 20.694000244140625 20.802999496459960938 20.952999114990234375 20.940000534057617188 20.831998825073242188
20.059000015258789062 20.062000274658203125 19.964000701904296875 19.966999053955078125 19.9459991455078125 19.854999542236328125 19.812999725341796875 19.729999542236328125 19.648000717163085938 19.677999496459960938 19.819000244140625 19.80699920654296875 19.675001144409179688 19.885999679565429688 19.728000640869140625 19.520999908447265625 19.464000701904296875 19.393999099731445312 19.480998992919921875 19.4739990234375 19.51399993896484375 19.599000930786132812 19.732000350952148438 19.815999984741210938 20.00099945068359375 20.142000198364257812 20.186000823974609375 20.144001007080078125 20.13899993896484375 20.3209991455078125 20.618999481201171875 20.796998977661132812 20.814998626708984375 20.760000228881835938 20.83499908447265625 20.875 20.947999954223632812 21.048999786376953125
20.295000076293945312 20.065000534057617188 20.1529998779296875 20.159999847412109375 20.09600067138671875 19.910999298095703125 19.794000625610351562 19.771999359130859375 19.593999862670898438 19.670999526977539062 19.7910003662109375 19.809000015258789062 19.885000228881835938 20.010000228881835938 19.841999053955078125 19.677999496459960938 19.663999557495117188 19.533000946044921875 19.495000839233398438 19.600999832153320312 19.6790008544921875 19.73400115966796875 19.86199951171875 19.865999221801757812 19.924999237060546875 20.038999557495117188 20.2239990234375 20.364999771118164062 20.407999038696289062 20.6100006103515625 20.80699920654296875 20.968999862670898438 20.966999053955078125 20.955999374389648438 20.9720001220703125 20.993000030517578125 20.975999832153320312 21.072000503540039062
20.322000503540039062 20.18000030517578125 20.213001251220703125 20.172000885009765625 20.13899993896484375 20.024000167846679688 19.993999481201171875 19.859998703002929688 19.799999237060546875 19.781999588012695312 19.955999374389648438 19.86299896240234375 20.010000228881835938 20.01300048828125 19.816999435424804688 19.84799957275390625 19.822000503540039062 19.704999923706054688 19.545999526977539062 19.531000137329101562 19.732000350952148438 19.829999923706054688 19.926000595092773438 19.95800018310546875 20.047000885009765625 20.148000717163085938 20.382999420166015625 20.451000213623046875 20.635000228881835938 20.865999221801757812 20.935998916625976562 21.010999679565429688 21.003000259399414062 21.121000289916992188 21.13800048828125 21.06800079345703125 21.019001007080078125 21.071001052856445312
20.224000930786132812 20.187000274658203125 20.257999420166015625 20.203001022338867188 20.154001235961914062 20.061000823974609375 19.98699951171875 19.933000564575195312 19.993000030517578125 19.9290008544921875 20.038999557495117188 20.107000350952148438 20.148000717163085938 20.1660003662109375 19.94300079345703125 19.914999008178710938 19.805999755859375 19.75 19.715000152587890625 19.586999893188476562 19.656999588012695312 19.701000213623046875 19.893999099731445312 20.079999923706054688 20.211000442504882812 20.3079986572265625 20.368000030517578125 20.482999801635742188 20.726999282836914062 21.055999755859375 21.186000823974609375 21.093999862670898438 21.156999588012695312 21.279998779296875 21.159000396728515625 21.08300018310546875 21.163999557495117188 21.200000762939453125
20.269117355346679688 20.116001129150390625 20.156000137329101562 20.225000381469726562 20.142999649047851562 20.031000137329101562 20.024000167846679688 19.854999542236328125 19.979000091552734375 20.119001388549804688 20.196001052856445312 20.211000442504882812 20.23699951171875 20.142000198364257812 20.023000717163085938 19.947000503540039062 19.83499908447265625 19.885000228881835938 19.70999908447265625 19.724000930786132812 19.743000030517578125 19.805999755859375 19.906999588012695312 20.224000930786132812 20.302000045776367188 20.30500030517578125 20.379999160766601562 20.549999237060546875 20.701000213623046875 20.983999252319335938 21.285999298095703125 21.327999114990234375 21.303998947143554688 21.2779998779296875 21.199001312255859375 21.162000656127929688 21.189001083374023438 21.232999801635742188
20.100000381469726562 20.207406997680664062 20.24900054931640625 20.224000930786132812 20.125 20.069000244140625 20.119001388549804688 20.017999649047851562 20.1510009765625 20.128000259399414062 20.295999526977539062 20.281999588012695312 20.215999603271484375 20.161001205444335938 20.049999237060546875 20.006000518798828125 20.020000457763671875 19.938999176025390625 19.8209991455078125 19.871000289916992188 19.654001235961914062 19.645999908447265625 19.878000259399414062 20.120000839233398438 20.211999893188476562 20.397998809814453125 20.519001007080078125 20.625 20.8339996337890625 21.003999710083007812 21.288999557495117188 21.395999908447265625 21.2910003662109375 21.279998779296875 21.260000228881835938 21.279998779296875 21.310998916625976562 21.298000335693359375
-3.3999999521443642491e+38 -3.3999999521443642491e+38 20.287271499633789062 20.324998855590820312 20.117000579833984375 20.170000076293945312 20.253000259399414062 20.282999038696289062 20.39099884033203125 20.343999862670898438 20.414999008178710938 20.4029998779296875 20.345998764038085938 20.22100067138671875 20.128999710083007812 20.1230010986328125 20.16400146484375 20.045000076293945312 19.89099884033203125 19.8209991455078125 19.66699981689453125 19.38800048828125 19.869998931884765625 19.948999404907226562 20.1100006103515625 20.225000381469726562 20.385000228881835938 20.590000152587890625 20.851999282836914062 21.055999755859375 21.25 21.413999557495117188 21.272998809814453125 21.267999649047851562 21.322999954223632812 21.413000106811523438 21.423999786376953125 21.26300048828125
-3.3999999521443642491e+38 -3.3999999521443642491e+38 -3.3999999521443642491e+38 20.382352828979492188 20.276842117309570312 20.378000259399414062 20.466999053955078125 20.424999237060546875 20.323999404907226562 20.423999786376953125 20.47299957275390625 20.368999481201171875 20.36100006103515625 20.3470001220703125 20.239999771118164062 20.2220001220703125 20.147001266479492188 19.995000839233398438 19.8079986572265625 19.7220001220703125 19.552000045776367188 19.5410003662109375 19.66500091552734375 19.83300018310546875 19.957000732421875 20.130001068115234375 20.358999252319335938 20.590000152587890625 20.8600006103515625 21.076999664306640625 21.197999954223632812 21.364999771118164062 21.36100006103515625 21.271999359130859375 21.382999420166015625 21.476999282836914062 21.338998794555664062 21.252000808715820312
-3.3999999521443642491e+38 -3.3999999521443642491e+38 -3.3999999521443642491e+38 -3.3999999521443642491e+38 20.424999237060546875 20.514432907104492188 20.454999923706054688 20.3209991455078125 20.29399871826171875 20.427999496459960938 20.423999786376953125 20.407999038696289062 20.417999267578125 20.355998992919921875 20.23699951171875 20.121000289916992188 20.080999374389648438 20.047000885009765625 19.770999908447265625 19.677000045776367188 19.593000411987304688 19.520999908447265625 19.552000045776367188 19.593999862670898438 19.729000091552734375 20.010999679565429688 20.229999542236328125 20.548999786376953125 20.885000228881835938 21.120000839233398438 21.2649993896484375 21.340999603271484375 21.426000595092773438 21.417999267578125 21.3899993896484375 21.327999114990234375 21.217000961303710938 21.161001205444335938
-3.3999999521443642491e+38 -3.3999999521443642491e+38 -3.3999999521443642491e+38 -3.3999999521443642491e+38 -3.3999999521443642491e+38 20.509090423583984375 20.419355392456054688 20.438999176025390625 20.47100067138671875 20.479000091552734375 20.385000228881835938 20.328998565673828125 20.31999969482421875 20.224000930786132812 20.189001083374023438 20.13700103759765625 20.128999710083007812 20.003000259399414062 19.642000198364257812 19.66500091552734375 19.715999603271484375 19.703001022338867188 19.511999130249023438 19.566999435424804688 19.703001022338867188 19.864999771118164062 20.190000534057617188 20.482999801635742188 20.761999130249023438 21.020999908447265625 21.229999542236328125 21.371999740600585938 21.399999618530273438 21.38899993896484375 21.302999496459960938 21.159000396728515625 21.100999832153320312 21.22100067138671875
-3.3999999521443642491e+38 -3.3999999521443642491e+38 -3.3999999521443642491e+38 -3.3999999521443642491e+38 -3.3999999521443642491e+38 -3.3999999521443642491e+38 20.475000381469726562 20.469072341918945312 20.534000396728515625 20.47299957275390625 20.419000625610351562 20.351999282836914062 20.368000030517578125 20.326000213623046875 20.229000091552734375 20.042999267578125 19.989999771118164062 19.909000396728515625 19.809000015258789062 19.9459991455078125 19.923000335693359375 19.76300048828125 19.5410003662109375 19.5279998779296875 19.746000289916992188 19.867000579833984375 20.228000640869140625 20.437999725341796875 20.648000717163085938 20.93000030517578125 21.19300079345703125 21.191999435424804688 21.184000015258789062 21.1959991455078125 21.13899993896484375 21.045000076293945312 21.187000274658203125 21.45999908447265625
-3.3999999521443642491e+38 -3.3999999521443642491e+38 -3.3999999521443642491e+38 -3.3999999521443642491e+38 -3.3999999521443642491e+38 -3.3999999521443642491e+38 -3.3999999521443642491e+38 20.639131546020507812 20.638095855712890625 20.519001007080078125 20.4720001220703125 20.407999038696289062 20.413000106811523438 20.233999252319335938 20.089000701904296875 19.992000579833984375 19.934000015258789062 19.975999832153320312 19.975999832153320312 20.020999908447265625 19.975999832153320312 19.580999374389648438 19.538999557495117188 19.603000640869140625 19.599000930786132812 19.812000274658203125 20.058000564575195312 20.427000045776367188 20.785999298095703125 20.819000244140625 21.114000320434570312 21.062999725341796875 21.030000686645507812 20.877000808715820312 21.038000106811523438 21.114000320434570312 21.3470001220703125 21.578001022338867188
