inputs/cropped_bioclim_bird/wc2.1_5m_tmin_03_band1.asc
ncols        60
nrows        48
xllcorner    -10.000000000000
yllcorner    4.000000000000
cellsize     0.083333333333
[rows 17 to 33 of 48, columns 0 to 37 of 60]
19.858999252319335938 19.603000640869140625 19.451000213623046875 19.292999267578125 19.18000030517578125 18.97100067138671875 18.879999160766601562 18.77700042724609375 18.72299957275390625 18.628999710083007812 18.72100067138671875 18.829999923706054688 18.8209991455078125 18.90399932861328125 18.98600006103515625 19.057001113891601562 19.359998703002929688 19.395000457763671875 19.2649993896484375 19.33300018310546875 19.357999801635742188 19.435998916625976562 19.565999984741210938 19.684000015258789062 19.864999771118164062 19.911998748779296875 20.055999755859375 20.189001083374023438 20.366998672485351562 20.533000946044921875 20.66699981689453125 20.6790008544921875 20.783000946044921875 20.885999679565429688 21.15399932861328125 21.642999649047851562 21.823999404907226562 21.351999282836914062
20.066999435424804688 19.827999114990234375 19.618000030517578125 19.409000396728515625 19.371999740600585938 19.207000732421875 18.966999053955078125 18.8339996337890625 18.743999481201171875 18.784000396728515625 18.732000350952148438 18.832000732421875 19.034999847412109375 19.120000839233398438 19.103000640869140625 19.3470001220703125 19.548999786376953125 19.424999237060546875 19.409999847412109375 19.5279998779296875 19.4720001220703125 19.631000518798828125 19.743000030517578125 19.829999923706054688 20.042999267578125 20.155000686645507812 20.2760009765625 20.368999481201171875 20.426000595092773438 20.569000244140625 20.780000686645507812 21.048999786376953125 21.30500030517578125 21.16500091552734375 21.218000411987304688 21.590000152587890625 21.801000595092773438 21.364999771118164062
20.11100006103515625 19.896999359130859375 19.796998977661132812 19.644001007080078125 19.409000396728515625 19.2089996337890625 19.02899932861328125 18.90200042724609375 18.739000320434570312 18.858999252319335938 18.827999114990234375 19.12599945068359375 19.19300079345703125 19.219999313354492188 19.200000762939453125 19.562999725341796875 19.600000381469726562 19.413000106811523438 19.468000411987304688 19.6510009765625 19.687999725341796875 19.808000564575195312 19.920000076293945312 20.093999862670898438 20.281999588012695312 20.3489990234375 20.427000045776367188 20.510000228881835938 20.564001083374023438 20.627000808715820312 20.754999160766601562 20.9720001220703125 21.353000640869140625 21.604000091552734375 21.628000259399414062 21.88800048828125 21.636999130249023438 21.340999603271484375
20.107000350952148438 19.981000900268554688 19.938999176025390625 19.729000091552734375 19.497999191284179688 19.371999740600585938 19.229999542236328125 19.15200042724609375 18.990999221801757812 19.1399993896484375 19.243999481201171875 19.381999969482421875 19.427000045776367188 19.558000564575195312 19.572999954223632812 19.774999618530273438 19.59799957275390625 19.464000701904296875 19.517999649047851562 19.628000259399414062 19.808000564575195312 20.017999649047851562 20.190999984741210938 20.351999282836914062 20.469999313354492188 20.552000045776367188 20.579000473022460938 20.614000320434570312 20.690999984741210938 20.732000350952148438 20.8470001220703125 21.044000625610351562 21.197000503540039062 21.525999069213867188 21.843999862670898438 21.898000717163085938 21.533000946044921875 21.450000762939453125
20.26399993896484375 20.15200042724609375 20.034000396728515625 19.782999038696289062 19.644001007080078125 19.547000885009765625 19.398000717163085938 19.4290008544921875 19.399999618530273438 19.421998977661132812 19.506999969482421875 19.576999664306640625 19.586000442504882812 19.739000320434570312 19.95999908447265625 19.826000213623046875 19.59799957275390625 19.578001022338867188 19.724000930786132812 19.77899932861328125 19.90399932861328125 20.030000686645507812 20.19300079345703125 20.309000015258789062 20.496999740600585938 20.710000991821289062 20.756999969482421875 20.728000640869140625 20.784999847412109375 20.914999008178710938 21.144001007080078125 21.2779998779296875 21.298000335693359375 21.420000076293945312 21.576999664306640625 21.667999267578125 21.6230010986328125 21.537000656127929688
20.378000259399414062 20.279998779296875 20.09799957275390625 19.927000045776367188 19.843000411987304688 19.76399993896484375 19.701999664306640625 19.595001220703125 19.507999420166015625 19.538000106811523438 19.661001205444335938 19.707000732421875 19.69499969482421875 19.948999404907226562 19.871000289916992188 19.6959991455078125 19.719999313354492188 19.76300048828125 19.8600006103515625 19.941999435424804688 20.071001052856445312 20.159000396728515625 20.299999237060546875 20.413999557495117188 20.631000518798828125 20.83499908447265625 20.944000244140625 20.883998870849609375 20.909999847412109375 21.11100006103515625 21.34600067138671875 21.488000869750976562 21.440999984741210938 21.426000595092773438 21.502000808715820312 21.530000686645507812 21.627000808715820312 21.715999603271484375
20.602001190185546875 20.341999053955078125 20.247999191284179688 20.177000045776367188 20.071001052856445312 19.815999984741210938 19.70600128173828125 19.705999374389648438 19.530000686645507812 19.656000137329101562 19.77700042724609375 19.87599945068359375 19.905000686645507812 20.062000274658203125 19.947000503540039062 19.837999343872070312 19.896999359130859375 19.831998825073242188 19.885000228881835938 20.072999954223632812 20.225000381469726562 20.322999954223632812 20.490999221801757812 20.565999984741210938 20.66500091552734375 20.899999618530273438 21.135999679565429688 21.135999679565429688 21.2239990234375 21.40200042724609375 21.5279998779296875 21.66699981689453125 21.603000640869140625 21.647001266479492188 21.663999557495117188 21.70800018310546875 21.682001113891601562 21.743999481201171875
20.655000686645507812 20.475999832153320312 20.383998870849609375 20.25099945068359375 20.169000625610351562 20.01300048828125 19.937999725341796875 19.805999755859375 19.77700042724609375 19.789999008178710938 20.006999969482421875 19.923000335693359375 20.072999954223632812 20.023000717163085938 19.868000030517578125 19.989000320434570312 20.038999557495117188 20.007999420166015625 19.9589996337890625 19.993999481201171875 20.289999008178710938 20.440999984741210938 20.600000381469726562 20.70600128173828125 20.784999847412109375 20.979999542236328125 21.274000167846679688 21.3899993896484375 21.524999618530273438 21.616001129150390625 21.704999923706054688 21.76399993896484375 21.687000274658203125 21.819000244140625 21.83300018310546875 21.77899932861328125 21.785999298095703125 21.774000167846679688
20.673999786376953125 20.588001251220703125 20.454999923706054688 20.295000076293945312 20.256000518798828125 20.156999588012695312 20.0149993896484375 19.942998886108398438 20.010000228881835938 19.923999786376953125 20.064001083374023438 20.159000396728515625 20.201999664306640625 20.205999374389648438 20.034000396728515625 20.088001251220703125 20.057001113891601562 20.006000518798828125 20.066999435424804688 20.051000595092773438 20.233999252319335938 20.33499908447265625 20.576999664306640625 20.8079986572265625 20.947000503540039062 21.0970001220703125 21.243000030517578125 21.447000503540039062 21.621999740600585938 21.816999435424804688 21.920999526977539062 21.838998794555664062 21.829999923706054688 21.930999755859375 21.858999252319335938 21.812999725341796875 21.9720001220703125 21.954000473022460938
20.735294342041015625 20.600999832153320312 20.47299957275390625 20.36100006103515625 20.271999359130859375 20.190000534057617188 20.162000656127929688 19.98699951171875 20.072999954223632812 20.163000106811523438 20.232999801635742188 20.299999237060546875 20.319000244140625 20.26599884033203125 20.189001083374023438 20.159999847412109375 20.106000900268554688 20.184999465942382812 20.107000350952148438 20.225000381469726562 20.340999603271484375 20.495000839233398438 20.673999786376953125 20.900999069213867188 21.052000045776367188 21.185001373291015625 21.2779998779296875 21.457000732421875 21.58300018310546875 21.767000198364257812 21.98600006103515625 21.98699951171875 22.006999969482421875 22.016000747680664062 21.895999908447265625 21.9029998779296875 22.020000457763671875 22.079000473022460938
20.600000381469726562 20.661111831665039062 20.613000869750976562 20.423999786376953125 20.312999725341796875 20.270999908447265625 20.305999755859375 20.182001113891601562 20.257999420166015625 20.18000030517578125 20.329999923706054688 20.343999862670898438 20.299999237060546875 20.302999496459960938 20.288000106811523438 20.300998687744140625 20.323999404907226562 20.267000198364257812 20.309999465942382812 20.427999496459960938 20.33499908447265625 20.36199951171875 20.635000228881835938 20.885999679565429688 21.06999969482421875 21.288000106811523438 21.450000762939453125 21.63899993896484375 21.76399993896484375 21.815999984741210938 22.049999237060546875 22.135999679565429688 22.08300018310546875 22.065000534057617188 21.993999481201171875 22.061000823974609375 22.156999588012695312 22.120000839233398438
-3.3999999521443642491e+38 -3.3999999521443642491e+38 20.629091262817382812 20.538999557495117188 20.38800048828125 20.381000518798828125 20.399000167846679688 20.37599945068359375 20.428998947143554688 20.352998733520507812 20.419000625610351562 20.461999893188476562 20.404998779296875 20.340999603271484375 20.345998764038085938 20.41699981689453125 20.435998916625976562 20.368999481201171875 20.371000289916992188 20.437999725341796875 20.410999298095703125 20.204999923706054688 20.72299957275390625 20.829000473022460938 21.044000625610351562 21.197999954223632812 21.372999191284179688 21.600999832153320312 21.857999801635742188 21.979000091552734375 22.113000869750976562 22.29199981689453125 22.159000396728515625 22.082000732421875 22.12400054931640625 22.20800018310546875 22.25099945068359375 22.135000228881835938
-3.3999999521443642491e+38 -3.3999999521443642491e+38 -3.3999999521443642491e+38 20.638235092163085938 20.552631378173828125 20.524999618530273438 20.503000259399414062 20.434000015258789062 20.357000350952148438 20.414999008178710938 20.465999603271484375 20.423000335693359375 20.437999725341796875 20.440000534057617188 20.44499969482421875 20.495000839233398438 20.48699951171875 20.420000076293945312 20.413000106811523438 20.433000564575195312 20.409999847412109375 20.492000579833984375 20.630001068115234375 20.760999679565429688 20.947000503540039062 21.125 21.381000518798828125 21.59600067138671875 21.867000579833984375 22.11199951171875 22.156999588012695312 22.281000137329101562 22.23600006103515625 22.163000106811523438 22.271999359130859375 22.309999465942382812 22.194000244140625 22.13899993896484375
-3.3999999521443642491e+38 -3.3999999521443642491e+38 -3.3999999521443642491e+38 -3.3999999521443642491e+38 20.766666412353515625 20.768041610717773438 20.573999404907226562 20.427999496459960938 20.3899993896484375 20.48699951171875 20.465000152587890625 20.454999923706054688 20.47299957275390625 20.438999176025390625 20.442998886108398438 20.444000244140625 20.479000091552734375 20.590000152587890625 20.434000015258789062 20.475999832153320312 20.517999649047851562 20.557001113891601562 20.630001068115234375 20.6790008544921875 20.799999237060546875 21.104999542236328125 21.341999053955078125 21.628000259399414062 21.966999053955078125 22.2350006103515625 22.270999908447265625 22.267000198364257812 22.286998748779296875 22.300998687744140625 22.350999832153320312 22.256000518798828125 22.126001358032226562 22.076000213623046875
-3.3999999521443642491e+38 -3.3999999521443642491e+38 -3.3999999521443642491e+38 -3.3999999521443642491e+38 -3.3999999521443642491e+38 20.718181610107421875 20.62042999267578125 20.544000625610351562 20.520000457763671875 20.465000152587890625 20.396999359130859375 20.379999160766601562 20.3489990234375 20.343999862670898438 20.437000274658203125 20.517999649047851562 20.586999893188476562 20.61100006103515625 20.396999359130859375 20.523000717163085938 20.673999786376953125 20.754999160766601562 20.705999374389648438 20.7779998779296875 20.857999801635742188 21.033000946044921875 21.369998931884765625 21.648000717163085938 21.928998947143554688 22.218999862670898438 22.331998825073242188 22.40399932861328125 22.366998672485351562 22.336999893188476562 22.253999710083007812 22.103000640869140625 22.048000335693359375 22.135000228881835938
-3.3999999521443642491e+38 -3.3999999521443642491e+38 -3.3999999521443642491e+38 -3.3999999521443642491e+38 -3.3999999521443642491e+38 -3.3999999521443642491e+38 20.603124618530273438 20.616495132446289062 20.600999832153320312 20.496999740600585938 20.38899993896484375 20.354999542236328125 20.413000106811523438 20.497999191284179688 20.517999649047851562 20.524999618530273438 20.595001220703125 20.627000808715820312 20.687999725341796875 20.908000946044921875 20.996999740600585938 20.948999404907226562 20.753000259399414062 20.79399871826171875 20.919000625610351562 21.114999771118164062 21.495000839233398438 21.704999923706054688 21.934000015258789062 22.211999893188476562 22.43199920654296875 22.4160003662109375 22.313999176025390625 22.274999618530273438 22.145000457763671875 22.031000137329101562 22.135999679565429688 22.379999160766601562
-3.3999999521443642491e+38 -3.3999999521443642491e+38 -3.3999999521443642491e+38 -3.3999999521443642491e+38 -3.3999999521443642491e+38 -3.3999999521443642491e+38 -3.3999999521443642491e+38 20.739130020141601562 20.6880950927734375 20.576999664306640625 20.440000534057617188 20.4160003662109375 20.5 20.507999420166015625 20.535999298095703125 20.545000076293945312 20.586000442504882812 20.767000198364257812 20.871000289916992188 21.05500030517578125 21.12400054931640625 20.8899993896484375 20.864000320434570312 20.938999176025390625 20.909999847412109375 21.169000625610351562 21.448999404907226562 21.812999725341796875 22.19300079345703125 22.245000839233398438 22.47100067138671875 22.37599945068359375 22.239000320434570312 21.996999740600585938 22.104999542236328125 22.142000198364257812 22.351999282836914062 22.510999679565429688
