inputs/cropped_bioclim_bird/wc2.1_5m_tmin_01_band1.asc
ncols        60
nrows        48
xllcorner    -10.000000000000
yllcorner    4.000000000000
cellsize     0.083333333333
[rows 0 to 16 of 48, columns 0 to 37 of 60]
15.201000213623046875 15.164999961853027344 15.01300048828125 14.616000175476074219 14.220999717712402344 14.118000030517578125 13.755000114440917969 13.548000335693359375 13.482000350952148438 13.420999526977539062 13.262000083923339844 13.267000198364257812 13.246000289916992188 13.192999839782714844 13.154000282287597656 13.119999885559082031 12.984999656677246094 12.901999473571777344 12.928999900817871094 13.0410003662109375 13.185000419616699219 13.321999549865722656 13.453999519348144531 13.659999847412109375 13.857999801635742188 14.116000175476074219 14.053000450134277344 14.184000015258789062 14.501999855041503906 14.760000228881835938 15.187000274658203125 15.586999893188476562 15.876000404357910156 16.5540008544921875 16.68000030517578125 16.809000015258789062 16.8339996337890625 16.961000442504882812
15.949000358581542969 15.701000213623046875 15.23600006103515625 15.072999954223632812 14.951000213623046875 14.645999908447265625 14.0839996337890625 13.980999946594238281 13.866000175476074219 13.685999870300292969 13.579999923706054688 13.505000114440917969 13.444000244140625 13.329000473022460938 13.213999748229980469 13.145000457763671875 13.192999839782714844 13.15200042724609375 13.055999755859375 13.237000465393066406 13.479999542236328125 13.534999847412109375 13.548000335693359375 13.633999824523925781 13.840000152587890625 13.984000205993652344 14.18000030517578125 14.286000251770019531 14.482000350952148438 14.751000404357910156 15.001999855041503906 15.213000297546386719 16.142000198364257812 16.7220001220703125 16.813999176025390625 16.795999526977539062 16.878999710083007812 17.055999755859375
16.5 15.967000007629394531 15.607000350952148438 15.543000221252441406 15.531999588012695312 15.093999862670898438 14.41699981689453125 14.343000411987304688 14.265999794006347656 14.135999679565429688 13.9589996337890625 13.770999908447265625 13.517000198364257812 13.473999977111816406 13.380000114440917969 13.338000297546386719 13.4589996337890625 13.432999610900878906 13.23600006103515625 13.534999847412109375 13.746999740600585938 13.776000022888183594 13.70800018310546875 13.63800048828125 13.871999740600585938 13.994999885559082031 14.258000373840332031 14.348999977111816406 14.465000152587890625 14.296000480651855469 14.406999588012695312 14.925999641418457031 15.420000076293945312 16.454999923706054688 16.759000778198242188 16.878999710083007812 16.923000335693359375 17.128000259399414062
16.789999008178710938 16.371999740600585938 16.364000320434570312 16.281999588012695312 16.118000030517578125 15.678999900817871094 15.298000335693359375 14.968000411987304688 14.706999778747558594 14.553999900817871094 14.232999801635742188 13.901000022888183594 13.725999832153320312 13.604000091552734375 13.586000442504882812 13.673999786376953125 13.701999664306640625 13.560000419616699219 13.446000099182128906 13.354999542236328125 14.060999870300292969 14.112000465393066406 13.807999610900878906 13.746999740600585938 13.802999496459960938 13.906000137329101562 14.343999862670898438 14.418999671936035156 14.270999908447265625 14.105000495910644531 14.104999542236328125 14.748000144958496094 15.7089996337890625 16.496999740600585938 16.781999588012695312 16.969999313354492188 17.016000747680664062 17.27899932861328125
16.983999252319335938 17.023000717163085938 17.044000625610351562 16.872999191284179688 16.68199920654296875 16.336999893188476562 15.812999725341796875 15.331999778747558594 14.935000419616699219 14.821999549865722656 14.506999969482421875 14.440999984741210938 14.29199981689453125 13.987999916076660156 13.949000358581542969 13.993000030517578125 13.81999969482421875 13.621000289916992188 13.201000213623046875 13.053000450134277344 14.461000442504882812 14.543999671936035156 13.9720001220703125 13.819000244140625 13.440999984741210938 13.968000411987304688 14.559000015258789062 14.364000320434570312 14.144000053405761719 14.314000129699707031 14.59799957275390625 15.413000106811523438 16.148000717163085938 16.422000885009765625 16.725000381469726562 17.072000503540039062 17.1230010986328125 17.259000778198242188
17.457000732421875 17.816999435424804688 17.770999908447265625 17.535999298095703125 17.200000762939453125 16.707000732421875 16.229999542236328125 15.640999794006347656 15.2089996337890625 15.038000106811523438 14.842000007629394531 14.996999740600585938 14.852999687194824219 14.675000190734863281 14.335000038146972656 14.326000213623046875 14.006999969482421875 13.602000236511230469 14.119000434875488281 14.595000267028808594 14.758000373840332031 14.718999862670898438 14.237000465393066406 13.748999595642089844 13.656999588012695312 13.715000152587890625 14.88899993896484375 14.673999786376953125 14.329999923706054688 14.215999603271484375 15.050999641418457031 15.802000045776367188 16.280000686645507812 16.414999008178710938 16.707000732421875 17.093000411987304688 17.187000274658203125 17.337999343872070312
18.555999755859375 18.555999755859375 18.243999481201171875 17.975999832153320312 17.518999099731445312 16.98699951171875 16.577999114990234375 16.003999710083007812 15.564000129699707031 15.156000137329101562 15.288000106811523438 15.293000221252441406 15.234999656677246094 15.019000053405761719 14.663000106811523438 14.539000511169433594 14.305999755859375 14.267000198364257812 14.770999908447265625 14.786999702453613281 14.904999732971191406 15.055999755859375 14.796999931335449219 14.267000198364257812 13.776000022888183594 14.520000457763671875 15.286999702453613281 15.161000251770019531 14.670000076293945312 15.147000312805175781 15.685000419616699219 16.045000076293945312 16.302000045776367188 16.5279998779296875 16.923000335693359375 17.239000320434570312 17.295000076293945312 17.420000076293945312
19.201000213623046875 18.924999237060546875 18.593000411987304688 18.253999710083007812 17.747999191284179688 17.271999359130859375 16.822000503540039062 16.225999832153320312 15.734000205993652344 15.501000404357910156 15.687000274658203125 15.494999885559082031 15.456999778747558594 15.184000015258789062 14.7910003662109375 14.63800048828125 14.598000526428222656 14.637000083923339844 14.887000083923339844 14.991000175476074219 15.039999961853027344 15.234000205993652344 15.307000160217285156 15.175999641418457031 15.114999771118164062 15.326000213623046875 15.503999710083007812 15.385000228881835938 15.581000328063964844 15.661000251770019531 15.723999977111816406 16.038999557495117188 16.377000808715820312 16.683000564575195312 17.146999359130859375 17.52700042724609375 17.604000091552734375 17.599000930786132812
19.372999191284179688 19.104000091552734375 18.819000244140625 18.434000015258789062 18.003999710083007812 17.523000717163085938 16.799999237060546875 16.298000335693359375 16.059000015258789062 16.010000228881835938 15.848999977111816406 15.744000434875488281 15.604000091552734375 15.546000480651855469 15.23600006103515625 14.840999603271484375 14.8470001220703125 14.897999763488769531 15.126000404357910156 15.229000091552734375 15.295000076293945312 15.362999916076660156 15.484999656677246094 15.590000152587890625 15.59799957275390625 15.6660003662109375 15.546000480651855469 15.605000495910644531 15.664000511169433594 15.821000099182128906 16.031999588012695312 16.256000518798828125 16.475000381469726562 17.034000396728515625 17.312000274658203125 17.690999984741210938 17.845998764038085938 17.809999465942382812
19.447999954223632812 19.18199920654296875 18.923999786376953125 18.607000350952148438 18.13800048828125 17.378999710083007812 16.8470001220703125 16.58499908447265625 16.482999801635742188 16.230998992919921875 16.06999969482421875 15.857999801635742188 15.751999855041503906 15.574999809265136719 15.425000190734863281 15.265999794006347656 15.220999717712402344 15.335999488830566406 15.307999610900878906 15.456000328063964844 15.51399993896484375 15.515999794006347656 15.564000129699707031 15.671000480651855469 15.7089996337890625 15.805999755859375 15.864000320434570312 15.980999946594238281 16.031999588012695312 16.191999435424804688 16.476999282836914062 16.534000396728515625 16.766000747680664062 17.132999420166015625 17.3899993896484375 17.809000015258789062 17.924999237060546875 17.909000396728515625
19.437000274658203125 19.141000747680664062 18.81999969482421875 18.523000717163085938 18.0279998779296875 17.482000350952148438 17.25 17.020999908447265625 16.701999664306640625 16.465000152587890625 16.315999984741210938 16.131000518798828125 16.031000137329101562 15.992000579833984375 15.94499969482421875 15.868000030517578125 15.616000175476074219 15.557000160217285156 15.659000396728515625 15.831000328063964844 15.890000343322753906 15.954999923706054688 15.994000434875488281 16.072999954223632812 16.113000869750976562 16.13700103759765625 16.173999786376953125 16.298000335693359375 16.444000244140625 16.660999298095703125 16.746999740600585938 16.83499908447265625 17.05699920654296875 17.351999282836914062 17.525999069213867188 18.010999679565429688 18.095001220703125 18.10900115966796875
19.386999130249023438 19.149999618530273438 18.840000152587890625 18.452999114990234375 18.128999710083007812 17.80699920654296875 17.51300048828125 17.23699951171875 16.979000091552734375 16.7910003662109375 16.593000411987304688 16.4029998779296875 16.350000381469726562 16.295999526977539062 16.170999526977539062 16.0279998779296875 15.838999748229980469 15.824999809265136719 15.984000205993652344 16.135000228881835938 16.268999099731445312 16.292999267578125 16.252000808715820312 16.270999908447265625 16.314998626708984375 16.32199859619140625 16.426000595092773438 16.631000518798828125 16.812999725341796875 16.913000106811523438 16.93199920654296875 17.044000625610351562 17.080999374389648438 17.553998947143554688 17.77700042724609375 18.197000503540039062 18.281000137329101562 18.22299957275390625
19.3489990234375 19.034999847412109375 18.770000457763671875 18.438999176025390625 18.175001144409179688 18.01399993896484375 17.795999526977539062 17.49900054931640625 17.226999282836914062 17.104000091552734375 16.926000595092773438 16.767999649047851562 16.69499969482421875 16.534000396728515625 16.420999526977539062 16.27899932861328125 16.073999404907226562 16.0970001220703125 16.312000274658203125 16.461000442504882812 16.503000259399414062 16.503000259399414062 16.47299957275390625 16.493000030517578125 16.510999679565429688 16.523000717163085938 16.739000320434570312 16.885000228881835938 17.04199981689453125 17.100999832153320312 17.173999786376953125 17.281999588012695312 17.65200042724609375 17.948999404907226562 18.0410003662109375 18.379999160766601562 18.468999862670898438 18.404998779296875
19.200000762939453125 18.920999526977539062 18.822000503540039062 18.614999771118164062 18.36199951171875 18.226999282836914062 17.969999313354492188 17.704000473022460938 17.4850006103515625 17.336999893188476562 17.256000518798828125 17.118000030517578125 16.966999053955078125 16.796998977661132812 16.655000686645507812 16.483999252319335938 16.43199920654296875 16.492000579833984375 16.6100006103515625 16.687000274658203125 16.729000091552734375 16.66699981689453125 16.707000732421875 16.704999923706054688 16.691999435424804688 16.72100067138671875 16.951000213623046875 17.11199951171875 17.323999404907226562 17.368999481201171875 17.452999114990234375 17.551000595092773438 17.704999923706054688 17.99900054931640625 18.218000411987304688 18.608999252319335938 18.56800079345703125 18.586000442504882812
19.220001220703125 19.030000686645507812 18.8899993896484375 18.76300048828125 18.614999771118164062 18.440000534057617188 18.121000289916992188 17.920999526977539062 17.752000808715820312 17.621000289916992188 17.517999649047851562 17.33300018310546875 17.184000015258789062 17.023000717163085938 16.899000167846679688 16.812000274658203125 16.79199981689453125 16.81999969482421875 16.926000595092773438 16.948999404907226562 16.965000152587890625 16.9589996337890625 16.9720001220703125 16.881999969482421875 16.917999267578125 17.086000442504882812 17.295000076293945312 17.547000885009765625 17.670999526977539062 17.688999176025390625 17.75 17.936000823974609375 17.982999801635742188 18.113000869750976562 18.33300018310546875 18.829999923706054688 18.9029998779296875 18.729999542236328125
19.351999282836914062 19.175001144409179688 19.0260009765625 18.882999420166015625 18.767999649047851562 18.621000289916992188 18.294000625610351562 18.1510009765625 18.009000778198242188 17.831998825073242188 17.743999481201171875 17.562000274658203125 17.493000030517578125 17.33300018310546875 17.169000625610351562 17.134000778198242188 17.187000274658203125 17.211999893188476562 17.19300079345703125 17.186000823974609375 17.090000152587890625 17.185001373291015625 17.099000930786132812 17.048000335693359375 17.145999908447265625 17.324998855590820312 17.343999862670898438 17.788000106811523438 17.98600006103515625 17.988000869750976562 18.019001007080078125 18.18000030517578125 18.257999420166015625 18.331998825073242188 18.4850006103515625 19.020000457763671875 19.240999221801757812 18.9160003662109375
19.69499969482421875 19.232000350952148438 19.190000534057617188 19.034999847412109375 18.944000244140625 18.726999282836914062 18.489000320434570312 18.369998931884765625 18.230998992919921875 18.118999481201171875 17.98600006103515625 17.905000686645507812 17.781999588012695312 17.59600067138671875 17.506000518798828125 17.4029998779296875 17.503000259399414062 17.538999557495117188 17.45999908447265625 17.312000274658203125 17.274999618530273438 17.312999725341796875 17.232999801635742188 17.295999526977539062 17.410999298095703125 17.496000289916992188 17.79399871826171875 17.869998931884765625 18.126001358032226562 18.23600006103515625 18.292999267578125 18.34799957275390625 18.420000076293945312 18.552000045776367188 18.825000762939453125 19.426000595092773438 19.506999969482421875 19.072000503540039062
