inputs/cropped_bioclim_bird/wc2.1_5m_tmin_06_band1.asc
ncols        60
nrows        48
xllcorner    -10.000000000000
yllcorner    4.000000000000
cellsize     0.083333333333
[rows 0 to 16 of 48, columns 0 to 37 of 60]
18.288999557495117188 18.375 18.187000274658203125 17.59600067138671875 17.044000625610351562 17.372999191284179688 17.357000350952148438 17.229000091552734375 17.301000595092773438 17.36199951171875 17.121000289916992188 17.219999313354492188 17.56800079345703125 17.635000228881835938 17.649999618530273438 17.613000869750976562 17.316999435424804688 17.465000152587890625 17.59799957275390625 17.658000946044921875 17.703001022338867188 17.782999038696289062 17.826000213623046875 17.940000534057617188 18.163000106811523438 18.382999420166015625 18.476999282836914062 18.520000457763671875 18.654001235961914062 18.858999252319335938 19.104000091552734375 18.964000701904296875 18.8339996337890625 20.055999755859375 20.336999893188476562 20.420999526977539062 20.341999053955078125 20.281000137329101562
18.732000350952148438 18.506000518798828125 17.879999160766601562 17.673000335693359375 17.688999176025390625 17.730998992919921875 17.292999267578125 17.303998947143554688 17.326000213623046875 17.368000030517578125 17.372999191284179688 17.434000015258789062 17.599000930786132812 17.589000701904296875 17.547000885009765625 17.530000686645507812 17.469999313354492188 17.479999542236328125 17.421998977661132812 17.599000930786132812 17.733999252319335938 17.802999496459960938 17.785999298095703125 17.909999847412109375 18.075000762939453125 18.183000564575195312 18.427999496459960938 18.593999862670898438 18.780000686645507812 18.975999832153320312 18.909999847412109375 18.6790008544921875 19.239999771118164062 20.131000518798828125 20.381000518798828125 20.358999252319335938 20.217000961303710938 20.13800048828125
18.989000320434570312 18.186000823974609375 17.756999969482421875 17.87599945068359375 18.0970001220703125 17.809000015258789062 17.190000534057617188 17.382999420166015625 17.548000335693359375 17.545000076293945312 17.562000274658203125 17.5 17.37400054931640625 17.531999588012695312 17.444000244140625 17.454999923706054688 17.648000717163085938 17.58300018310546875 17.344999313354492188 17.66699981689453125 17.988000869750976562 18.038999557495117188 17.774000167846679688 17.632999420166015625 17.9720001220703125 18.108999252319335938 18.27899932861328125 18.391000747680664062 18.451999664306640625 17.827999114990234375 17.774999618530273438 18.082000732421875 18.510000228881835938 19.701999664306640625 20.178998947143554688 20.297000885009765625 20.201999664306640625 20.258998870849609375
18.892999649047851562 18.34799957275390625 18.433000564575195312 18.450000762939453125 18.427999496459960938 17.93000030517578125 17.8040008544921875 17.559000015258789062 17.564001083374023438 17.72100067138671875 17.589000701904296875 17.428998947143554688 17.303998947143554688 17.40200042724609375 17.433000564575195312 17.56800079345703125 17.496999740600585938 17.4160003662109375 17.371000289916992188 16.836000442504882812 18.146999359130859375 18.225000381469726562 17.698999404907226562 17.505001068115234375 17.19499969482421875 17.329000473022460938 18.125 18.003000259399414062 17.815999984741210938 17.545999526977539062 17.131999969482421875 17.6399993896484375 18.650999069213867188 19.7779998779296875 20.143999099731445312 20.341999053955078125 20.3339996337890625 20.128000259399414062
18.8209991455078125 18.87400054931640625 18.930999755859375 18.726999282836914062 18.76399993896484375 18.622999191284179688 18.142000198364257812 17.8209991455078125 17.613000869750976562 17.789999008178710938 17.707000732421875 17.646999359130859375 17.52700042724609375 17.520999908447265625 17.593999862670898438 17.614000320434570312 17.257999420166015625 17.170000076293945312 16.409000396728515625 15.939999580383300781 18.204000473022460938 18.194000244140625 17.51399993896484375 17.187000274658203125 16.534000396728515625 17.275999069213867188 18.082000732421875 17.854000091552734375 17.622999191284179688 17.68000030517578125 17.55699920654296875 18.368000030517578125 19.399000167846679688 19.718000411987304688 20.062000274658203125 20.337999343872070312 20.298999786376953125 20.128999710083007812
19.05500030517578125 19.427999496459960938 19.521999359130859375 19.3040008544921875 19.134000778198242188 18.76300048828125 18.256999969482421875 18.016000747680664062 17.868999481201171875 17.913999557495117188 17.667999267578125 18.048000335693359375 17.857999801635742188 17.843000411987304688 17.739000320434570312 17.631999969482421875 17.229999542236328125 16.608999252319335938 17.072000503540039062 18.010000228881835938 18.031999588012695312 17.919000625610351562 17.398000717163085938 16.740999221801757812 16.743999481201171875 16.524999618530273438 18.13800048828125 17.940999984741210938 17.424999237060546875 17.017999649047851562 18.04000091552734375 18.954999923706054688 19.77899932861328125 19.871999740600585938 20.016000747680664062 20.330999374389648438 20.274999618530273438 20.197000503540039062
19.865999221801757812 20.062999725341796875 19.796998977661132812 19.579000473022460938 19.18199920654296875 18.743999481201171875 18.475000381469726562 18.15399932861328125 18.066999435424804688 17.819000244140625 18.06999969482421875 18.409999847412109375 18.285999298095703125 18.034000396728515625 17.80699920654296875 17.533000946044921875 17.4720001220703125 17.174999237060546875 18.157999038696289062 18.322000503540039062 18.289999008178710938 18.438999176025390625 17.989000320434570312 17.099000930786132812 16.450000762939453125 17.434000015258789062 18.482000350952148438 18.36199951171875 17.509000778198242188 18.188999176025390625 19.091999053955078125 19.510000228881835938 19.700000762939453125 19.968999862670898438 20.13700103759765625 20.414999008178710938 20.302000045776367188 20.24900054931640625
20.548999786376953125 20.229000091552734375 19.944000244140625 19.603000640869140625 19.076000213623046875 18.80699920654296875 18.593999862670898438 18.282999038696289062 18.042999267578125 17.982999801635742188 18.58100128173828125 18.543001174926757812 18.475999832153320312 18.1100006103515625 17.839000701904296875 17.680999755859375 17.658000946044921875 17.854999542236328125 18.163999557495117188 18.461000442504882812 18.364000320434570312 18.448999404907226562 18.363000869750976562 17.989999771118164062 17.957000732421875 18.308000564575195312 18.87400054931640625 18.55500030517578125 18.86199951171875 19.211999893188476562 19.294000625610351562 19.51300048828125 19.56800079345703125 19.868000030517578125 20.094999313354492188 20.450000762939453125 20.357999801635742188 20.329000473022460938
20.441999435424804688 20.114999771118164062 19.955999374389648438 19.5540008544921875 19.177000045776367188 18.905000686645507812 18.549999237060546875 18.3209991455078125 18.187999725341796875 18.579999923706054688 18.705999374389648438 18.686000823974609375 18.6399993896484375 18.534000396728515625 18.13899993896484375 17.900999069213867188 18.044000625610351562 18.100999832153320312 18.440999984741210938 18.6100006103515625 18.603000640869140625 18.690000534057617188 18.690999984741210938 18.642999649047851562 18.76300048828125 18.99900054931640625 19.034000396728515625 19.069000244140625 19.203001022338867188 19.385000228881835938 19.476999282836914062 19.6660003662109375 19.578001022338867188 19.988000869750976562 20.25 20.478000640869140625 20.36299896240234375 20.369998931884765625
20.284999847412109375 20.133001327514648438 19.906999588012695312 19.594999313354492188 19.135000228881835938 18.593000411987304688 18.464000701904296875 18.421998977661132812 18.565000534057617188 18.703001022338867188 18.906999588012695312 18.952999114990234375 18.940999984741210938 18.563999176025390625 18.215999603271484375 18.381000518798828125 18.451999664306640625 18.5839996337890625 18.63800048828125 18.73600006103515625 18.814998626708984375 18.840000152587890625 18.857999801635742188 18.957000732421875 18.995000839233398438 19.183000564575195312 19.26300048828125 19.351999282836914062 19.354000091552734375 19.5279998779296875 19.73799896240234375 19.687000274658203125 19.810998916625976562 20.148000717163085938 20.3600006103515625 20.479999542236328125 20.385000228881835938 20.399999618530273438
20.357999801635742188 20.076000213623046875 19.792999267578125 19.434000015258789062 18.91699981689453125 18.545999526977539062 18.673000335693359375 18.6660003662109375 18.716999053955078125 18.881999969482421875 19.031999588012695312 19.107999801635742188 19.231000900268554688 19.0279998779296875 18.9290008544921875 19.055999755859375 18.829999923706054688 18.80500030517578125 18.857999801635742188 19.003000259399414062 19.033000946044921875 19.0279998779296875 19.02700042724609375 19.174999237060546875 19.215999603271484375 19.340000152587890625 19.350000381469726562 19.462999343872070312 19.600999832153320312 19.789999008178710938 19.760999679565429688 19.711000442504882812 19.809000015258789062 19.825000762939453125 20.184999465942382812 20.565999984741210938 20.455999374389648438 20.440999984741210938
20.313999176025390625 20.00099945068359375 19.594999313354492188 19.270000457763671875 19 18.829000473022460938 18.823999404907226562 18.836000442504882812 18.937000274658203125 19.106000900268554688 19.1529998779296875 19.253999710083007812 19.40399932861328125 19.396999359130859375 19.358999252319335938 19.299999237060546875 18.983999252319335938 19 19.086999893188476562 19.232999801635742188 19.400999069213867188 19.3600006103515625 19.338998794555664062 19.33499908447265625 19.382999420166015625 19.392000198364257812 19.48600006103515625 19.680999755859375 19.8470001220703125 19.826999664306640625 19.812000274658203125 19.730998992919921875 19.340999603271484375 19.788999557495117188 20.3489990234375 20.63899993896484375 20.566999435424804688 20.533000946044921875
20.090000152587890625 19.739000320434570312 19.49900054931640625 19.326000213623046875 19.080999374389648438 19.016000747680664062 19.019001007080078125 18.99900054931640625 19.034000396728515625 19.2239990234375 19.324998855590820312 19.337999343872070312 19.482999801635742188 19.523000717163085938 19.533000946044921875 19.447000503540039062 19.142999649047851562 19.187000274658203125 19.332000732421875 19.5279998779296875 19.572000503540039062 19.52700042724609375 19.476999282836914062 19.411998748779296875 19.4029998779296875 19.43199920654296875 19.659000396728515625 19.781999588012695312 19.962999343872070312 19.976999282836914062 19.923000335693359375 19.864999771118164062 20.064001083374023438 20.33300018310546875 20.552000045776367188 20.69300079345703125 20.588001251220703125 20.589000701904296875
19.875 19.576000213623046875 19.61100006103515625 19.50099945068359375 19.270999908447265625 19.243000030517578125 19.13800048828125 19.134000778198242188 19.190999984741210938 19.267999649047851562 19.466999053955078125 19.519001007080078125 19.555999755859375 19.589000701904296875 19.495000839233398438 19.322999954223632812 19.270000457763671875 19.238000869750976562 19.434000015258789062 19.600000381469726562 19.648000717163085938 19.573999404907226562 19.550001144409179688 19.4850006103515625 19.47299957275390625 19.48699951171875 19.59799957275390625 19.685998916625976562 20.052999496459960938 20.062999725341796875 20.031999588012695312 20.075000762939453125 20.267000198364257812 20.4720001220703125 20.531999588012695312 20.73699951171875 20.677000045776367188 20.694000244140625
19.979999542236328125 19.817998886108398438 19.694000244140625 19.644001007080078125 19.535999298095703125 19.4459991455078125 19.252000808715820312 19.30699920654296875 19.357000350952148438 19.469999313354492188 19.593000411987304688 19.604999542236328125 19.62400054931640625 19.590999603271484375 19.564001083374023438 19.437999725341796875 19.478000640869140625 19.44300079345703125 19.616001129150390625 19.725999832153320312 19.663000106811523438 19.5410003662109375 19.63700103759765625 19.51399993896484375 19.48699951171875 19.649000167846679688 19.831998825073242188 19.993999481201171875 20.13899993896484375 20.184000015258789062 20.1660003662109375 20.273000717163085938 20.329000473022460938 20.397998809814453125 20.534999847412109375 20.840000152587890625 20.914999008178710938 20.826999664306640625
20.118999481201171875 19.941999435424804688 19.83499908447265625 19.746000289916992188 19.65200042724609375 19.641000747680664062 19.39099884033203125 19.497999191284179688 19.571001052856445312 19.617000579833984375 19.70800018310546875 19.614000320434570312 19.690000534057617188 19.694000244140625 19.602001190185546875 19.590999603271484375 19.65200042724609375 19.676000595092773438 19.77899932861328125 19.798999786376953125 19.619001388549804688 19.630001068115234375 19.559999465942382812 19.506000518798828125 19.564001083374023438 19.70600128173828125 19.648000717163085938 20.135999679565429688 20.275999069213867188 20.343999862670898438 20.259000778198242188 20.357000350952148438 20.520999908447265625 20.524999618530273438 20.621999740600585938 20.951000213623046875 21.090000152587890625 20.913999557495117188
20.44300079345703125 19.944000244140625 20.042999267578125 19.93000030517578125 19.859998703002929688 19.704999923706054688 19.5839996337890625 19.656999588012695312 19.669000625610351562 19.732000350952148438 19.758998870849609375 19.77700042724609375 19.868000030517578125 19.76599884033203125 19.65200042724609375 19.520000457763671875 19.743000030517578125 19.841999053955078125 19.827999114990234375 19.670000076293945312 19.635999679565429688 19.614999771118164062 19.538000106811523438 19.63899993896484375 19.69499969482421875 19.68000030517578125 19.896999359130859375 20.10900115966796875 20.329000473022460938 20.43000030517578125 20.407999038696289062 20.399999618530273438 20.54199981689453125 20.642000198364257812 20.761999130249023438 21.079999923706054688 21.16699981689453125 21.006000518798828125
