inputs/cropped_bioclim_bird/wc2.1_5m_tmin_09_band1.asc
ncols        60
nrows        48
xllcorner    -10.000000000000
yllcorner    4.000000000000
cellsize     0.083333333333
[rows 17 to 33 of 48, columns 0 to 38 of 60]
20.423000335693359375 20.225999832153320312 20.134000778198242188 20.037000656127929688 19.928998947143554688 19.829000473022460938 19.73699951171875 19.659000396728515625 19.5410003662109375 19.405000686645507812 19.482999801635742188 19.503999710083007812 19.322999954223632812 19.329000473022460938 19.26599884033203125 19.243999481201171875 19.465000152587890625 19.454000473022460938 19.25 19.288000106811523438 19.34799957275390625 19.385000228881835938 19.451999664306640625 19.579999923706054688 19.725000381469726562 19.677000045776367188 19.895000457763671875 20.065000534057617188 20.16400146484375 20.26300048828125 20.385000228881835938 20.354000091552734375 20.352998733520507812 20.433000564575195312 20.771999359130859375 21.183000564575195312 21.261999130249023438 20.813999176025390625 20.775999069213867188
20.557001113891601562 20.393999099731445312 20.253000259399414062 19.993999481201171875 19.969999313354492188 19.86299896240234375 19.676000595092773438 19.537000656127929688 19.497999191284179688 19.54199981689453125 19.365999221801757812 19.378999710083007812 19.51300048828125 19.569000244140625 19.465999603271484375 19.524999618530273438 19.649999618530273438 19.489999771118164062 19.420000076293945312 19.497999191284179688 19.437999725341796875 19.549999237060546875 19.635999679565429688 19.733999252319335938 19.965000152587890625 20.017000198364257812 20.18000030517578125 20.22299957275390625 20.189001083374023438 20.281000137329101562 20.504999160766601562 20.711999893188476562 20.842000961303710938 20.698999404907226562 20.788999557495117188 21.066999435424804688 21.169000625610351562 20.885999679565429688 20.864000320434570312
20.545999526977539062 20.357999801635742188 20.36100006103515625 20.219999313354492188 20.023000717163085938 19.817998886108398438 19.733999252319335938 19.59799957275390625 19.399000167846679688 19.533000946044921875 19.392000198364257812 19.628000259399414062 19.625 19.62400054931640625 19.493999481201171875 19.774999618530273438 19.771999359130859375 19.517999649047851562 19.542999267578125 19.669000625610351562 19.752000808715820312 19.808000564575195312 19.770000457763671875 19.979000091552734375 20.215999603271484375 20.22100067138671875 20.302999496459960938 20.301000595092773438 20.315000534057617188 20.386999130249023438 20.520999908447265625 20.661001205444335938 20.951000213623046875 21.06999969482421875 21.135000228881835938 21.34799957275390625 21.159000396728515625 20.921998977661132812 20.930999755859375
20.447000503540039062 20.3209991455078125 20.399000167846679688 20.268999099731445312 20.085000991821289062 20.006000518798828125 19.864000320434570312 19.819000244140625 19.6100006103515625 19.784000396728515625 19.802000045776367188 19.8470001220703125 19.801000595092773438 19.883998870849609375 19.8040008544921875 19.968000411987304688 19.773000717163085938 19.55500030517578125 19.572000503540039062 19.642999649047851562 19.822999954223632812 20.006000518798828125 20.100999832153320312 20.253000259399414062 20.39099884033203125 20.43199920654296875 20.381999969482421875 20.405000686645507812 20.442998886108398438 20.495000839233398438 20.621000289916992188 20.732000350952148438 20.830999374389648438 21.024000167846679688 21.1790008544921875 21.364999771118164062 21.170999526977539062 21.071001052856445312 21.023000717163085938
20.45800018310546875 20.409000396728515625 20.406000137329101562 20.239999771118164062 20.197000503540039062 20.107000350952148438 19.954999923706054688 20.038999557495117188 20.038000106811523438 19.983999252319335938 20.057001113891601562 20.049999237060546875 19.917999267578125 20.02700042724609375 20.190000534057617188 19.993999481201171875 19.714000701904296875 19.6529998779296875 19.760000228881835938 19.767999649047851562 19.76399993896484375 19.989000320434570312 20.103000640869140625 20.2350006103515625 20.381999969482421875 20.562000274658203125 20.488000869750976562 20.476999282836914062 20.559999465942382812 20.69300079345703125 20.934000015258789062 20.947000503540039062 20.934999465942382812 21.017999649047851562 21.203001022338867188 21.343999862670898438 21.309000015258789062 21.197999954223632812 21.12599945068359375
20.489999771118164062 20.538999557495117188 20.444000244140625 20.341999053955078125 20.317998886108398438 20.239999771118164062 20.211999893188476562 20.16400146484375 20.076999664306640625 20.0260009765625 20.159000396728515625 20.09799957275390625 19.950000762939453125 20.205999374389648438 20.0839996337890625 19.864000320434570312 19.781999588012695312 19.77899932861328125 19.898000717163085938 19.90200042724609375 19.895000457763671875 20.047000885009765625 20.266000747680664062 20.372999191284179688 20.524000167846679688 20.701000213623046875 20.673000335693359375 20.658000946044921875 20.705999374389648438 20.878999710083007812 21.107999801635742188 21.133001327514648438 21.086999893188476562 21.064001083374023438 21.13700103759765625 21.131000518798828125 21.260999679565429688 21.378999710083007812 21.378000259399414062
20.77700042724609375 20.574001312255859375 20.5540008544921875 20.49900054931640625 20.479999542236328125 20.33300018310546875 20.231000900268554688 20.246999740600585938 20 20.079000473022460938 20.205999374389648438 20.215000152587890625 20.24900054931640625 20.322000503540039062 20.173999786376953125 20.031000137329101562 20.016000747680664062 19.841999053955078125 19.935998916625976562 20.069000244140625 20.11100006103515625 20.256999969482421875 20.406999588012695312 20.344999313354492188 20.4160003662109375 20.618999481201171875 20.8209991455078125 20.881000518798828125 20.997999191284179688 21.127000808715820312 21.26399993896484375 21.337999343872070312 21.228000640869140625 21.27700042724609375 21.274999618530273438 21.302999496459960938 21.295000076293945312 21.423999786376953125 21.475999832153320312
20.815999984741210938 20.687999725341796875 20.631999969482421875 20.502000808715820312 20.52899932861328125 20.464000701904296875 20.409999847412109375 20.2350006103515625 20.146999359130859375 20.194000244140625 20.426000595092773438 20.326000213623046875 20.448999404907226562 20.3600006103515625 20.159999847412109375 20.184000015258789062 20.147001266479492188 20.057001113891601562 19.979999542236328125 20.035999298095703125 20.256000518798828125 20.36199951171875 20.41699981689453125 20.475999832153320312 20.565999984741210938 20.72299957275390625 20.969999313354492188 21.078001022338867188 21.219999313354492188 21.341999053955078125 21.395000457763671875 21.4589996337890625 21.385999679565429688 21.531999588012695312 21.497999191284179688 21.406999588012695312 21.359998703002929688 21.395999908447265625 21.413000106811523438
20.760000228881835938 20.74900054931640625 20.677000045776367188 20.607000350952148438 20.600000381469726562 20.534999847412109375 20.409999847412109375 20.322999954223632812 20.409999847412109375 20.343999862670898438 20.4850006103515625 20.52899932861328125 20.52899932861328125 20.564001083374023438 20.30500030517578125 20.270999908447265625 20.177000045776367188 20.114000320434570312 20.160999298095703125 20.113000869750976562 20.197000503540039062 20.26399993896484375 20.489000320434570312 20.660999298095703125 20.75099945068359375 20.868999481201171875 21.01300048828125 21.18199920654296875 21.375 21.557001113891601562 21.6399993896484375 21.545999526977539062 21.5410003662109375 21.626001358032226562 21.524000167846679688 21.419000625610351562 21.544000625610351562 21.519001007080078125 21.447000503540039062
20.741176605224609375 20.644001007080078125 20.649999618530273438 20.641000747680664062 20.616001129150390625 20.519001007080078125 20.413999557495117188 20.204000473022460938 20.365999221801757812 20.55500030517578125 20.631999969482421875 20.65200042724609375 20.63899993896484375 20.589000701904296875 20.414999008178710938 20.319000244140625 20.273000717163085938 20.326999664306640625 20.226999282836914062 20.309999465942382812 20.354999542236328125 20.452999114990234375 20.645999908447265625 20.88800048828125 20.982999801635742188 20.962999343872070312 21.079999923706054688 21.280000686645507812 21.326000213623046875 21.5149993896484375 21.782999038696289062 21.757999420166015625 21.725000381469726562 21.720001220703125 21.600000381469726562 21.547000885009765625 21.621999740600585938 21.628000259399414062 21.454000473022460938
20.600000381469726562 20.694444656372070312 20.738000869750976562 20.635000228881835938 20.621999740600585938 20.516000747680664062 20.5149993896484375 20.37400054931640625 20.56999969482421875 20.54000091552734375 20.781999588012695312 20.822000503540039062 20.70800018310546875 20.621000289916992188 20.506999969482421875 20.480998992919921875 20.48699951171875 20.404998779296875 20.375 20.476999282836914062 20.383998870849609375 20.382999420166015625 20.677999496459960938 20.913000106811523438 21.04199981689453125 21.20800018310546875 21.329000473022460938 21.45999908447265625 21.516000747680664062 21.56800079345703125 21.875 21.938999176025390625 21.812999725341796875 21.747999191284179688 21.654001235961914062 21.69499969482421875 21.757999420166015625 21.690000534057617188 21.571001052856445312
-3.3999999521443642491e+38 -3.3999999521443642491e+38 20.70363616943359375 20.694000244140625 20.61199951171875 20.592000961303710938 20.634000778198242188 20.6510009765625 20.8209991455078125 20.809000015258789062 20.896999359130859375 20.914999008178710938 20.80500030517578125 20.642999649047851562 20.5839996337890625 20.593000411987304688 20.633001327514648438 20.548999786376953125 20.503000259399414062 20.461999893188476562 20.45800018310546875 20.243999481201171875 20.760999679565429688 20.84799957275390625 21.0279998779296875 21.189001083374023438 21.292999267578125 21.506999969482421875 21.6510009765625 21.770000457763671875 21.926000595092773438 22.038999557495117188 21.855998992919921875 21.768999099731445312 21.746000289916992188 21.831998825073242188 21.8079986572265625 21.645000457763671875 21.656999588012695312
-3.3999999521443642491e+38 -3.3999999521443642491e+38 -3.3999999521443642491e+38 20.676471710205078125 20.595788955688476562 20.687000274658203125 20.808000564575195312 20.768999099731445312 20.74900054931640625 20.880998611450195312 20.90399932861328125 20.850999832153320312 20.850999832153320312 20.798999786376953125 20.7220001220703125 20.729999542236328125 20.717000961303710938 20.613000869750976562 20.5149993896484375 20.440000534057617188 20.378000259399414062 20.4720001220703125 20.614000320434570312 20.756999969482421875 20.93000030517578125 21.128000259399414062 21.329999923706054688 21.5149993896484375 21.696001052856445312 21.923000335693359375 22.00099945068359375 22.078001022338867188 21.95999908447265625 21.837999343872070312 21.852998733520507812 21.881000518798828125 21.711000442504882812 21.606000900268554688 21.573999404907226562
-3.3999999521443642491e+38 -3.3999999521443642491e+38 -3.3999999521443642491e+38 -3.3999999521443642491e+38 20.766666412353515625 20.875257492065429688 20.868000030517578125 20.724000930786132812 20.745000839233398438 20.909000396728515625 20.836999893188476562 20.880998611450195312 20.8769989013671875 20.743000030517578125 20.68199920654296875 20.631999969482421875 20.69300079345703125 20.743999481201171875 20.503000259399414062 20.483999252319335938 20.535999298095703125 20.493999481201171875 20.6510009765625 20.757999420166015625 20.879999160766601562 21.117000579833984375 21.323999404907226562 21.54000091552734375 21.827999114990234375 21.99900054931640625 22.059999465942382812 22.048999786376953125 22.019001007080078125 21.965999603271484375 21.895999908447265625 21.770999908447265625 21.58300018310546875 21.490999221801757812 21.654001235961914062
-3.3999999521443642491e+38 -3.3999999521443642491e+38 -3.3999999521443642491e+38 -3.3999999521443642491e+38 -3.3999999521443642491e+38 20.899999618530273438 20.8258056640625 20.77899932861328125 20.819000244140625 20.906000137329101562 20.830999374389648438 20.81999969482421875 20.770999908447265625 20.712999343872070312 20.66500091552734375 20.728000640869140625 20.743999481201171875 20.707000732421875 20.413000106811523438 20.482000350952148438 20.6399993896484375 20.733999252319335938 20.705999374389648438 20.871000289916992188 20.993999481201171875 21.11199951171875 21.4160003662109375 21.589000701904296875 21.812999725341796875 22.019001007080078125 22.11100006103515625 22.155000686645507812 22.031000137329101562 21.983999252319335938 21.858999252319335938 21.65200042724609375 21.5540008544921875 21.533000946044921875 21.625
-3.3999999521443642491e+38 -3.3999999521443642491e+38 -3.3999999521443642491e+38 -3.3999999521443642491e+38 -3.3999999521443642491e+38 -3.3999999521443642491e+38 20.799999237060546875 20.801031112670898438 20.822000503540039062 20.858999252319335938 20.881999969482421875 20.8339996337890625 20.840999603271484375 20.83499908447265625 20.761999130249023438 20.686000823974609375 20.65200042724609375 20.630001068115234375 20.676000595092773438 20.80699920654296875 20.930999755859375 20.867000579833984375 20.742000579833984375 20.8600006103515625 21.069000244140625 21.232000350952148438 21.573999404907226562 21.712999343872070312 21.84799957275390625 22.0540008544921875 22.197999954223632812 22.1660003662109375 21.996999740600585938 21.8899993896484375 21.743000030517578125 21.524000167846679688 21.59799957275390625 21.788999557495117188 21.792999267578125
-3.3999999521443642491e+38 -3.3999999521443642491e+38 -3.3999999521443642491e+38 -3.3999999521443642491e+38 -3.3999999521443642491e+38 -3.3999999521443642491e+38 -3.3999999521443642491e+38 20.908695220947265625 20.854761123657226562 20.802999496459960938 20.86299896240234375 20.893999099731445312 20.909999847412109375 20.789999008178710938 20.699001312255859375 20.659999847412109375 20.6230010986328125 20.775999069213867188 20.822000503540039062 20.9720001220703125 21.0540008544921875 20.788999557495117188 20.826000213623046875 21.011999130249023438 21.059999465942382812 21.319000244140625 21.586999893188476562 21.868999481201171875 22.13800048828125 22.034000396728515625 22.194000244140625 22.107999801635742188 21.895999908447265625 21.634000778198242188 21.62599945068359375 21.555999755859375 21.731000900268554688 21.840000152587890625 22.035999298095703125
