inputs/cropped_bioclim_bird/wc2.1_5m_tmin_01_band1.asc
ncols        60
nrows        48
xllcorner    -10.000000000000
yllcorner    4.000000000000
cellsize     0.083333333333
[rows 17 to 33 of 48, columns 0 to 37 of 60]
19.74900054931640625 19.555999755859375 19.397998809814453125 19.256999969482421875 19.132999420166015625 18.892999649047851562 18.76300048828125 18.564001083374023438 18.4029998779296875 18.207000732421875 18.118999481201171875 17.978000640869140625 17.843000411987304688 17.73600006103515625 17.7350006103515625 17.6959991455078125 17.826000213623046875 17.745000839233398438 17.562000274658203125 17.50099945068359375 17.454999923706054688 17.455999374389648438 17.533000946044921875 17.65399932861328125 17.75099945068359375 17.868999481201171875 17.982999801635742188 18.065999984741210938 18.217000961303710938 18.447999954223632812 18.6510009765625 18.703001022338867188 18.687000274658203125 18.73799896240234375 19.16699981689453125 19.906999588012695312 20.04199981689453125 19.313999176025390625
19.864999771118164062 19.714000701904296875 19.561000823974609375 19.410999298095703125 19.324998855590820312 19.080999374389648438 18.826000213623046875 18.642999649047851562 18.464000701904296875 18.355998992919921875 18.196001052856445312 18.145999908447265625 18.104999542236328125 18.0149993896484375 17.954999923706054688 18.009000778198242188 18.087999343872070312 17.909000396728515625 17.784000396728515625 17.774999618530273438 17.69300079345703125 17.76399993896484375 17.822000503540039062 17.940999984741210938 18.085000991821289062 18.173999786376953125 18.302999496459960938 18.405000686645507812 18.409999847412109375 18.466999053955078125 18.766000747680664062 19.22100067138671875 19.48699951171875 19.135999679565429688 19.253000259399414062 19.895999908447265625 20.131999969482421875 19.417999267578125
19.882999420166015625 19.7220001220703125 19.671001434326171875 19.576000213623046875 19.339000701904296875 19.107999801635742188 18.921998977661132812 18.742000579833984375 18.5260009765625 18.506000518798828125 18.364000320434570312 18.452999114990234375 18.354999542236328125 18.305999755859375 18.177999496459960938 18.357000350952148438 18.319000244140625 18.0279998779296875 18.016000747680664062 18.065999984741210938 18.031999588012695312 18.038999557495117188 18.092000961303710938 18.289999008178710938 18.420999526977539062 18.4739990234375 18.593000411987304688 18.634000778198242188 18.631999969482421875 18.5540008544921875 18.719999313354492188 18.969999313354492188 19.548000335693359375 19.9029998779296875 19.981000900268554688 20.384000778198242188 19.920999526977539062 19.454999923706054688
19.883998870849609375 19.79399871826171875 19.796998977661132812 19.603000640869140625 19.38899993896484375 19.2779998779296875 19.116001129150390625 18.993999481201171875 18.767999649047851562 18.76300048828125 18.74900054931640625 18.718000411987304688 18.627000808715820312 18.667999267578125 18.61199951171875 18.656000137329101562 18.411998748779296875 18.159999847412109375 18.121000289916992188 18.19499969482421875 18.279998779296875 18.354000091552734375 18.423999786376953125 18.573999404907226562 18.714000701904296875 18.767000198364257812 18.79199981689453125 18.73699951171875 18.767999649047851562 18.725000381469726562 18.822999954223632812 19.078001022338867188 19.379999160766601562 19.850000381469726562 20.482999801635742188 20.451000213623046875 19.704999923706054688 19.58300018310546875
20.0149993896484375 19.926000595092773438 19.8470001220703125 19.635000228881835938 19.531999588012695312 19.420000076293945312 19.267999649047851562 19.2220001220703125 19.1100006103515625 19.045000076293945312 19.037000656127929688 18.954999923706054688 18.83300018310546875 18.878000259399414062 18.992000579833984375 18.81999969482421875 18.533000946044921875 18.384000778198242188 18.357999801635742188 18.354000091552734375 18.440999984741210938 18.493999481201171875 18.559000015258789062 18.621000289916992188 18.822999954223632812 18.97299957275390625 18.989000320434570312 18.845998764038085938 18.826000213623046875 18.86199951171875 19.0540008544921875 19.341999053955078125 19.49900054931640625 19.694000244140625 19.905000686645507812 19.9029998779296875 19.752000808715820312 19.739000320434570312
20.08300018310546875 20.04199981689453125 19.911998748779296875 19.760999679565429688 19.682001113891601562 19.593000411987304688 19.468999862670898438 19.357999801635742188 19.247999191284179688 19.204999923706054688 19.233999252319335938 19.170000076293945312 19.037000656127929688 19.173999786376953125 19.058000564575195312 18.83300018310546875 18.725999832153320312 18.631000518798828125 18.592000961303710938 18.59799957275390625 18.6510009765625 18.642999649047851562 18.69499969482421875 18.813999176025390625 19.0279998779296875 19.163000106811523438 19.184999465942382812 19.04000091552734375 18.947000503540039062 19.071001052856445312 19.282999038696289062 19.604000091552734375 19.659000396728515625 19.6790008544921875 19.684000015258789062 19.73699951171875 19.83300018310546875 19.976999282836914062
20.284000396728515625 20.075000762939453125 20.04199981689453125 20.002000808715820312 19.88899993896484375 19.686000823974609375 19.548000335693359375 19.517000198364257812 19.33499908447265625 19.341999053955078125 19.382999420166015625 19.385999679565429688 19.351999282836914062 19.382999420166015625 19.173000335693359375 18.989000320434570312 18.965000152587890625 18.811000823974609375 18.771999359130859375 18.841999053955078125 18.892000198364257812 18.906999588012695312 18.948999404907226562 19.006000518798828125 19.088001251220703125 19.279998779296875 19.417999267578125 19.378000259399414062 19.4029998779296875 19.410999298095703125 19.497999191284179688 19.822999954223632812 19.872999191284179688 19.938999176025390625 19.966999053955078125 20.0260009765625 19.966999053955078125 20.049999237060546875
20.322000503540039062 20.184000015258789062 20.149000167846679688 20.078001022338867188 19.988000869750976562 19.871999740600585938 19.809999465942382812 19.690999984741210938 19.590000152587890625 19.519001007080078125 19.620000839233398438 19.507999420166015625 19.552999496459960938 19.4589996337890625 19.210000991821289062 19.191999435424804688 19.1660003662109375 19.064001083374023438 18.920000076293945312 18.864999771118164062 19.02899932861328125 19.119001388549804688 19.199001312255859375 19.225000381469726562 19.243000030517578125 19.392000198364257812 19.593000411987304688 19.656000137329101562 19.724000930786132812 19.6510009765625 19.70800018310546875 19.968999862670898438 19.996999740600585938 20.125 20.205999374389648438 20.1920013427734375 20.197000503540039062 20.172000885009765625
20.368000030517578125 20.274999618530273438 20.211000442504882812 20.11100006103515625 20.047000885009765625 19.993999481201171875 19.920000076293945312 19.84799957275390625 19.83300018310546875 19.6959991455078125 19.744998931884765625 19.756999969482421875 19.718000411987304688 19.690999984741210938 19.434000015258789062 19.350000381469726562 19.232999801635742188 19.135999679565429688 19.076999664306640625 18.99900054931640625 19.058000564575195312 19.116001129150390625 19.284999847412109375 19.397998809814453125 19.452999114990234375 19.534999847412109375 19.62400054931640625 19.746999740600585938 19.855998992919921875 19.933000564575195312 20.00099945068359375 20.0839996337890625 20.148000717163085938 20.274000167846679688 20.289999008178710938 20.266000747680664062 20.420999526977539062 20.385000228881835938
20.520587921142578125 20.336999893188476562 20.217000961303710938 20.172000885009765625 20.114999771118164062 20.065000534057617188 20.086000442504882812 19.920999526977539062 19.927999496459960938 19.9739990234375 19.9720001220703125 19.926000595092773438 19.86299896240234375 19.745000839233398438 19.588001251220703125 19.461000442504882812 19.336999893188476562 19.312000274658203125 19.19300079345703125 19.2350006103515625 19.203001022338867188 19.259000778198242188 19.372999191284179688 19.524999618530273438 19.635000228881835938 19.673000335693359375 19.728000640869140625 19.841999053955078125 19.913000106811523438 20.035999298095703125 20.190000534057617188 20.227001190185546875 20.3489990234375 20.407999038696289062 20.371999740600585938 20.393999099731445312 20.519001007080078125 20.55500030517578125
20.5 20.481481552124023438 20.382999420166015625 20.227001190185546875 20.13700103759765625 20.120000839233398438 20.185001373291015625 20.075000762939453125 20.141000747680664062 20.047000885009765625 20.1100006103515625 20.042999267578125 19.924999237060546875 19.84799957275390625 19.69300079345703125 19.61100006103515625 19.569000244140625 19.4739990234375 19.414999008178710938 19.4160003662109375 19.26300048828125 19.246999740600585938 19.392000198364257812 19.558000564575195312 19.703001022338867188 19.854000091552734375 19.947000503540039062 20.061000823974609375 20.135000228881835938 20.170999526977539062 20.383998870849609375 20.433000564575195312 20.465000152587890625 20.5149993896484375 20.524000167846679688 20.585000991821289062 20.684000015258789062 20.634000778198242188
-3.3999999521443642491e+38 -3.3999999521443642491e+38 20.472726821899414062 20.354999542236328125 20.210000991821289062 20.252000808715820312 20.289999008178710938 20.282999038696289062 20.319000244140625 20.256000518798828125 20.246999740600585938 20.176000595092773438 20.076000213623046875 19.923999786376953125 19.809999465942382812 19.785999298095703125 19.746999740600585938 19.649999618530273438 19.533000946044921875 19.47299957275390625 19.357999801635742188 19.15200042724609375 19.478000640869140625 19.569000244140625 19.739999771118164062 19.836999893188476562 19.95999908447265625 20.114999771118164062 20.298999786376953125 20.407999038696289062 20.54199981689453125 20.659999847412109375 20.562000274658203125 20.600999832153320312 20.680999755859375 20.781000137329101562 20.795999526977539062 20.659999847412109375
-3.3999999521443642491e+38 -3.3999999521443642491e+38 -3.3999999521443642491e+38 20.485294342041015625 20.415788650512695312 20.407999038696289062 20.393999099731445312 20.364000320434570312 20.300998687744140625 20.31999969482421875 20.309999465942382812 20.2350006103515625 20.16699981689453125 20.079999923706054688 19.961000442504882812 19.927000045776367188 19.812999725341796875 19.70800018310546875 19.618000030517578125 19.52899932861328125 19.359998703002929688 19.354000091552734375 19.406999588012695312 19.506999969482421875 19.655000686645507812 19.809000015258789062 20.011999130249023438 20.189001083374023438 20.396999359130859375 20.61199951171875 20.68000030517578125 20.771999359130859375 20.694000244140625 20.725000381469726562 20.864000320434570312 20.947000503540039062 20.817998886108398438 20.759000778198242188
-3.3999999521443642491e+38 -3.3999999521443642491e+38 -3.3999999521443642491e+38 -3.3999999521443642491e+38 20.649999618530273438 20.638143539428710938 20.441999435424804688 20.355998992919921875 20.336999893188476562 20.39099884033203125 20.33300018310546875 20.303998947143554688 20.229000091552734375 20.119001388549804688 20.020000457763671875 19.934000015258789062 19.843999862670898438 19.841999053955078125 19.628999710083007812 19.559000015258789062 19.507999420166015625 19.468999862670898438 19.4589996337890625 19.451999664306640625 19.579999923706054688 19.867000579833984375 20.048000335693359375 20.260999679565429688 20.54199981689453125 20.76399993896484375 20.851999282836914062 20.844999313354492188 20.868999481201171875 20.954000473022460938 21.020000457763671875 20.979000091552734375 20.907999038696289062 20.858999252319335938
-3.3999999521443642491e+38 -3.3999999521443642491e+38 -3.3999999521443642491e+38 -3.3999999521443642491e+38 -3.3999999521443642491e+38 20.618183135986328125 20.550537109375 20.47299957275390625 20.465000152587890625 20.3899993896484375 20.295999526977539062 20.260999679565429688 20.162000656127929688 20.062999725341796875 20.033000946044921875 20.007999420166015625 19.947999954223632812 19.855998992919921875 19.573999404907226562 19.6100006103515625 19.669000625610351562 19.656999588012695312 19.545000076293945312 19.558000564575195312 19.670999526977539062 19.881000518798828125 20.158000946044921875 20.383998870849609375 20.6230010986328125 20.857999801635742188 21.003000259399414062 21.0410003662109375 21.006000518798828125 21.0410003662109375 21.0540008544921875 20.95800018310546875 20.904998779296875 20.983999252319335938
-3.3999999521443642491e+38 -3.3999999521443642491e+38 -3.3999999521443642491e+38 -3.3999999521443642491e+38 -3.3999999521443642491e+38 -3.3999999521443642491e+38 20.603124618530273438 20.592782974243164062 20.566999435424804688 20.451999664306640625 20.340000152587890625 20.261999130249023438 20.23699951171875 20.215000152587890625 20.114000320434570312 20.004999160766601562 19.924999237060546875 19.83300018310546875 19.79199981689453125 19.872999191284179688 19.914999008178710938 19.830999374389648438 19.617000579833984375 19.658000946044921875 19.788999557495117188 19.988000869750976562 20.316999435424804688 20.517999649047851562 20.714000701904296875 20.938999176025390625 21.121000289916992188 21.11100006103515625 21.045999526977539062 21.052999496459960938 21.0260009765625 20.94300079345703125 21.035999298095703125 21.224000930786132812
-3.3999999521443642491e+38 -3.3999999521443642491e+38 -3.3999999521443642491e+38 -3.3999999521443642491e+38 -3.3999999521443642491e+38 -3.3999999521443642491e+38 -3.3999999521443642491e+38 20.743478775024414062 20.6845245361328125 20.562000274658203125 20.43199920654296875 20.326000213623046875 20.328998565673828125 20.228000640869140625 20.117000579833984375 19.993000030517578125 19.900999069213867188 19.919000625610351562 19.912000656127929688 19.962999343872070312 19.989000320434570312 19.781000137329101562 19.697000503540039062 19.781000137329101562 19.816999435424804688 20.078001022338867188 20.3339996337890625 20.6660003662109375 20.969999313354492188 21.019001007080078125 21.197999954223632812 21.107000350952148438 21.059999465942382812 20.864999771118164062 20.993999481201171875 21.064001083374023438 21.218000411987304688 21.371999740600585938
