inputs/cropped_bioclim_bird/wc2.1_5m_tmin_02_band1.asc
ncols        60
nrows        48
xllcorner    -10.000000000000
yllcorner    4.000000000000
cellsize     0.083333333333
[rows 17 to 33 of 48, columns 0 to 37 of 60]
19.622999191284179688 19.329999923706054688 19.1100006103515625 18.923999786376953125 18.768999099731445312 18.534999847412109375 18.4160003662109375 18.271999359130859375 18.1660003662109375 17.954000473022460938 17.914999008178710938 17.941999435424804688 17.864999771118164062 17.857999801635742188 17.859998703002929688 17.840999603271484375 18.0410003662109375 18.035999298095703125 17.883998870849609375 17.924999237060546875 17.951000213623046875 18.00099945068359375 18.148000717163085938 18.343999862670898438 18.521999359130859375 18.634000778198242188 18.77899932861328125 18.91699981689453125 19.120000839233398438 19.350000381469726562 19.535999298095703125 19.628000259399414062 19.756999969482421875 19.854999542236328125 20.207000732421875 20.836000442504882812 21.038000106811523438 20.586000442504882812
19.81999969482421875 19.580999374389648438 19.3339996337890625 19.12400054931640625 19.003999710083007812 18.760000228881835938 18.50099945068359375 18.343000411987304688 18.214000701904296875 18.144001007080078125 18.044000625610351562 18.086999893188476562 18.22299957275390625 18.232000350952148438 18.141000747680664062 18.247999191284179688 18.33300018310546875 18.197999954223632812 18.163000106811523438 18.2350006103515625 18.191999435424804688 18.324998855590820312 18.437000274658203125 18.599000930786132812 18.816999435424804688 18.964000701904296875 19.092000961303710938 19.19499969482421875 19.266000747680664062 19.397998809814453125 19.6660003662109375 20.0540008544921875 20.349000930786132812 20.170000076293945312 20.2910003662109375 20.770999908447265625 21.04199981689453125 20.66500091552734375
19.88899993896484375 19.66500091552734375 19.54000091552734375 19.381999969482421875 19.072999954223632812 18.822999954223632812 18.614999771118164062 18.447000503540039062 18.239000320434570312 18.336999893188476562 18.239000320434570312 18.444000244140625 18.437000274658203125 18.399000167846679688 18.315999984741210938 18.565000534057617188 18.547000885009765625 18.313999176025390625 18.355998992919921875 18.497999191284179688 18.538999557495117188 18.603000640869140625 18.690999984741210938 18.917999267578125 19.103000640869140625 19.215000152587890625 19.298999786376953125 19.379999160766601562 19.440000534057617188 19.507999420166015625 19.704999923706054688 19.942998886108398438 20.409000396728515625 20.70999908447265625 20.808000564575195312 21.117000579833984375 20.909000396728515625 20.68000030517578125
19.9459991455078125 19.757999420166015625 19.680999755859375 19.424999237060546875 19.144001007080078125 18.975000381469726562 18.7910003662109375 18.72100067138671875 18.523000717163085938 18.656999588012695312 18.672000885009765625 18.725999832153320312 18.696001052856445312 18.729000091552734375 18.714000701904296875 18.87400054931640625 18.663000106811523438 18.464000701904296875 18.493000030517578125 18.604000091552734375 18.73699951171875 18.878999710083007812 19.017999649047851562 19.218000411987304688 19.37400054931640625 19.448999404907226562 19.482999801635742188 19.517000198364257812 19.613000869750976562 19.690000534057617188 19.829000473022460938 20.045999526977539062 20.294000625610351562 20.687999725341796875 21.106000900268554688 21.207000732421875 20.824998855590820312 20.8209991455078125
20.114000320434570312 19.947999954223632812 19.7779998779296875 19.50099945068359375 19.31999969482421875 19.131999969482421875 18.941999435424804688 18.954000473022460938 18.910999298095703125 18.893999099731445312 18.934999465942382812 18.923999786376953125 18.899999618530273438 19.00099945068359375 19.146999359130859375 18.993000030517578125 18.753000259399414062 18.687000274658203125 18.787000656127929688 18.809000015258789062 18.920999526977539062 19.011999130249023438 19.121999740600585938 19.261999130249023438 19.465000152587890625 19.654001235961914062 19.688999176025390625 19.663999557495117188 19.738000869750976562 19.878000259399414062 20.113000869750976562 20.309000015258789062 20.40200042724609375 20.593000411987304688 20.815000534057617188 20.938999176025390625 20.923000335693359375 20.975999832153320312
20.204999923706054688 20.079999923706054688 19.857999801635742188 19.663000106811523438 19.519001007080078125 19.365999221801757812 19.240999221801757812 19.148000717163085938 19.051000595092773438 19.031999588012695312 19.128999710083007812 19.107000350952148438 19.055999755859375 19.256000518798828125 19.142000198364257812 18.968999862670898438 18.948999404907226562 18.962999343872070312 19.020000457763671875 19.071001052856445312 19.168001174926757812 19.211999893188476562 19.282999038696289062 19.4160003662109375 19.63899993896484375 19.854999542236328125 19.935998916625976562 19.90399932861328125 19.89099884033203125 20.102001190185546875 20.34600067138671875 20.555999755859375 20.565000534057617188 20.62599945068359375 20.782999038696289062 20.836999893188476562 20.9459991455078125 21.135999679565429688
20.421998977661132812 20.149999618530273438 20.034000396728515625 19.914999008178710938 19.77700042724609375 19.524999618530273438 19.3489990234375 19.324998855590820312 19.114000320434570312 19.156000137329101562 19.244998931884765625 19.298000335693359375 19.327999114990234375 19.440000534057617188 19.2779998779296875 19.147001266479492188 19.189001083374023438 19.118999481201171875 19.120000839233398438 19.266000747680664062 19.358999252319335938 19.43199920654296875 19.544000625610351562 19.604000091552734375 19.675001144409179688 19.920000076293945312 20.148000717163085938 20.18199920654296875 20.23799896240234375 20.386999130249023438 20.544000625610351562 20.76399993896484375 20.779998779296875 20.850999832153320312 20.948999404907226562 21.020000457763671875 21.0540008544921875 21.19300079345703125
20.482000350952148438 20.289999008178710938 20.18000030517578125 19.996000289916992188 19.893999099731445312 19.740999221801757812 19.617000579833984375 19.448999404907226562 19.378999710083007812 19.357000350952148438 19.510999679565429688 19.413000106811523438 19.535999298095703125 19.4720001220703125 19.288000106811523438 19.3489990234375 19.392000198364257812 19.312999725341796875 19.210000991821289062 19.224000930786132812 19.461000442504882812 19.621999740600585938 19.752000808715820312 19.8209991455078125 19.840999603271484375 20.05500030517578125 20.303998947143554688 20.437999725341796875 20.533000946044921875 20.600999832153320312 20.717000961303710938 20.88899993896484375 20.90399932861328125 21.061000823974609375 21.148000717163085938 21.142000198364257812 21.190000534057617188 21.23600006103515625
20.559999465942382812 20.424999237060546875 20.253000259399414062 20.079999923706054688 19.983999252319335938 19.88800048828125 19.711000442504882812 19.631000518798828125 19.640001296997070312 19.52700042724609375 19.6100006103515625 19.655000686645507812 19.676000595092773438 19.687000274658203125 19.475000381469726562 19.489000320434570312 19.45999908447265625 19.372999191284179688 19.365999221801757812 19.327999114990234375 19.43000030517578125 19.548999786376953125 19.812000274658203125 19.992000579833984375 20.092000961303710938 20.224000930786132812 20.342998504638671875 20.493000030517578125 20.63700103759765625 20.829999923706054688 20.938999176025390625 20.947999954223632812 21.0279998779296875 21.198999404907226562 21.20800018310546875 21.20600128173828125 21.371999740600585938 21.40200042724609375
20.627941131591796875 20.465999603271484375 20.253000259399414062 20.144001007080078125 20.044000625610351562 19.9160003662109375 19.867000579833984375 19.701999664306640625 19.725999832153320312 19.786998748779296875 19.80699920654296875 19.809999465942382812 19.792999267578125 19.74900054931640625 19.642000198364257812 19.586000442504882812 19.54000091552734375 19.575000762939453125 19.4720001220703125 19.54199981689453125 19.600000381469726562 19.739999771118164062 19.909999847412109375 20.100999832153320312 20.239000320434570312 20.351999282836914062 20.440000534057617188 20.566999435424804688 20.640001296997070312 20.86100006103515625 21.071001052856445312 21.1230010986328125 21.20800018310546875 21.285999298095703125 21.259000778198242188 21.305999755859375 21.465000152587890625 21.55500030517578125
20.600000381469726562 20.498147964477539062 20.399999618530273438 20.220001220703125 20.065999984741210938 19.961000442504882812 19.9850006103515625 19.854000091552734375 19.913000106811523438 19.80699920654296875 19.913000106811523438 19.865999221801757812 19.802999496459960938 19.796998977661132812 19.72100067138671875 19.704999923706054688 19.725999832153320312 19.656999588012695312 19.656999588012695312 19.7350006103515625 19.631999969482421875 19.674999237060546875 19.927999496459960938 20.142999649047851562 20.302000045776367188 20.51399993896484375 20.672000885009765625 20.787000656127929688 20.868999481201171875 20.919000625610351562 21.184999465942382812 21.295999526977539062 21.299999237060546875 21.373998641967773438 21.371999740600585938 21.479000091552734375 21.614999771118164062 21.590000152587890625
-3.3999999521443642491e+38 -3.3999999521443642491e+38 20.478181838989257812 20.3339996337890625 20.130001068115234375 20.0839996337890625 20.064001083374023438 20.0410003662109375 20.08300018310546875 20.010000228881835938 20.02700042724609375 20.007999420166015625 19.934999465942382812 19.830999374389648438 19.7910003662109375 19.840999603271484375 19.843000411987304688 19.77899932861328125 19.757999420166015625 19.772998809814453125 19.714000701904296875 19.523000717163085938 20.034000396728515625 20.118000030517578125 20.312000274658203125 20.45800018310546875 20.627000808715820312 20.826999664306640625 21.038000106811523438 21.130001068115234375 21.284999847412109375 21.4850006103515625 21.417999267578125 21.428998947143554688 21.537000656127929688 21.645000457763671875 21.7220001220703125 21.613000869750976562
-3.3999999521443642491e+38 -3.3999999521443642491e+38 -3.3999999521443642491e+38 20.397058486938476562 20.290525436401367188 20.2220001220703125 20.177000045776367188 20.13700103759765625 20.06800079345703125 20.11100006103515625 20.090999603271484375 20.017999649047851562 20.003000259399414062 19.979000091552734375 19.909000396728515625 19.954000473022460938 19.910999298095703125 19.837999343872070312 19.809000015258789062 19.810998916625976562 19.718000411987304688 19.784999847412109375 19.913999557495117188 20.065000534057617188 20.252000808715820312 20.43199920654296875 20.689001083374023438 20.899999618530273438 21.107000350952148438 21.329000473022460938 21.396999359130859375 21.552000045776367188 21.55500030517578125 21.542999267578125 21.69499969482421875 21.77899932861328125 21.69499969482421875 21.676000595092773438
-3.3999999521443642491e+38 -3.3999999521443642491e+38 -3.3999999521443642491e+38 -3.3999999521443642491e+38 20.475000381469726562 20.446392059326171875 20.261999130249023438 20.148000717163085938 20.0970001220703125 20.15200042724609375 20.088001251220703125 20.089000701904296875 20.0839996337890625 20.037000656127929688 19.965000152587890625 19.906999588012695312 19.895999908447265625 19.9720001220703125 19.798000335693359375 19.826000213623046875 19.895999908447265625 19.909000396728515625 19.97100067138671875 20.0260009765625 20.177000045776367188 20.466999053955078125 20.697999954223632812 20.954999923706054688 21.270000457763671875 21.503999710083007812 21.593000411987304688 21.635000228881835938 21.697000503540039062 21.76399993896484375 21.841999053955078125 21.795000076293945312 21.719999313354492188 21.701999664306640625
-3.3999999521443642491e+38 -3.3999999521443642491e+38 -3.3999999521443642491e+38 -3.3999999521443642491e+38 -3.3999999521443642491e+38 20.481817245483398438 20.392473220825195312 20.267000198364257812 20.194000244140625 20.11199951171875 20.020999908447265625 20.01300048828125 20.007999420166015625 19.948999404907226562 19.989000320434570312 19.983999252319335938 19.993999481201171875 20.007999420166015625 19.770999908447265625 19.88899993896484375 20.082000732421875 20.145000457763671875 20.118999481201171875 20.176000595092773438 20.270000457763671875 20.428998947143554688 20.774999618530273438 21.055999755859375 21.30500030517578125 21.557001113891601562 21.701999664306640625 21.805999755859375 21.786998748779296875 21.840999603271484375 21.8339996337890625 21.724000930786132812 21.703001022338867188 21.795999526977539062
-3.3999999521443642491e+38 -3.3999999521443642491e+38 -3.3999999521443642491e+38 -3.3999999521443642491e+38 -3.3999999521443642491e+38 -3.3999999521443642491e+38 20.428125381469726562 20.376287460327148438 20.3209991455078125 20.170000076293945312 20.04000091552734375 19.990999221801757812 20.037000656127929688 20.079000473022460938 20.062000274658203125 20.030000686645507812 20.035999298095703125 20.031000137329101562 20.076999664306640625 20.266000747680664062 20.38899993896484375 20.354000091552734375 20.212999343872070312 20.26399993896484375 20.397998809814453125 20.559999465942382812 20.951000213623046875 21.18199920654296875 21.399000167846679688 21.641000747680664062 21.827999114990234375 21.828998565673828125 21.772998809814453125 21.812999725341796875 21.775999069213867188 21.7089996337890625 21.827999114990234375 22.045999526977539062
-3.3999999521443642491e+38 -3.3999999521443642491e+38 -3.3999999521443642491e+38 -3.3999999521443642491e+38 -3.3999999521443642491e+38 -3.3999999521443642491e+38 -3.3999999521443642491e+38 20.526086807250976562 20.46904754638671875 20.285999298095703125 20.1230010986328125 20.052999496459960938 20.127000808715820312 20.0970001220703125 20.0970001220703125 20.079000473022460938 20.100999832153320312 20.204999923706054688 20.274999618530273438 20.43199920654296875 20.52700042724609375 20.315999984741210938 20.309000015258789062 20.399000167846679688 20.44300079345703125 20.697000503540039062 20.9739990234375 21.33499908447265625 21.68000030517578125 21.715000152587890625 21.899000167846679688 21.844999313354492188 21.776998519897460938 21.58300018310546875 21.742000579833984375 21.781999588012695312 22.006999969482421875 22.187999725341796875
