inputs/cropped_bioclim_bird/wc2.1_5m_tmin_04_band1.asc
ncols        60
nrows        48
xllcorner    -10.000000000000
yllcorner    4.000000000000
cellsize     0.083333333333
[rows 17 to 33 of 48, columns 0 to 37 of 60]
20.423000335693359375 20.214000701904296875 20.1230010986328125 20.030000686645507812 19.93000030517578125 19.757999420166015625 19.729000091552734375 19.621000289916992188 19.524000167846679688 19.391000747680664062 19.461000442504882812 19.5540008544921875 19.496999740600585938 19.5540008544921875 19.552000045776367188 19.589000701904296875 19.850000381469726562 19.855998992919921875 19.700000762939453125 19.754999160766601562 19.799999237060546875 19.83499908447265625 19.988000869750976562 20.135000228881835938 20.326000213623046875 20.344999313354492188 20.483999252319335938 20.60900115966796875 20.75 20.9160003662109375 21.078001022338867188 21.103000640869140625 21.200000762939453125 21.253000259399414062 21.489000320434570312 21.906000137329101562 22.0839996337890625 21.634000778198242188
20.545000076293945312 20.398000717163085938 20.271999359130859375 20.082000732421875 20.06800079345703125 19.921998977661132812 19.74900054931640625 19.621999740600585938 19.502000808715820312 19.519001007080078125 19.437000274658203125 19.49900054931640625 19.696001052856445312 19.754999160766601562 19.689001083374023438 19.871000289916992188 20.033000946044921875 19.865999221801757812 19.829999923706054688 19.937000274658203125 19.892000198364257812 20.024000167846679688 20.114999771118164062 20.256000518798828125 20.502000808715820312 20.56999969482421875 20.659999847412109375 20.743000030517578125 20.781000137329101562 20.904998779296875 21.11100006103515625 21.400999069213867188 21.617000579833984375 21.4589996337890625 21.51399993896484375 21.868000030517578125 22.04199981689453125 21.620000839233398438
20.52899932861328125 20.355998992919921875 20.357000350952148438 20.2779998779296875 20.066999435424804688 19.844999313354492188 19.725000381469726562 19.627000808715820312 19.437000274658203125 19.534000396728515625 19.483999252319335938 19.758998870849609375 19.819000244140625 19.786998748779296875 19.739999771118164062 20.076999664306640625 20.079000473022460938 19.857999801635742188 19.871000289916992188 20.049999237060546875 20.0970001220703125 20.204999923706054688 20.302000045776367188 20.509000778198242188 20.712999343872070312 20.715999603271484375 20.74900054931640625 20.831998825073242188 20.883998870849609375 20.951000213623046875 21.103000640869140625 21.312000274658203125 21.63899993896484375 21.840999603271484375 21.892000198364257812 22.197000503540039062 21.912000656127929688 21.6100006103515625
20.478000640869140625 20.396999359130859375 20.462999343872070312 20.337999343872070312 20.092000961303710938 19.941999435424804688 19.830999374389648438 19.823999404907226562 19.642000198364257812 19.775999069213867188 19.850000381469726562 19.950000762939453125 19.976999282836914062 20.048999786376953125 20.037000656127929688 20.25 20.048000335693359375 19.886999130249023438 19.926000595092773438 20.021999359130859375 20.128999710083007812 20.3339996337890625 20.545000076293945312 20.69300079345703125 20.829999923706054688 20.87599945068359375 20.868999481201171875 20.892000198364257812 21.003999710083007812 21.076999664306640625 21.184000015258789062 21.36100006103515625 21.50099945068359375 21.774000167846679688 22.09799957275390625 22.204999923706054688 21.822000503540039062 21.746999740600585938
20.60900115966796875 20.561000823974609375 20.5 20.324998855590820312 20.191999435424804688 20.048000335693359375 19.9290008544921875 19.993000030517578125 19.996999740600585938 19.975000381469726562 20.047000885009765625 20.08300018310546875 20.061000823974609375 20.158000946044921875 20.406999588012695312 20.256000518798828125 20.030000686645507812 20.023000717163085938 20.127000808715820312 20.145000457763671875 20.22299957275390625 20.350000381469726562 20.519001007080078125 20.647001266479492188 20.816999435424804688 20.978000640869140625 21.034999847412109375 21.052999496459960938 21.10900115966796875 21.245000839233398438 21.497999191284179688 21.592000961303710938 21.613000869750976562 21.69300079345703125 21.850999832153320312 21.990999221801757812 21.921998977661132812 21.880998611450195312
20.674999237060546875 20.660999298095703125 20.533000946044921875 20.396999359130859375 20.295000076293945312 20.201999664306640625 20.169000625610351562 20.116001129150390625 20.059000015258789062 20.020999908447265625 20.13700103759765625 20.148000717163085938 20.133001327514648438 20.39099884033203125 20.3209991455078125 20.100999832153320312 20.1510009765625 20.159999847412109375 20.204999923706054688 20.302000045776367188 20.437999725341796875 20.524999618530273438 20.614999771118164062 20.697000503540039062 20.900999069213867188 21.076999664306640625 21.156000137329101562 21.173000335693359375 21.187000274658203125 21.419000625610351562 21.684999465942382812 21.799999237060546875 21.753999710083007812 21.710000991821289062 21.80699920654296875 21.83599853515625 21.951999664306640625 22.088001251220703125
20.909000396728515625 20.682001113891601562 20.645000457763671875 20.566999435424804688 20.490999221801757812 20.274000167846679688 20.16500091552734375 20.186000823974609375 19.9589996337890625 20.0410003662109375 20.177000045776367188 20.270000457763671875 20.357000350952148438 20.510999679565429688 20.368000030517578125 20.25099945068359375 20.310998916625976562 20.211000442504882812 20.232999801635742188 20.409999847412109375 20.549999237060546875 20.673999786376953125 20.799999237060546875 20.837999343872070312 20.904998779296875 21.121000289916992188 21.36299896240234375 21.3769989013671875 21.437000274658203125 21.686000823974609375 21.83499908447265625 21.968999862670898438 21.913000106811523438 21.947999954223632812 21.951000213623046875 22.004999160766601562 22.0279998779296875 22.144001007080078125
20.9589996337890625 20.8079986572265625 20.725000381469726562 20.628999710083007812 20.590000152587890625 20.437999725341796875 20.36199951171875 20.288000106811523438 20.244998931884765625 20.19300079345703125 20.395000457763671875 20.330999374389648438 20.493000030517578125 20.489999771118164062 20.315999984741210938 20.386999130249023438 20.437999725341796875 20.368999481201171875 20.302000045776367188 20.3470001220703125 20.586999893188476562 20.766000747680664062 20.883998870849609375 20.980998992919921875 21.034999847412109375 21.245000839233398438 21.524999618530273438 21.635000228881835938 21.753000259399414062 21.897998809814453125 22.020000457763671875 22.092000961303710938 22.052999496459960938 22.163000106811523438 22.180999755859375 22.113000869750976562 22.102001190185546875 22.15200042724609375
21.01300048828125 20.907999038696289062 20.805999755859375 20.713001251220703125 20.673000335693359375 20.555999755859375 20.413999557495117188 20.331998825073242188 20.427000045776367188 20.345998764038085938 20.502000808715820312 20.566999435424804688 20.616001129150390625 20.669000625610351562 20.465999603271484375 20.482999801635742188 20.413999557495117188 20.382999420166015625 20.423000335693359375 20.37599945068359375 20.503000259399414062 20.625 20.879999160766601562 21.100999832153320312 21.229000091552734375 21.364999771118164062 21.503000259399414062 21.696001052856445312 21.840999603271484375 22.095001220703125 22.270000457763671875 22.224000930786132812 22.2220001220703125 22.330999374389648438 22.252000808715820312 22.163999557495117188 22.273000717163085938 22.281999588012695312
21.069118499755859375 20.927000045776367188 20.812999725341796875 20.754999160766601562 20.684999465942382812 20.569000244140625 20.548999786376953125 20.343000411987304688 20.437000274658203125 20.548000335693359375 20.634000778198242188 20.658000946044921875 20.684000015258789062 20.682001113891601562 20.590000152587890625 20.504999160766601562 20.454000473022460938 20.533000946044921875 20.406999588012695312 20.490999221801757812 20.579000473022460938 20.711000442504882812 20.935998916625976562 21.1660003662109375 21.326999664306640625 21.47299957275390625 21.544000625610351562 21.68000030517578125 21.808000564575195312 22.0149993896484375 22.295999526977539062 22.37599945068359375 22.378999710083007812 22.410999298095703125 22.284999847412109375 22.281999588012695312 22.3489990234375 22.407999038696289062
20.899999618530273438 20.985185623168945312 20.952999114990234375 20.80500030517578125 20.715999603271484375 20.65200042724609375 20.657001495361328125 20.510000228881835938 20.61100006103515625 20.55500030517578125 20.701000213623046875 20.705999374389648438 20.66699981689453125 20.689001083374023438 20.613000869750976562 20.602001190185546875 20.627000808715820312 20.557001113891601562 20.549999237060546875 20.65000152587890625 20.552000045776367188 20.58300018310546875 20.886999130249023438 21.113000869750976562 21.282999038696289062 21.482999801635742188 21.659999847412109375 21.830999374389648438 21.980998992919921875 22.0279998779296875 22.336000442504882812 22.5279998779296875 22.461999893188476562 22.427999496459960938 22.382999420166015625 22.421998977661132812 22.4739990234375 22.4459991455078125
-3.3999999521443642491e+38 -3.3999999521443642491e+38 20.952726364135742188 20.885000228881835938 20.729999542236328125 20.726999282836914062 20.711999893188476562 20.717000961303710938 20.802000045776367188 20.7649993896484375 20.79199981689453125 20.816999435424804688 20.803998947143554688 20.69300079345703125 20.631000518798828125 20.6790008544921875 20.687999725341796875 20.616001129150390625 20.564001083374023438 20.631000518798828125 20.59799957275390625 20.392000198364257812 20.904998779296875 20.989000320434570312 21.191999435424804688 21.343000411987304688 21.56800079345703125 21.795000076293945312 22.059000015258789062 22.187999725341796875 22.357000350952148438 22.62400054931640625 22.521999359130859375 22.420999526977539062 22.476999282836914062 22.544000625610351562 22.538999557495117188 22.381999969482421875
-3.3999999521443642491e+38 -3.3999999521443642491e+38 -3.3999999521443642491e+38 20.920587539672851562 20.869472503662109375 20.851999282836914062 20.878999710083007812 20.8209991455078125 20.725999832153320312 20.814998626708984375 20.802999496459960938 20.77899932861328125 20.809000015258789062 20.788000106811523438 20.73600006103515625 20.788000106811523438 20.75 20.673999786376953125 20.607999801635742188 20.599000930786132812 20.545000076293945312 20.595001220703125 20.746000289916992188 20.8899993896484375 21.06999969482421875 21.299999237060546875 21.579000473022460938 21.809000015258789062 22.048999786376953125 22.298000335693359375 22.41699981689453125 22.590999603271484375 22.579999923706054688 22.4720001220703125 22.562000274658203125 22.603000640869140625 22.455999374389648438 22.364999771118164062
-3.3999999521443642491e+38 -3.3999999521443642491e+38 -3.3999999521443642491e+38 -3.3999999521443642491e+38 20.983333587646484375 20.970102310180664062 20.899999618530273438 20.798000335693359375 20.740999221801757812 20.864000320434570312 20.803998947143554688 20.803998947143554688 20.838998794555664062 20.812999725341796875 20.770000457763671875 20.7350006103515625 20.73600006103515625 20.814998626708984375 20.6230010986328125 20.6230010986328125 20.676000595092773438 20.701999664306640625 20.742000579833984375 20.795999526977539062 20.962999343872070312 21.267000198364257812 21.521999359130859375 21.798999786376953125 22.135000228881835938 22.399000167846679688 22.482000350952148438 22.52700042724609375 22.579000473022460938 22.558000564575195312 22.600999832153320312 22.510999679565429688 22.381000518798828125 22.30699920654296875
-3.3999999521443642491e+38 -3.3999999521443642491e+38 -3.3999999521443642491e+38 -3.3999999521443642491e+38 -3.3999999521443642491e+38 21 20.931182861328125 20.880998611450195312 20.845998764038085938 20.8079986572265625 20.729000091552734375 20.711999893188476562 20.725999832153320312 20.712999343872070312 20.746000289916992188 20.788999557495117188 20.80500030517578125 20.809000015258789062 20.565999984741210938 20.6529998779296875 20.840999603271484375 20.904998779296875 20.796998977661132812 20.86299896240234375 21.021999359130859375 21.2220001220703125 21.548999786376953125 21.815999984741210938 22.078001022338867188 22.364000320434570312 22.50099945068359375 22.628999710083007812 22.603000640869140625 22.578001022338867188 22.520999908447265625 22.379999160766601562 22.315999984741210938 22.382999420166015625
-3.3999999521443642491e+38 -3.3999999521443642491e+38 -3.3999999521443642491e+38 -3.3999999521443642491e+38 -3.3999999521443642491e+38 -3.3999999521443642491e+38 20.899999618530273438 20.884534835815429688 20.90399932861328125 20.837999343872070312 20.75099945068359375 20.696001052856445312 20.7649993896484375 20.824998855590820312 20.812000274658203125 20.784999847412109375 20.795999526977539062 20.82199859619140625 20.86299896240234375 21.020999908447265625 21.135000228881835938 21.062999725341796875 20.853000640869140625 20.886999130249023438 21.09600067138671875 21.309000015258789062 21.677999496459960938 21.895000457763671875 22.085000991821289062 22.340000152587890625 22.549999237060546875 22.5970001220703125 22.509000778198242188 22.476999282836914062 22.381000518798828125 22.288999557495117188 22.406000137329101562 22.644001007080078125
-3.3999999521443642491e+38 -3.3999999521443642491e+38 -3.3999999521443642491e+38 -3.3999999521443642491e+38 -3.3999999521443642491e+38 -3.3999999521443642491e+38 -3.3999999521443642491e+38 20.9956512451171875 20.96547698974609375 20.892000198364257812 20.795999526977539062 20.725999832153320312 20.826000213623046875 20.798000335693359375 20.79399871826171875 20.798000335693359375 20.805999755859375 20.95800018310546875 21.034000396728515625 21.159000396728515625 21.266000747680664062 21.017999649047851562 20.95800018310546875 21.045000076293945312 21.052000045776367188 21.3339996337890625 21.56999969482421875 21.951000213623046875 22.288999557495117188 22.322000503540039062 22.557001113891601562 22.511999130249023438 22.409999847412109375 22.184999465942382812 22.303998947143554688 22.36100006103515625 22.586999893188476562 22.7649993896484375
