inputs/cropped_bioclim_bird/wc2.1_5m_tmin_11_band1.asc
ncols        60
nrows        48
xllcorner    -10.000000000000
yllcorner    4.000000000000
cellsize     0.083333333333
[rows 17 to 33 of 48, columns 0 to 37 of 60]
21.413000106811523438 21.149999618530273438 20.988000869750976562 20.827999114990234375 20.642999649047851562 20.340000152587890625 20.128000259399414062 19.871999740600585938 19.715000152587890625 19.447999954223632812 19.329000473022460938 19.238000869750976562 19.075000762939453125 19.003000259399414062 18.836999893188476562 18.70999908447265625 18.829000473022460938 18.676000595092773438 18.435998916625976562 18.409000396728515625 18.427000045776367188 18.479000091552734375 18.538999557495117188 18.613000869750976562 18.8209991455078125 18.892000198364257812 19.031000137329101562 19.135999679565429688 19.36100006103515625 19.576999664306640625 19.80699920654296875 19.81800079345703125 19.879999160766601562 19.907999038696289062 20.2779998779296875 20.867000579833984375 21.01399993896484375 20.48799896240234375
21.442998886108398438 21.243000030517578125 21.033000946044921875 20.805999755859375 20.686000823974609375 20.43199920654296875 20.118000030517578125 19.850999832153320312 19.663999557495117188 19.551000595092773438 19.350000381469726562 19.243999481201171875 19.336999893188476562 19.254999160766601562 19.047000885009765625 19.076999664306640625 19.057001113891601562 18.73699951171875 18.604000091552734375 18.654001235961914062 18.548000335693359375 18.66699981689453125 18.729999542236328125 18.809999465942382812 19.016000747680664062 19.133001327514648438 19.26399993896484375 19.354000091552734375 19.428998947143554688 19.548999786376953125 19.812000274658203125 20.229999542236328125 20.462999343872070312 20.191999435424804688 20.301000595092773438 20.812000274658203125 21 20.50099945068359375
21.329999923706054688 21.148000717163085938 21.01399993896484375 20.875 20.61100006103515625 20.336000442504882812 20.052999496459960938 19.80699920654296875 19.559999465942382812 19.576000213623046875 19.396999359130859375 19.509000778198242188 19.454000473022460938 19.33499908447265625 19.107000350952148438 19.288999557495117188 19.177999496459960938 18.81999969482421875 18.739000320434570312 18.843999862670898438 18.841999053955078125 18.909000396728515625 18.947999954223632812 19.087999343872070312 19.232999801635742188 19.322999954223632812 19.393999099731445312 19.4589996337890625 19.516000747680664062 19.533000946044921875 19.699001312255859375 19.942998886108398438 20.392000198364257812 20.691999435424804688 20.812000274658203125 21.113000869750976562 20.801000595092773438 20.452999114990234375
21.1100006103515625 21.0260009765625 20.957000732421875 20.774000167846679688 20.507999420166015625 20.3339996337890625 20.13899993896484375 19.961999893188476562 19.718999862670898438 19.803998947143554688 19.788999557495117188 19.729999542236328125 19.6230010986328125 19.602001190185546875 19.489000320434570312 19.558000564575195312 19.207000732421875 18.926000595092773438 18.850999832153320312 18.900999069213867188 18.979000091552734375 19.088001251220703125 19.197000503540039062 19.352998733520507812 19.450000762939453125 19.503999710083007812 19.503999710083007812 19.504999160766601562 19.575000762939453125 19.606000900268554688 19.715999603271484375 19.934000015258789062 20.135999679565429688 20.551000595092773438 21.019001007080078125 21.118999481201171875 20.645999908447265625 20.558000564575195312
21.031999588012695312 20.944000244140625 20.857000350952148438 20.68000030517578125 20.5279998779296875 20.340000152587890625 20.169000625610351562 20.09799957275390625 20.058000564575195312 19.951000213623046875 19.934000015258789062 19.857000350952148438 19.7350006103515625 19.760000228881835938 19.829999923706054688 19.586999893188476562 19.245000839233398438 19.0410003662109375 19.01300048828125 19.059000015258789062 19.104000091552734375 19.118999481201171875 19.229000091552734375 19.30500030517578125 19.437999725341796875 19.589000701904296875 19.6100006103515625 19.562000274658203125 19.62400054931640625 19.726999282836914062 19.988000869750976562 20.131000518798828125 20.2220001220703125 20.406999588012695312 20.6230010986328125 20.745000839233398438 20.725000381469726562 20.70800018310546875
20.951999664306640625 20.871999740600585938 20.813999176025390625 20.73600006103515625 20.614000320434570312 20.465999603271484375 20.36100006103515625 20.225000381469726562 20.071001052856445312 20.006000518798828125 20.004999160766601562 19.944000244140625 19.850000381469726562 19.965999603271484375 19.746000289916992188 19.454999923706054688 19.357999801635742188 19.232000350952148438 19.141000747680664062 19.22100067138671875 19.3209991455078125 19.326000213623046875 19.326999664306640625 19.409000396728515625 19.548000335693359375 19.689001083374023438 19.746999740600585938 19.697999954223632812 19.680999755859375 19.865999221801757812 20.167999267578125 20.340000152587890625 20.328998565673828125 20.354000091552734375 20.475999832153320312 20.537000656127929688 20.697000503540039062 20.906999588012695312
21.066999435424804688 20.857000350952148438 20.882999420166015625 20.829999923706054688 20.714000701904296875 20.466999053955078125 20.298000335693359375 20.285999298095703125 19.975000381469726562 19.97299957275390625 20.00099945068359375 20.034000396728515625 20.024999618530273438 20.017000198364257812 19.805999755859375 19.590000152587890625 19.517999649047851562 19.326999664306640625 19.22299957275390625 19.310998916625976562 19.428998947143554688 19.47299957275390625 19.531000137329101562 19.524999618530273438 19.576000213623046875 19.717000961303710938 19.904998779296875 19.899999618530273438 19.952999114990234375 20.133001327514648438 20.270000457763671875 20.47299957275390625 20.461999893188476562 20.569000244140625 20.63800048828125 20.712999343872070312 20.729000091552734375 20.88899993896484375
21.006999969482421875 20.907999038696289062 20.900999069213867188 20.792999267578125 20.697999954223632812 20.552000045776367188 20.437000274658203125 20.288999557495117188 20.131999969482421875 20.017999649047851562 20.159000396728515625 20.042999267578125 20.133001327514648438 19.978000640869140625 19.714000701904296875 19.694000244140625 19.677000045776367188 19.520000457763671875 19.354000091552734375 19.267999649047851562 19.4720001220703125 19.573999404907226562 19.625 19.66500091552734375 19.647001266479492188 19.788000106811523438 20.038000106811523438 20.076999664306640625 20.177000045776367188 20.204000473022460938 20.369998931884765625 20.534000396728515625 20.569000244140625 20.742000579833984375 20.802999496459960938 20.786998748779296875 20.829000473022460938 20.900999069213867188
20.927999496459960938 20.881999969482421875 20.837999343872070312 20.718000411987304688 20.700000762939453125 20.61199951171875 20.417999267578125 20.275999069213867188 20.29199981689453125 20.102001190185546875 20.156999588012695312 20.186000823974609375 20.156000137329101562 20.086999893188476562 19.79199981689453125 19.746000289916992188 19.6510009765625 19.52899932861328125 19.447999954223632812 19.336000442504882812 19.383998870849609375 19.4459991455078125 19.65200042724609375 19.792999267578125 19.8339996337890625 19.91699981689453125 20.019001007080078125 20.118000030517578125 20.245000839233398438 20.364999771118164062 20.495000839233398438 20.517000198364257812 20.654001235961914062 20.816999435424804688 20.843999862670898438 20.8489990234375 21.017999649047851562 21.037000656127929688
20.8867645263671875 20.827999114990234375 20.711999893188476562 20.671001434326171875 20.63899993896484375 20.542999267578125 20.461999893188476562 20.219999313354492188 20.271999359130859375 20.256999969482421875 20.286998748779296875 20.275999069213867188 20.201000213623046875 20.062000274658203125 19.89099884033203125 19.753000259399414062 19.656999588012695312 19.66699981689453125 19.544000625610351562 19.579999923706054688 19.537000656127929688 19.59799957275390625 19.73799896240234375 19.919000625610351562 20.024999618530273438 20.065000534057617188 20.076999664306640625 20.170999526977539062 20.232000350952148438 20.382999420166015625 20.621000289916992188 20.673000335693359375 20.810998916625976562 20.906000137329101562 20.904998779296875 20.982000350952148438 21.104000091552734375 21.194000244140625
20.799999237060546875 20.796295166015625 20.785999298095703125 20.6529998779296875 20.59799957275390625 20.538000106811523438 20.520999908447265625 20.317998886108398438 20.355998992919921875 20.184000015258789062 20.298000335693359375 20.270999908447265625 20.170999526977539062 20.079000473022460938 19.95800018310546875 19.823999404907226562 19.796998977661132812 19.770000457763671875 19.743999481201171875 19.76399993896484375 19.61100006103515625 19.534000396728515625 19.7220001220703125 19.93000030517578125 20.042999267578125 20.1660003662109375 20.26399993896484375 20.383998870849609375 20.427000045776367188 20.454999923706054688 20.69499969482421875 20.850000381469726562 20.899000167846679688 21.003999710083007812 21.017000198364257812 21.135999679565429688 21.260999679565429688 21.309999465942382812
-3.3999999521443642491e+38 -3.3999999521443642491e+38 20.789091110229492188 20.70800018310546875 20.602001190185546875 20.552000045776367188 20.531000137329101562 20.466999053955078125 20.476999282836914062 20.350999832153320312 20.315999984741210938 20.292999267578125 20.238000869750976562 20.06999969482421875 19.995000839233398438 19.947999954223632812 19.91699981689453125 19.864999771118164062 19.796998977661132812 19.789999008178710938 19.703001022338867188 19.395000457763671875 19.756000518798828125 19.868000030517578125 20.004999160766601562 20.072000503540039062 20.190000534057617188 20.365999221801757812 20.549999237060546875 20.63899993896484375 20.792999267578125 21.031000137329101562 20.995000839233398438 21.024999618530273438 21.1660003662109375 21.274000167846679688 21.338998794555664062 21.315999984741210938
-3.3999999521443642491e+38 -3.3999999521443642491e+38 -3.3999999521443642491e+38 20.70882415771484375 20.61263275146484375 20.586000442504882812 20.5839996337890625 20.493999481201171875 20.411998748779296875 20.380998611450195312 20.3209991455078125 20.2220001220703125 20.2350006103515625 20.173999786376953125 20.065999984741210938 20.048999786376953125 19.955999374389648438 19.852998733520507812 19.80500030517578125 19.743999481201171875 19.600999832153320312 19.6230010986328125 19.641000747680664062 19.75099945068359375 19.895999908447265625 20.02899932861328125 20.207000732421875 20.39099884033203125 20.572999954223632812 20.798999786376953125 20.910999298095703125 21.120000839233398438 21.100999832153320312 21.072999954223632812 21.292999267578125 21.397998809814453125 21.316999435424804688 21.337999343872070312
-3.3999999521443642491e+38 -3.3999999521443642491e+38 -3.3999999521443642491e+38 -3.3999999521443642491e+38 20.65000152587890625 20.659793853759765625 20.559000015258789062 20.409000396728515625 20.336999893188476562 20.379999160766601562 20.284000396728515625 20.257999420166015625 20.284999847412109375 20.189001083374023438 20.0839996337890625 20.003999710083007812 19.937000274658203125 19.975999832153320312 19.732999801635742188 19.690000534057617188 19.67800140380859375 19.663000106811523438 19.635000228881835938 19.661001205444335938 19.753999710083007812 20.01399993896484375 20.190999984741210938 20.399999618530273438 20.684000015258789062 20.950000762939453125 21.049999237060546875 21.120000839233398438 21.211000442504882812 21.260000228881835938 21.411998748779296875 21.382999420166015625 21.352998733520507812 21.33300018310546875
-3.3999999521443642491e+38 -3.3999999521443642491e+38 -3.3999999521443642491e+38 -3.3999999521443642491e+38 -3.3999999521443642491e+38 20.600000381469726562 20.518280029296875 20.450000762939453125 20.399999618530273438 20.329999923706054688 20.225000381469726562 20.190999984741210938 20.159000396728515625 20.107999801635742188 20.076000213623046875 20.065999984741210938 20.05500030517578125 19.9589996337890625 19.649000167846679688 19.720001220703125 19.815999984741210938 19.869998931884765625 19.742000579833984375 19.76300048828125 19.859998703002929688 19.993000030517578125 20.281000137329101562 20.469999313354492188 20.7089996337890625 21.021999359130859375 21.169000625610351562 21.302999496459960938 21.302000045776367188 21.336999893188476562 21.3769989013671875 21.295999526977539062 21.313999176025390625 21.444000244140625
-3.3999999521443642491e+38 -3.3999999521443642491e+38 -3.3999999521443642491e+38 -3.3999999521443642491e+38 -3.3999999521443642491e+38 -3.3999999521443642491e+38 20.493749618530273438 20.479381561279296875 20.407999038696289062 20.313999176025390625 20.225000381469726562 20.163000106811523438 20.189001083374023438 20.227001190185546875 20.1510009765625 20.031000137329101562 20.009000778198242188 19.9850006103515625 19.948999404907226562 20.069000244140625 20.113000869750976562 20.047000885009765625 19.837999343872070312 19.845998764038085938 19.937000274658203125 20.047000885009765625 20.36199951171875 20.578001022338867188 20.77700042724609375 21.057001113891601562 21.256000518798828125 21.328998565673828125 21.310998916625976562 21.326999664306640625 21.315999984741210938 21.295999526977539062 21.462999343872070312 21.7089996337890625
-3.3999999521443642491e+38 -3.3999999521443642491e+38 -3.3999999521443642491e+38 -3.3999999521443642491e+38 -3.3999999521443642491e+38 -3.3999999521443642491e+38 -3.3999999521443642491e+38 20.513044357299804688 20.484523773193359375 20.378000259399414062 20.288000106811523438 20.189001083374023438 20.229000091552734375 20.197000503540039062 20.13700103759765625 20.057001113891601562 20.006000518798828125 20.114000320434570312 20.133001327514648438 20.210000991821289062 20.26399993896484375 19.979999542236328125 19.906000137329101562 19.981000900268554688 19.95800018310546875 20.131000518798828125 20.3470001220703125 20.697000503540039062 21.066999435424804688 21.092000961303710938 21.323999404907226562 21.300998687744140625 21.285999298095703125 21.107999801635742188 21.267999649047851562 21.393999099731445312 21.614000320434570312 21.841999053955078125
