inputs/cropped_bioclim_bird/wc2.1_5m_tmin_03_band1.asc
ncols        60
nrows        48
xllcorner    -10.000000000000
yllcorner    4.000000000000
cellsize     0.083333333333
[rows 0 to 16 of 48, columns 0 to 37 of 60]
17.740999221801757812 17.744998931884765625 17.525999069213867188 16.9160003662109375 16.326000213623046875 16.476999282836914062 16.27899932861328125 16.080999374389648438 16.06999969482421875 16.062999725341796875 15.850999832153320312 15.923000335693359375 16.140001296997070312 16.159000396728515625 16.113000869750976562 16.072999954223632812 15.914999961853027344 16.04199981689453125 16.22100067138671875 16.44499969482421875 16.572000503540039062 16.73699951171875 16.883998870849609375 17.05500030517578125 17.357999801635742188 17.63700103759765625 17.753000259399414062 17.857999801635742188 18.113000869750976562 18.3600006103515625 18.646999359130859375 18.697999954223632812 18.781999588012695312 19.975000381469726562 20.204000473022460938 20.273000717163085938 20.253999710083007812 20.24900054931640625
18.319000244140625 18.016000747680664062 17.407999038696289062 17.142999649047851562 16.988000869750976562 16.815999984741210938 16.308000564575195312 16.197999954223632812 16.15200042724609375 16.1100006103515625 16.02700042724609375 16.076999664306640625 16.113000869750976562 16.0540008544921875 16.020000457763671875 15.98600006103515625 15.980999946594238281 16.0260009765625 16.0149993896484375 16.30500030517578125 16.572999954223632812 16.704000473022460938 16.753000259399414062 16.965000152587890625 17.226999282836914062 17.368000030517578125 17.69300079345703125 17.882999420166015625 18.176000595092773438 18.413000106811523438 18.452999114990234375 18.412000656127929688 19.135999679565429688 20.016000747680664062 20.253000259399414062 20.190000534057617188 20.126001358032226562 20.11199951171875
18.63899993896484375 17.84799957275390625 17.422000885009765625 17.40200042724609375 17.436000823974609375 16.966999053955078125 16.2779998779296875 16.296998977661132812 16.312999725341796875 16.267000198364257812 16.186000823974609375 16.078001022338867188 15.881999969482421875 15.932000160217285156 15.873999595642089844 15.868000030517578125 16.079000473022460938 16.071001052856445312 15.935000419616699219 16.316999435424804688 16.73699951171875 16.875 16.714000701904296875 16.662000656127929688 17.085000991821289062 17.268999099731445312 17.535999298095703125 17.670999526977539062 17.826999664306640625 17.396999359130859375 17.422000885009765625 17.829999923706054688 18.343000411987304688 19.56999969482421875 20.059999465942382812 20.144001007080078125 20.048000335693359375 20.177000045776367188
18.614000320434570312 18.107999801635742188 18.160999298095703125 18.006000518798828125 17.781000137329101562 17.205999374389648438 16.891000747680664062 16.535999298095703125 16.426000595092773438 16.441999435424804688 16.173999786376953125 15.909999847412109375 15.73699951171875 15.756999969482421875 15.798000335693359375 15.95800018310546875 15.967000007629394531 15.947999954223632812 15.970999717712402344 15.661999702453613281 16.843000411987304688 16.968999862670898438 16.576000213623046875 16.510000228881835938 16.408000946044921875 16.614999771118164062 17.351999282836914062 17.3339996337890625 17.261999130249023438 17.103000640869140625 16.826000213623046875 17.427999496459960938 18.476999282836914062 19.561000823974609375 19.947999954223632812 20.169000625610351562 20.1529998779296875 20.095001220703125
18.655000686645507812 18.648000717163085938 18.61199951171875 18.365999221801757812 18.149000167846679688 17.809999465942382812 17.204999923706054688 16.75 16.440000534057617188 16.417999267578125 16.196001052856445312 16.05699920654296875 15.906000137329101562 15.8470001220703125 15.93000030517578125 15.994000434875488281 15.770999908447265625 15.727999687194824219 15.244999885559082031 14.98600006103515625 16.93199920654296875 17.01300048828125 16.457000732421875 16.274999618530273438 15.793999671936035156 16.572999954223632812 17.371999740600585938 17.2089996337890625 17.093999862670898438 17.253000259399414062 17.24900054931640625 18.142000198364257812 19.177000045776367188 19.49900054931640625 19.87599945068359375 20.197999954223632812 20.163999557495117188 20.076999664306640625
18.9720001220703125 19.242000579833984375 19.156000137329101562 18.81999969482421875 18.48699951171875 17.9739990234375 17.38700103759765625 16.872999191284179688 16.544000625610351562 16.441999435424804688 16.13700103759765625 16.38700103759765625 16.19300079345703125 16.1660003662109375 16.071001052856445312 16.019001007080078125 15.744000434875488281 15.380000114440917969 15.86100006103515625 16.673999786376953125 16.829000473022460938 16.851999282836914062 16.451999664306640625 15.956000328063964844 15.996999740600585938 15.970000267028808594 17.504999160766601562 17.370000839233398438 16.981000900268554688 16.739999771118164062 17.75 18.72100067138671875 19.54199981689453125 19.63899993896484375 19.829000473022460938 20.205999374389648438 20.163000106811523438 20.158000946044921875
19.775999069213867188 19.83499908447265625 19.4459991455078125 19.089000701904296875 18.589000701904296875 18.020999908447265625 17.576000213623046875 17.011999130249023438 16.712999343872070312 16.357000350952148438 16.442998886108398438 16.656000137329101562 16.562000274658203125 16.33300018310546875 16.127000808715820312 15.942000389099121094 15.913000106811523438 15.83300018310546875 16.672000885009765625 16.907999038696289062 17.093000411987304688 17.378999710083007812 17.079000473022460938 16.37400054931640625 15.866999626159667969 16.865999221801757812 17.90200042724609375 17.87400054931640625 17.162000656127929688 17.881000518798828125 18.773000717163085938 19.253999710083007812 19.566999435424804688 19.781999588012695312 20.009000778198242188 20.299999237060546875 20.232000350952148438 20.256999969482421875
20.33300018310546875 19.978000640869140625 19.593000411987304688 19.145000457763671875 18.520999908447265625 18.058000564575195312 17.594999313354492188 17.086999893188476562 16.712999343872070312 16.5279998779296875 16.87599945068359375 16.781999588012695312 16.725999832153320312 16.396999359130859375 16.148000717163085938 16.018999099731445312 16.114999771118164062 16.382999420166015625 16.743000030517578125 17.11100006103515625 17.253000259399414062 17.475999832153320312 17.523000717163085938 17.267999649047851562 17.339000701904296875 17.760999679565429688 18.294000625610351562 18.12400054931640625 18.47299957275390625 18.853000640869140625 18.9589996337890625 19.231000900268554688 19.433000564575195312 19.753000259399414062 20.0839996337890625 20.434999465942382812 20.378000259399414062 20.37599945068359375
20.256000518798828125 19.868000030517578125 19.542999267578125 19.021999359130859375 18.55500030517578125 18.100000381469726562 17.451000213623046875 17.069000244140625 16.864000320434570312 16.993000030517578125 16.979999542236328125 16.923999786376953125 16.899000167846679688 16.836000442504882812 16.5149993896484375 16.330999374389648438 16.51200103759765625 16.684000015258789062 17.0839996337890625 17.350999832153320312 17.492000579833984375 17.673999786376953125 17.827999114990234375 17.910999298095703125 18.086999893188476562 18.36100006103515625 18.461000442504882812 18.586000442504882812 18.771999359130859375 18.989999771118164062 19.145000457763671875 19.340999603271484375 19.399999618530273438 19.8899993896484375 20.190000534057617188 20.4589996337890625 20.437000274658203125 20.440000534057617188
20.037000656127929688 19.739999771118164062 19.420000076293945312 19.016000747680664062 18.503999710083007812 17.7910003662109375 17.399000167846679688 17.201999664306640625 17.190000534057617188 17.121999740600585938 17.127000808715820312 17.055999755859375 17.09600067138671875 16.912000656127929688 16.6790008544921875 16.87599945068359375 17 17.240999221801757812 17.375 17.549999237060546875 17.745000839233398438 17.868999481201171875 18.01399993896484375 18.154001235961914062 18.302000045776367188 18.580999374389648438 18.728000640869140625 18.857000350952148438 18.923999786376953125 19.144001007080078125 19.4459991455078125 19.437999725341796875 19.613000869750976562 20.017000198364257812 20.26399993896484375 20.4739990234375 20.461000442504882812 20.517999649047851562
19.881000518798828125 19.552000045776367188 19.2089996337890625 18.774999618530273438 18.219999313354492188 17.746999740600585938 17.645999908447265625 17.48600006103515625 17.371000289916992188 17.316999435424804688 17.317998886108398438 17.3209991455078125 17.451000213623046875 17.444000244140625 17.517000198364257812 17.685998916625976562 17.52700042724609375 17.565000534057617188 17.715999603271484375 17.909000396728515625 18.076999664306640625 18.16699981689453125 18.256999969482421875 18.475999832153320312 18.585000991821289062 18.761999130249023438 18.840999603271484375 19.031999588012695312 19.229000091552734375 19.48600006103515625 19.530000686645507812 19.565000534057617188 19.69499969482421875 19.823999404907226562 20.177999496459960938 20.578001022338867188 20.510000228881835938 20.593999862670898438
19.739000320434570312 19.3600006103515625 18.940999984741210938 18.537000656127929688 18.158000946044921875 17.935998916625976562 17.770000457763671875 17.635000228881835938 17.582000732421875 17.575000762939453125 17.559000015258789062 17.59799957275390625 17.805999755859375 17.933000564575195312 17.993999481201171875 18.009000778198242188 17.798000335693359375 17.836000442504882812 18.01300048828125 18.229999542236328125 18.468999862670898438 18.544000625610351562 18.586999893188476562 18.707000732421875 18.798999786376953125 18.851999282836914062 19.007999420166015625 19.268999099731445312 19.503999710083007812 19.575000762939453125 19.59600067138671875 19.641000747680664062 19.381000518798828125 19.854000091552734375 20.36199951171875 20.662000656127929688 20.649000167846679688 20.683000564575195312
19.497999191284179688 19.104000091552734375 18.788999557495117188 18.511999130249023438 18.210000991821289062 18.04199981689453125 17.909000396728515625 17.74900054931640625 17.704000473022460938 17.801000595092773438 17.871000289916992188 17.893999099731445312 18.076000213623046875 18.170999526977539062 18.2649993896484375 18.258998870849609375 18.082000732421875 18.135000228881835938 18.329999923706054688 18.578001022338867188 18.7350006103515625 18.795999526977539062 18.798999786376953125 18.867000579833984375 18.914999008178710938 18.94499969482421875 19.23600006103515625 19.406999588012695312 19.646999359130859375 19.717000961303710938 19.753000259399414062 19.843000411987304688 20.092000961303710938 20.353000640869140625 20.585000991821289062 20.795999526977539062 20.746000289916992188 20.780000686645507812
19.275999069213867188 18.921998977661132812 18.808000564575195312 18.626001358032226562 18.3769989013671875 18.214000701904296875 18.030000686645507812 17.924999237060546875 17.919000625610351562 17.980998992919921875 18.155000686645507812 18.198999404907226562 18.288000106811523438 18.357000350952148438 18.329999923706054688 18.27899932861328125 18.285999298095703125 18.354000091552734375 18.607000350952148438 18.782999038696289062 18.924999237060546875 18.921998977661132812 18.9459991455078125 18.975999832153320312 19.007999420166015625 19.076000213623046875 19.283000946044921875 19.433000564575195312 19.799999237060546875 19.885999679565429688 19.937999725341796875 20.047000885009765625 20.268999099731445312 20.489000320434570312 20.644001007080078125 20.940000534057617188 20.866998672485351562 20.897998809814453125
19.30699920654296875 19.090999603271484375 18.928998947143554688 18.795999526977539062 18.621000289916992188 18.4459991455078125 18.239000320434570312 18.191999435424804688 18.18000030517578125 18.219999313354492188 18.351999282836914062 18.354999542236328125 18.419000625610351562 18.461999893188476562 18.52700042724609375 18.51399993896484375 18.6100006103515625 18.65200042724609375 18.892000198364257812 19.021999359130859375 19.092000961303710938 19.037000656127929688 19.1510009765625 19.154001235961914062 19.187999725341796875 19.378999710083007812 19.599000930786132812 19.798000335693359375 19.965000152587890625 20.064001083374023438 20.100999832153320312 20.295999526977539062 20.399000167846679688 20.489999771118164062 20.668001174926757812 21.02899932861328125 21.122999191284179688 21.019001007080078125
19.468000411987304688 19.24900054931640625 19.090999603271484375 18.928998947143554688 18.766000747680664062 18.661001205444335938 18.420000076293945312 18.428998947143554688 18.452999114990234375 18.424999237060546875 18.517000198364257812 18.448999404907226562 18.599000930786132812 18.687000274658203125 18.703001022338867188 18.76300048828125 18.868000030517578125 18.975999832153320312 19.113000869750976562 19.214000701904296875 19.142000198364257812 19.254999160766601562 19.25 19.257999420166015625 19.385000228881835938 19.548999786376953125 19.49900054931640625 19.976999282836914062 20.128000259399414062 20.225000381469726562 20.220001220703125 20.41699981689453125 20.565000534057617188 20.628000259399414062 20.747999191284179688 21.12599945068359375 21.350000381469726562 21.134000778198242188
19.822000503540039062 19.302999496459960938 19.285999298095703125 19.10900115966796875 18.99900054931640625 18.798000335693359375 18.613000869750976562 18.628000259399414062 18.631000518798828125 18.670000076293945312 18.68000030517578125 18.70999908447265625 18.864999771118164062 18.857000350952148438 18.892000198364257812 18.840999603271484375 19.0970001220703125 19.282999038696289062 19.327999114990234375 19.243999481201171875 19.257999420166015625 19.343000411987304688 19.309999465942382812 19.437000274658203125 19.5839996337890625 19.572000503540039062 19.812999725341796875 20.024000167846679688 20.256000518798828125 20.368999481201171875 20.399999618530273438 20.475000381469726562 20.600000381469726562 20.768999099731445312 20.914999008178710938 21.33499908447265625 21.479999542236328125 21.215999603271484375
