inputs/cropped_bioclim_bird/wc2.1_5m_tmin_09_band1.asc
ncols        60
nrows        48
xllcorner    -10.000000000000
yllcorner    4.000000000000
cellsize     0.083333333333
[rows 0 to 16 of 48, columns 0 to 38 of 60]
18.7089996337890625 18.802000045776367188 18.690999984741210938 18.173999786376953125 17.739999771118164062 18.01399993896484375 17.920000076293945312 17.83499908447265625 17.93000030517578125 17.975999832153320312 17.76300048828125 17.899999618530273438 18.211000442504882812 18.23699951171875 18.201999664306640625 18.092000961303710938 17.770000457763671875 17.893999099731445312 17.951000213623046875 17.923000335693359375 17.878000259399414062 17.859998703002929688 17.864000320434570312 17.926000595092773438 18.0410003662109375 18.246999740600585938 18.289999008178710938 18.25099945068359375 18.385999679565429688 18.5540008544921875 18.760999679565429688 18.625 18.496000289916992188 19.656000137329101562 19.868000030517578125 19.9739990234375 19.90399932861328125 19.864000320434570312 19.712999343872070312
19.076000213623046875 18.867000579833984375 18.434999465942382812 18.281000137329101562 18.286998748779296875 18.26399993896484375 17.921998977661132812 17.952999114990234375 18.00099945068359375 18.049999237060546875 18.045999526977539062 18.1230010986328125 18.246999740600585938 18.266000747680664062 18.185001373291015625 18.104000091552734375 17.993999481201171875 17.962999343872070312 17.796998977661132812 17.868999481201171875 17.938999176025390625 17.908000946044921875 17.881999969482421875 17.930999755859375 18.017000198364257812 18.069000244140625 18.267999649047851562 18.355998992919921875 18.520000457763671875 18.673999786376953125 18.575000762939453125 18.337999343872070312 18.87400054931640625 19.691999435424804688 19.920000076293945312 19.948999404907226562 19.829999923706054688 19.760999679565429688 19.649999618530273438
19.207000732421875 18.538000106811523438 18.232999801635742188 18.34600067138671875 18.590000152587890625 18.339000701904296875 17.850000381469726562 18.031999588012695312 18.197000503540039062 18.257999420166015625 18.25099945068359375 18.16699981689453125 18.128999710083007812 18.267999649047851562 18.187999725341796875 18.144001007080078125 18.260999679565429688 18.11199951171875 17.7649993896484375 17.948999404907226562 18.175001144409179688 18.19300079345703125 17.8899993896484375 17.701000213623046875 17.983999252319335938 18.01399993896484375 18.131999969482421875 18.177000045776367188 18.197000503540039062 17.576999664306640625 17.474000930786132812 17.753999710083007812 18.148000717163085938 19.284999847412109375 19.743999481201171875 19.88800048828125 19.824998855590820312 19.871000289916992188 19.716999053955078125
19.00099945068359375 18.6399993896484375 18.773000717163085938 18.8470001220703125 18.840999603271484375 18.51399993896484375 18.417999267578125 18.232000350952148438 18.284999847412109375 18.454000473022460938 18.309999465942382812 18.127000808715820312 18.075000762939453125 18.159999847412109375 18.212999343872070312 18.322999954223632812 18.173999786376953125 17.957000732421875 17.770000457763671875 17.1660003662109375 18.313999176025390625 18.292999267578125 17.767000198364257812 17.565000534057617188 17.233999252319335938 17.282999038696289062 17.979999542236328125 17.802000045776367188 17.577999114990234375 17.29199981689453125 16.871999740600585938 17.336000442504882812 18.288000106811523438 19.4029998779296875 19.756999969482421875 19.935998916625976562 19.926000595092773438 19.70999908447265625 19.770999908447265625
18.895999908447265625 19.073999404907226562 19.190999984741210938 19.115999221801757812 19.173999786376953125 19.062999725341796875 18.63899993896484375 18.410999298095703125 18.298000335693359375 18.427000045776367188 18.378000259399414062 18.327999114990234375 18.245000839233398438 18.284000396728515625 18.344999313354492188 18.329000473022460938 17.954000473022460938 17.740999221801757812 16.87599945068359375 16.336999893188476562 18.420999526977539062 18.30699920654296875 17.631000518798828125 17.261999130249023438 16.572999954223632812 17.229999542236328125 17.952999114990234375 17.670000076293945312 17.395999908447265625 17.421998977661132812 17.288999557495117188 18.05500030517578125 19.045000076293945312 19.341999053955078125 19.700000762939453125 19.976999282836914062 19.904998779296875 19.742000579833984375 19.857000350952148438
19.095001220703125 19.505001068115234375 19.677000045776367188 19.524999618530273438 19.413000106811523438 19.107000350952148438 18.745000839233398438 18.538000106811523438 18.410999298095703125 18.455999374389648438 18.29199981689453125 18.697999954223632812 18.531000137329101562 18.601999282836914062 18.5149993896484375 18.3489990234375 17.868999481201171875 17.201000213623046875 17.552000045776367188 18.38899993896484375 18.3040008544921875 18.104999542236328125 17.55500030517578125 16.88800048828125 16.801000595092773438 16.555999755859375 18.024000167846679688 17.756999969482421875 17.226999282836914062 16.8209991455078125 17.79000091552734375 18.634000778198242188 19.4589996337890625 19.502000808715820312 19.680999755859375 19.997999191284179688 19.881999969482421875 19.836999893188476562 20.034999847412109375
19.707000732421875 20.003000259399414062 19.82199859619140625 19.690000534057617188 19.393999099731445312 19.090000152587890625 18.950000762939453125 18.607000350952148438 18.565000534057617188 18.350000381469726562 18.555999755859375 18.924999237060546875 18.882999420166015625 18.711000442504882812 18.586999893188476562 18.274000167846679688 18.107999801635742188 17.70800018310546875 18.49900054931640625 18.593000411987304688 18.538000106811523438 18.56999969482421875 18.113000869750976562 17.23600006103515625 16.545000076293945312 17.409000396728515625 18.343999862670898438 18.176000595092773438 17.3470001220703125 17.928998947143554688 18.77700042724609375 19.15399932861328125 19.364999771118164062 19.586999893188476562 19.816999435424804688 20.076999664306640625 19.920000076293945312 19.873998641967773438 20.127000808715820312
20.303998947143554688 20.1529998779296875 19.975000381469726562 19.756000518798828125 19.336000442504882812 19.186000823974609375 19.003999710083007812 18.6399993896484375 18.444000244140625 18.437000274658203125 18.938999176025390625 18.923999786376953125 18.951999664306640625 18.660999298095703125 18.510999679565429688 18.372999191284179688 18.227998733520507812 18.30699920654296875 18.4720001220703125 18.632999420166015625 18.576000213623046875 18.578001022338867188 18.440000534057617188 18.0279998779296875 17.927000045776367188 18.184000015258789062 18.659999847412109375 18.38899993896484375 18.604999542236328125 18.883998870849609375 18.951000213623046875 19.12400054931640625 19.19499969482421875 19.5149993896484375 19.815999984741210938 20.086000442504882812 19.979000091552734375 19.9589996337890625 20.1790008544921875
20.253000259399414062 20.065999984741210938 20.0540008544921875 19.731000900268554688 19.4720001220703125 19.201000213623046875 18.872999191284179688 18.593000411987304688 18.497999191284179688 18.882999420166015625 18.968999862670898438 18.921998977661132812 18.923000335693359375 18.80699920654296875 18.524999618530273438 18.340000152587890625 18.368000030517578125 18.375 18.61100006103515625 18.672000885009765625 18.656000137329101562 18.673000335693359375 18.66500091552734375 18.550001144409179688 18.599000930786132812 18.781000137329101562 18.817998886108398438 18.844999313354492188 18.911998748779296875 19.031000137329101562 19.144001007080078125 19.280000686645507812 19.225000381469726562 19.642000198364257812 19.934999465942382812 20.118000030517578125 20.020999908447265625 20.007999420166015625 20.191999435424804688
20.187000274658203125 20.11100006103515625 20.020000457763671875 19.770999908447265625 19.420000076293945312 18.883998870849609375 18.756000518798828125 18.715000152587890625 18.841999053955078125 18.9160003662109375 19.010999679565429688 18.98600006103515625 18.951999664306640625 18.576999664306640625 18.31999969482421875 18.434000015258789062 18.457000732421875 18.545000076293945312 18.562000274658203125 18.631000518798828125 18.740999221801757812 18.744998931884765625 18.729000091552734375 18.733999252319335938 18.788000106811523438 18.9720001220703125 19.031000137329101562 19.113000869750976562 19.092000961303710938 19.211999893188476562 19.435998916625976562 19.341999053955078125 19.461999893188476562 19.795000076293945312 20.033000946044921875 20.154001235961914062 20.0540008544921875 20.08300018310546875 20.27700042724609375
20.242000579833984375 20.11100006103515625 19.858999252319335938 19.590999603271484375 19.146999359130859375 18.87400054931640625 19.0260009765625 18.940999984741210938 18.952999114990234375 18.989000320434570312 19.065000534057617188 18.975999832153320312 18.982000350952148438 18.775999069213867188 18.621999740600585938 18.648000717163085938 18.465000152587890625 18.520000457763671875 18.555999755859375 18.704999923706054688 18.814998626708984375 18.881000518798828125 18.921998977661132812 18.99900054931640625 19.002000808715820312 19.09600067138671875 19.106000900268554688 19.242000579833984375 19.358999252319335938 19.521999359130859375 19.475999832153320312 19.423000335693359375 19.478000640869140625 19.525999069213867188 19.9010009765625 20.259000778198242188 20.148000717163085938 20.16500091552734375 20.327999114990234375
20.284999847412109375 20.065999984741210938 19.696001052856445312 19.423999786376953125 19.261999130249023438 19.173999786376953125 19.128999710083007812 19.113000869750976562 19.065999984741210938 19.076000213623046875 19.080999374389648438 18.969999313354492188 18.947999954223632812 18.858999252319335938 18.669000625610351562 18.555999755859375 18.430999755859375 18.510999679565429688 18.632999420166015625 18.854000091552734375 19.1230010986328125 19.126001358032226562 19.163000106811523438 19.131999969482421875 19.1100006103515625 19.080999374389648438 19.2089996337890625 19.423000335693359375 19.533000946044921875 19.521999359130859375 19.509000778198242188 19.478000640869140625 19.118000030517578125 19.552000045776367188 20.08300018310546875 20.331998825073242188 20.246999740600585938 20.247999191284179688 20.315000534057617188
20.059999465942382812 19.81999969482421875 19.614999771118164062 19.447000503540039062 19.312999725341796875 19.327999114990234375 19.299999237060546875 19.210000991821289062 19.076000213623046875 19.131000518798828125 19.148000717163085938 19.048999786376953125 18.982000350952148438 18.829999923706054688 18.74900054931640625 18.61199951171875 18.452999114990234375 18.582000732421875 18.829999923706054688 19.100999832153320312 19.201000213623046875 19.252000808715820312 19.171001434326171875 19.170000076293945312 19.133001327514648438 19.140001296997070312 19.343999862670898438 19.454999923706054688 19.628999710083007812 19.635000228881835938 19.600000381469726562 19.617000579833984375 19.829999923706054688 20.059000015258789062 20.268999099731445312 20.409999847412109375 20.281999588012695312 20.31999969482421875 20.427000045776367188
19.877000808715820312 19.642999649047851562 19.70800018310546875 19.602001190185546875 19.469999313354492188 19.517000198364257812 19.434000015258789062 19.312000274658203125 19.226999282836914062 19.280000686645507812 19.314998626708984375 19.18000030517578125 19.024999618530273438 18.90399932861328125 18.759000778198242188 18.585000991821289062 18.561000823974609375 18.669000625610351562 18.94499969482421875 19.159999847412109375 19.23699951171875 19.229000091552734375 19.261999130249023438 19.232999801635742188 19.169000625610351562 19.211999893188476562 19.34799957275390625 19.475000381469726562 19.768999099731445312 19.785999298095703125 19.745000839233398438 19.754999160766601562 19.979000091552734375 20.184000015258789062 20.271999359130859375 20.548000335693359375 20.414999008178710938 20.465000152587890625 20.482999801635742188
19.955999374389648438 19.831998825073242188 19.775999069213867188 19.740999221801757812 19.739000320434570312 19.731000900268554688 19.54199981689453125 19.442998886108398438 19.413999557495117188 19.424999237060546875 19.380998611450195312 19.210000991821289062 19.072999954223632812 18.980998992919921875 18.900999069213867188 18.81999969482421875 18.868000030517578125 18.913000106811523438 19.116001129150390625 19.287000656127929688 19.2910003662109375 19.2089996337890625 19.34799957275390625 19.254999160766601562 19.197999954223632812 19.368000030517578125 19.579999923706054688 19.781000137329101562 19.869998931884765625 19.899999618530273438 19.844999313354492188 19.955999374389648438 20.038000106811523438 20.130001068115234375 20.273000717163085938 20.649000167846679688 20.718999862670898438 20.552999496459960938 20.613000869750976562
20.103000640869140625 19.9720001220703125 19.966999053955078125 19.855998992919921875 19.787000656127929688 19.784999847412109375 19.5149993896484375 19.496000289916992188 19.523000717163085938 19.427000045776367188 19.43000030517578125 19.23799896240234375 19.182001113891601562 19.1529998779296875 19.085000991821289062 19.037000656127929688 19.113000869750976562 19.173000335693359375 19.325000762939453125 19.38800048828125 19.2910003662109375 19.299999237060546875 19.259000778198242188 19.302999496459960938 19.397998809814453125 19.451000213623046875 19.406000137329101562 19.881999969482421875 19.965999603271484375 19.989000320434570312 19.955999374389648438 20.071001052856445312 20.2220001220703125 20.257999420166015625 20.365999221801757812 20.711000442504882812 20.898000717163085938 20.618999481201171875 20.697000503540039062
20.418001174926757812 19.9720001220703125 20.104999542236328125 19.982000350952148438 19.89099884033203125 19.759000778198242188 19.593000411987304688 19.614000320434570312 19.538000106811523438 19.544000625610351562 19.496000289916992188 19.381999969482421875 19.338998794555664062 19.284999847412109375 19.215000152587890625 19.05500030517578125 19.260000228881835938 19.386999130249023438 19.437000274658203125 19.326000213623046875 19.340000152587890625 19.38800048828125 19.25 19.410999298095703125 19.534000396728515625 19.440000534057617188 19.672000885009765625 19.868000030517578125 20.058000564575195312 20.121000289916992188 20.135000228881835938 20.156000137329101562 20.253000259399414062 20.37599945068359375 20.566999435424804688 20.937999725341796875 20.990999221801757812 20.677000045776367188 20.70800018310546875
