inputs/cropped_bioclim_bird/wc2.1_5m_tmin_07_band1.asc
ncols        60
nrows        48
xllcorner    -10.000000000000
yllcorner    4.000000000000
cellsize     0.083333333333
[rows 0 to 16 of 48, columns 0 to 37 of 60]
19.2480010986328125 19.301000595092773438 19.1399993896484375 18.69499969482421875 18.274000167846679688 18.496000289916992188 18.302999496459960938 18.184000015258789062 18.204999923706054688 18.13700103759765625 17.851999282836914062 17.87400054931640625 18.082000732421875 18.05500030517578125 17.978000640869140625 17.909999847412109375 17.562000274658203125 17.604000091552734375 17.685001373291015625 17.642000198364257812 17.569000244140625 17.586999893188476562 17.566999435424804688 17.658000946044921875 17.822999954223632812 17.968000411987304688 18.002000808715820312 17.99900054931640625 18.102001190185546875 18.284000396728515625 18.455999374389648438 18.312000274658203125 18.20800018310546875 19.3470001220703125 19.564001083374023438 19.607000350952148438 19.493999481201171875 19.407999038696289062
19.892999649047851562 19.586000442504882812 19.090000152587890625 18.993999481201171875 18.947000503540039062 18.854999542236328125 18.440000534057617188 18.378000259399414062 18.312999725341796875 18.233999252319335938 18.100999832153320312 18.104000091552734375 18.155000686645507812 17.99900054931640625 17.907999038696289062 17.822000503540039062 17.697000503540039062 17.673000335693359375 17.542999267578125 17.592000961303710938 17.618999481201171875 17.631000518798828125 17.576000213623046875 17.586000442504882812 17.718000411987304688 17.760000228881835938 18.010000228881835938 18.144001007080078125 18.281000137329101562 18.409000396728515625 18.25099945068359375 18.02899932861328125 18.5709991455078125 19.393999099731445312 19.5970001220703125 19.572999954223632812 19.404998779296875 19.29399871826171875
20.233999252319335938 19.503999710083007812 19.176000595092773438 19.282999038696289062 19.385000228881835938 19.047000885009765625 18.524999618530273438 18.5839996337890625 18.564001083374023438 18.434999465942382812 18.303998947143554688 18.184000015258789062 17.990999221801757812 17.98600006103515625 17.838998794555664062 17.795000076293945312 17.8899993896484375 17.75099945068359375 17.461000442504882812 17.631999969482421875 17.812000274658203125 17.8470001220703125 17.537000656127929688 17.332000732421875 17.5839996337890625 17.667999267578125 17.854000091552734375 17.94300079345703125 17.948999404907226562 17.311000823974609375 17.187999725341796875 17.47299957275390625 17.857000350952148438 18.9739990234375 19.385000228881835938 19.506000518798828125 19.38899993896484375 19.378000259399414062
20.302000045776367188 19.851999282836914062 19.917999267578125 19.86100006103515625 19.732000350952148438 19.287000656127929688 19.093000411987304688 18.819000244140625 18.649000167846679688 18.662000656127929688 18.378000259399414062 18.11100006103515625 17.926000595092773438 17.909999847412109375 17.857999801635742188 17.906999588012695312 17.756000518798828125 17.5839996337890625 17.407999038696289062 16.81800079345703125 17.930999755859375 17.909000396728515625 17.368999481201171875 17.174999237060546875 16.8339996337890625 16.913999557495117188 17.6660003662109375 17.517000198364257812 17.281999588012695312 16.996000289916992188 16.565000534057617188 17.038999557495117188 17.969999313354492188 19.038000106811523438 19.3489990234375 19.51399993896484375 19.451000213623046875 19.232000350952148438
20.4160003662109375 20.417999267578125 20.409999847412109375 20.190000534057617188 20.065999984741210938 19.798999786376953125 19.313999176025390625 18.94499969482421875 18.659999847412109375 18.642999649047851562 18.4459991455078125 18.296998977661132812 18.1230010986328125 18.00099945068359375 17.97100067138671875 17.9160003662109375 17.464000701904296875 17.295999526977539062 16.493999481201171875 15.975000381469726562 17.9720001220703125 17.923000335693359375 17.214000701904296875 16.86199951171875 16.174999237060546875 16.81999969482421875 17.582000732421875 17.350999832153320312 17.082000732421875 17.089000701904296875 16.969999313354492188 17.76300048828125 18.74900054931640625 19.01300048828125 19.288999557495117188 19.510000228881835938 19.437999725341796875 19.2649993896484375
20.760000228881835938 21.007999420166015625 20.974000930786132812 20.634000778198242188 20.33499908447265625 19.878000259399414062 19.434999465942382812 19.006999969482421875 18.782999038696289062 18.656000137329101562 18.378000259399414062 18.61299896240234375 18.382999420166015625 18.284000396728515625 18.064001083374023438 17.882999420166015625 17.395999908447265625 16.757999420166015625 17.090000152587890625 17.858999252319335938 17.86199951171875 17.69300079345703125 17.128999710083007812 16.464000701904296875 16.378999710083007812 16.159000396728515625 17.648000717163085938 17.409999847412109375 16.922000885009765625 16.517000198364257812 17.479000091552734375 18.350000381469726562 19.156999588012695312 19.16500091552734375 19.282999038696289062 19.573999404907226562 19.464000701904296875 19.420000076293945312
21.542999267578125 21.566999435424804688 21.189001083374023438 20.812000274658203125 20.375 19.851999282836914062 19.506999969482421875 19.079999923706054688 18.822000503540039062 18.47100067138671875 18.600999832153320312 18.812999725341796875 18.631999969482421875 18.392999649047851562 18.0970001220703125 17.79199981689453125 17.558000564575195312 17.16500091552734375 17.968999862670898438 18.05500030517578125 18.023000717163085938 18.104999542236328125 17.614999771118164062 16.781000137329101562 16.15200042724609375 17.020999908447265625 17.9739990234375 17.836000442504882812 17.04199981689453125 17.66500091552734375 18.5279998779296875 18.892999649047851562 19.072000503540039062 19.273000717163085938 19.440999984741210938 19.6660003662109375 19.552999496459960938 19.497999191284179688
21.885000228881835938 21.645000457763671875 21.257999420166015625 20.815999984741210938 20.131000518798828125 19.774000167846679688 19.479000091552734375 19.0709991455078125 18.725999832153320312 18.586000442504882812 18.965000152587890625 18.83300018310546875 18.663000106811523438 18.332000732421875 17.995000839233398438 17.795000076293945312 17.618999481201171875 17.718000411987304688 17.892000198364257812 18.092000961303710938 18.05500030517578125 18.090999603271484375 17.937999725341796875 17.569000244140625 17.562000274658203125 17.843000411987304688 18.30500030517578125 18.049999237060546875 18.354999542236328125 18.687000274658203125 18.670000076293945312 18.829000473022460938 18.933000564575195312 19.197999954223632812 19.438999176025390625 19.739999771118164062 19.62400054931640625 19.599000930786132812
21.572000503540039062 21.40200042724609375 21.131999969482421875 20.56999969482421875 20.051000595092773438 19.673999786376953125 19.2220001220703125 18.881000518798828125 18.705999374389648438 18.935998916625976562 18.923999786376953125 18.864999771118164062 18.707000732421875 18.474000930786132812 18.108999252319335938 17.788000106811523438 17.724000930786132812 17.75099945068359375 17.996000289916992188 18.13700103759765625 18.19300079345703125 18.23600006103515625 18.18000030517578125 18.125 18.218999862670898438 18.409000396728515625 18.441999435424804688 18.497999191284179688 18.628000259399414062 18.746999740600585938 18.812999725341796875 18.926000595092773438 18.88800048828125 19.288999557495117188 19.548000335693359375 19.740999221801757812 19.655000686645507812 19.659999847412109375
21.267999649047851562 21.08300018310546875 20.725000381469726562 20.3470001220703125 19.877000808715820312 19.298999786376953125 18.993000030517578125 18.780000686645507812 18.802000045776367188 18.828998565673828125 18.886999130249023438 18.878000259399414062 18.795000076293945312 18.30500030517578125 17.997999191284179688 17.9739990234375 17.93000030517578125 17.979000091552734375 18.007999420166015625 18.168001174926757812 18.254999160766601562 18.26300048828125 18.2480010986328125 18.308000564575195312 18.371999740600585938 18.565999984741210938 18.670000076293945312 18.742000579833984375 18.73699951171875 18.864000320434570312 19.06800079345703125 18.9589996337890625 19.065999984741210938 19.395999908447265625 19.625 19.77899932861328125 19.694000244140625 19.7220001220703125
21.038000106811523438 20.754999160766601562 20.30500030517578125 19.95999908447265625 19.483999252319335938 19.031000137329101562 18.90399932861328125 18.872999191284179688 18.8339996337890625 18.83499908447265625 18.8339996337890625 18.810998916625976562 18.739000320434570312 18.574001312255859375 18.33499908447265625 18.37599945068359375 18.13700103759765625 18.072000503540039062 18.126001358032226562 18.268999099731445312 18.375 18.392000198364257812 18.45999908447265625 18.642000198364257812 18.621000289916992188 18.73699951171875 18.743999481201171875 18.819000244140625 18.920999526977539062 19.104999542236328125 19.035999298095703125 19.02899932861328125 19.079000473022460938 19.159999847412109375 19.502000808715820312 19.895999908447265625 19.7910003662109375 19.80500030517578125
20.7779998779296875 20.520999908447265625 20.052000045776367188 19.5970001220703125 19.26399993896484375 19.010000228881835938 18.866998672485351562 18.865999221801757812 18.8769989013671875 18.854000091552734375 18.784999847412109375 18.740999221801757812 18.728000640869140625 18.633001327514648438 18.344999313354492188 18.2350006103515625 18.047000885009765625 18.090999603271484375 18.232999801635742188 18.413000106811523438 18.683000564575195312 18.669000625610351562 18.68000030517578125 18.690999984741210938 18.740999221801757812 18.786998748779296875 18.808000564575195312 18.948999404907226562 19.090000152587890625 19.090999603271484375 19.052999496459960938 19.005001068115234375 18.6959991455078125 19.183000564575195312 19.680999755859375 19.97299957275390625 19.923000335693359375 19.914999008178710938
20.450000762939453125 20.156999588012695312 19.798000335693359375 19.4459991455078125 19.12400054931640625 18.941999435424804688 18.86299896240234375 18.866998672485351562 18.789999008178710938 18.86299896240234375 18.757999420166015625 18.788000106811523438 18.84799957275390625 18.613000869750976562 18.421998977661132812 18.289999008178710938 18.142000198364257812 18.211000442504882812 18.358999252319335938 18.5970001220703125 18.7220001220703125 18.779998779296875 18.697999954223632812 18.676000595092773438 18.725000381469726562 18.782999038696289062 18.900999069213867188 18.979999542236328125 19.149000167846679688 19.168001174926757812 19.13700103759765625 19.121000289916992188 19.375 19.6660003662109375 19.871999740600585938 20.031999588012695312 19.948999404907226562 19.948999404907226562
20.11100006103515625 19.869998931884765625 19.717000961303710938 19.451000213623046875 19.131999969482421875 19.042999267578125 18.923000335693359375 18.899999618530273438 18.854999542236328125 18.87599945068359375 18.927999496459960938 18.94499969482421875 18.864999771118164062 18.633001327514648438 18.50099945068359375 18.303998947143554688 18.292999267578125 18.324998855590820312 18.481000900268554688 18.7350006103515625 18.7779998779296875 18.767000198364257812 18.795999526977539062 18.728000640869140625 18.699001312255859375 18.738000869750976562 18.86299896240234375 18.912000656127929688 19.215999603271484375 19.268999099731445312 19.256000518798828125 19.298000335693359375 19.489000320434570312 19.739000320434570312 19.831998825073242188 20.062000274658203125 20.02700042724609375 20.051000595092773438
20.034999847412109375 19.850999832153320312 19.658000946044921875 19.4850006103515625 19.344999313354492188 19.201000213623046875 19.020999908447265625 18.988000869750976562 18.97299957275390625 18.982000350952148438 19.003000259399414062 18.910999298095703125 18.798999786376953125 18.72100067138671875 18.676000595092773438 18.595001220703125 18.531000137329101562 18.531999588012695312 18.782999038696289062 18.920999526977539062 18.896999359130859375 18.857999801635742188 18.909999847412109375 18.829999923706054688 18.768999099731445312 18.913999557495117188 19.085000991821289062 19.225999832153320312 19.329999923706054688 19.365999221801757812 19.350999832153320312 19.504999160766601562 19.595001220703125 19.676000595092773438 19.819000244140625 20.12400054931640625 20.242000579833984375 20.13700103759765625
20.031999588012695312 19.881000518798828125 19.686000823974609375 19.551000595092773438 19.440999984741210938 19.319000244140625 19.076999664306640625 19.052000045776367188 19.062000274658203125 19.004999160766601562 19.048999786376953125 18.933000564575195312 18.954000473022460938 18.917999267578125 18.802999496459960938 18.774000167846679688 18.836999893188476562 18.910999298095703125 18.996000289916992188 18.979999542236328125 18.900999069213867188 18.988000869750976562 18.93000030517578125 18.879999160766601562 18.892000198364257812 18.989000320434570312 18.948999404907226562 19.369998931884765625 19.4720001220703125 19.4739990234375 19.4459991455078125 19.590999603271484375 19.753999710083007812 19.8079986572265625 19.923999786376953125 20.229000091552734375 20.393999099731445312 20.217000961303710938
20.201000213623046875 19.788999557495117188 19.767999649047851562 19.640001296997070312 19.524000167846679688 19.343999862670898438 19.158000946044921875 19.15399932861328125 19.121999740600585938 19.142999649047851562 19.09799957275390625 19.10900115966796875 19.176000595092773438 19.059999465942382812 18.93000030517578125 18.91699981689453125 19.078001022338867188 19.149000167846679688 19.107000350952148438 18.97100067138671875 18.98600006103515625 18.996999740600585938 18.871999740600585938 18.979999542236328125 19.0149993896484375 18.964000701904296875 19.177999496459960938 19.33499908447265625 19.521999359130859375 19.569000244140625 19.603000640869140625 19.635000228881835938 19.75099945068359375 19.914999008178710938 20.078001022338867188 20.410999298095703125 20.502000808715820312 20.301000595092773438
