inputs/cropped_bioclim_bird/wc2.1_5m_tmin_05_band1.asc
ncols        60
nrows        48
xllcorner    -10.000000000000
yllcorner    4.000000000000
cellsize     0.083333333333
[rows 0 to 16 of 48, columns 0 to 37 of 60]
18.739999771118164062 18.773000717163085938 18.625 18.0989990234375 17.549999237060546875 17.781000137329101562 17.700000762939453125 17.5540008544921875 17.617000579833984375 17.645999908447265625 17.441999435424804688 17.572999954223632812 17.879999160766601562 17.968999862670898438 17.9459991455078125 17.892000198364257812 17.635000228881835938 17.782999038696289062 17.980998992919921875 18.09600067138671875 18.170000076293945312 18.2779998779296875 18.3470001220703125 18.475999832153320312 18.690999984741210938 18.907999038696289062 19.0410003662109375 19.0540008544921875 19.198999404907226562 19.434000015258789062 19.65399932861328125 19.548000335693359375 19.497999191284179688 20.69499969482421875 20.964000701904296875 21.003000259399414062 20.910999298095703125 20.886999130249023438
19.078001022338867188 18.812000274658203125 18.31999969482421875 18.13800048828125 18.020999908447265625 17.941999435424804688 17.607999801635742188 17.604000091552734375 17.641000747680664062 17.66699981689453125 17.663999557495117188 17.740999221801757812 17.81999969482421875 17.8470001220703125 17.841999053955078125 17.81999969482421875 17.766000747680664062 17.816999435424804688 17.822999954223632812 18.023000717163085938 18.156999588012695312 18.267999649047851562 18.287000656127929688 18.436000823974609375 18.620000839233398438 18.725999832153320312 18.961000442504882812 19.104999542236328125 19.312000274658203125 19.483999252319335938 19.420999526977539062 19.232999801635742188 19.864999771118164062 20.74900054931640625 20.996000289916992188 20.948999404907226562 20.817998886108398438 20.756000518798828125
19.1529998779296875 18.382999420166015625 18.087999343872070312 18.229999542236328125 18.36100006103515625 18.0149993896484375 17.489999771118164062 17.647001266479492188 17.789999008178710938 17.798000335693359375 17.812000274658203125 17.75099945068359375 17.607999801635742188 17.76599884033203125 17.725999832153320312 17.72100067138671875 17.917999267578125 17.885000228881835938 17.725999832153320312 18.05500030517578125 18.371000289916992188 18.482999801635742188 18.240999221801757812 18.142999649047851562 18.496999740600585938 18.628999710083007812 18.788999557495117188 18.870000839233398438 18.93199920654296875 18.350000381469726562 18.31999969482421875 18.646999359130859375 19.107999801635742188 20.309000015258789062 20.770999908447265625 20.868000030517578125 20.768999099731445312 20.836000442504882812
18.881000518798828125 18.423999786376953125 18.531999588012695312 18.571001052856445312 18.579000473022460938 18.187999725341796875 18.062999725341796875 17.823999404907226562 17.836000442504882812 17.954000473022460938 17.812999725341796875 17.644001007080078125 17.520999908447265625 17.628999710083007812 17.662000656127929688 17.798000335693359375 17.770000457763671875 17.687999725341796875 17.691999435424804688 17.259000778198242188 18.5 18.599000930786132812 18.087999343872070312 17.960000991821289062 17.683000564575195312 17.829000473022460938 18.558000564575195312 18.447000503540039062 18.288000106811523438 18.062999725341796875 17.676000595092773438 18.229000091552734375 19.268999099731445312 20.378999710083007812 20.673999786376953125 20.875 20.87599945068359375 20.70999908447265625
18.701000213623046875 18.753999710083007812 18.843999862670898438 18.77899932861328125 18.868999481201171875 18.742000579833984375 18.315999984741210938 17.979000091552734375 17.802999496459960938 17.898000717163085938 17.809999465942382812 17.782999038696289062 17.670000076293945312 17.69300079345703125 17.75099945068359375 17.771999359130859375 17.489999771118164062 17.413000106811523438 16.80500030517578125 16.44300079345703125 18.555999755859375 18.573999404907226562 17.947999954223632812 17.655000686645507812 17.031000137329101562 17.770000457763671875 18.531999588012695312 18.285999298095703125 18.107000350952148438 18.197999954223632812 18.114000320434570312 18.950000762939453125 19.990999221801757812 20.26399993896484375 20.582000732421875 20.909999847412109375 20.871999740600585938 20.726999282836914062
18.812000274658203125 19.11100006103515625 19.225000381469726562 19.163999557495117188 19.104000091552734375 18.808000564575195312 18.40200042724609375 18.080999374389648438 17.910999298095703125 17.90200042724609375 17.7220001220703125 18.0989990234375 17.921998977661132812 17.967000961303710938 17.872999191284179688 17.785999298095703125 17.4290008544921875 16.940000534057617188 17.40200042724609375 18.309999465942382812 18.357000350952148438 18.312000274658203125 17.881999969482421875 17.266000747680664062 17.232000350952148438 17.058000564575195312 18.617000579833984375 18.396999359130859375 17.938999176025390625 17.5970001220703125 18.617000579833984375 19.507999420166015625 20.351999282836914062 20.412000656127929688 20.547000885009765625 20.891000747680664062 20.822000503540039062 20.789999008178710938
19.43199920654296875 19.687000274658203125 19.4160003662109375 19.338998794555664062 19.12599945068359375 18.77700042724609375 18.558000564575195312 18.159000396728515625 18.038000106811523438 17.788999557495117188 18.006999969482421875 18.340000152587890625 18.295000076293945312 18.067998886108398438 17.883998870849609375 17.674999237060546875 17.61100006103515625 17.3489990234375 18.302000045776367188 18.5279998779296875 18.582000732421875 18.822000503540039062 18.47100067138671875 17.629999160766601562 16.981000900268554688 17.978000640869140625 18.975999832153320312 18.863000869750976562 18.05699920654296875 18.73600006103515625 19.641000747680664062 20.063999176025390625 20.274000167846679688 20.492000579833984375 20.661001205444335938 20.937000274658203125 20.841999053955078125 20.836000442504882812
20.079999923706054688 19.795999526977539062 19.590000152587890625 19.377000808715820312 18.947999954223632812 18.775999069213867188 18.559000015258789062 18.2220001220703125 17.990999221801757812 17.928998947143554688 18.39099884033203125 18.382999420166015625 18.378999710083007812 18.072000503540039062 17.857999801635742188 17.74900054931640625 17.758998870849609375 17.976999282836914062 18.298000335693359375 18.628000259399414062 18.689001083374023438 18.850000381469726562 18.815000534057617188 18.448999404907226562 18.440000534057617188 18.811000823974609375 19.34799957275390625 19.076999664306640625 19.378000259399414062 19.756000518798828125 19.859998703002929688 20.037000656127929688 20.11100006103515625 20.393999099731445312 20.646999359130859375 20.975000381469726562 20.90399932861328125 20.89099884033203125
20.131999969482421875 19.743000030517578125 19.63899993896484375 19.34799957275390625 19.082000732421875 18.840000152587890625 18.405000686645507812 18.19499969482421875 18.08300018310546875 18.409000396728515625 18.4720001220703125 18.478000640869140625 18.495000839233398438 18.419000625610351562 18.131000518798828125 17.927000045776367188 18.079000473022460938 18.215999603271484375 18.589000701904296875 18.8470001220703125 18.920999526977539062 19.047000885009765625 19.05500030517578125 19.048000335693359375 19.1959991455078125 19.447000503540039062 19.548000335693359375 19.625 19.725000381469726562 19.9029998779296875 20.020000457763671875 20.128000259399414062 20.09600067138671875 20.51399993896484375 20.789999008178710938 20.9850006103515625 20.869998931884765625 20.881000518798828125
20.086000442504882812 19.893999099731445312 19.687999725341796875 19.455999374389648438 19.145000457763671875 18.551000595092773438 18.368000030517578125 18.309999465942382812 18.423000335693359375 18.507999420166015625 18.58100128173828125 18.564001083374023438 18.627000808715820312 18.413999557495117188 18.187000274658203125 18.371000289916992188 18.455999374389648438 18.6529998779296875 18.801000595092773438 18.975999832153320312 19.10900115966796875 19.171001434326171875 19.228000640869140625 19.351999282836914062 19.428998947143554688 19.6529998779296875 19.784000396728515625 19.882999420166015625 19.857000350952148438 20.0260009765625 20.254999160766601562 20.16500091552734375 20.301000595092773438 20.628000259399414062 20.868000030517578125 20.996999740600585938 20.878999710083007812 20.913000106811523438
20.148000717163085938 19.87400054931640625 19.580999374389648438 19.299999237060546875 18.868999481201171875 18.58300018310546875 18.677000045776367188 18.654001235961914062 18.641000747680664062 18.683000564575195312 18.700000762939453125 18.696001052856445312 18.86299896240234375 18.871999740600585938 18.93000030517578125 19.045999526977539062 18.857000350952148438 18.89099884033203125 19.031000137329101562 19.201999664306640625 19.313999176025390625 19.407999038696289062 19.50099945068359375 19.674999237060546875 19.774000167846679688 19.875 19.865999221801757812 20.010000228881835938 20.13800048828125 20.315000534057617188 20.288999557495117188 20.231000900268554688 20.271999359130859375 20.311000823974609375 20.667999267578125 21.017999649047851562 20.919000625610351562 20.927999496459960938
20.114000320434570312 19.792999267578125 19.426000595092773438 19.1399993896484375 18.938999176025390625 18.886999130249023438 18.854000091552734375 18.79199981689453125 18.7910003662109375 18.850000381469726562 18.83499908447265625 18.896999359130859375 19.071001052856445312 19.183000564575195312 19.239000320434570312 19.243000030517578125 19.021999359130859375 19.116001129150390625 19.2649993896484375 19.426000595092773438 19.672000885009765625 19.753999710083007812 19.782999038696289062 19.838998794555664062 19.907999038696289062 19.9029998779296875 20.004999160766601562 20.197000503540039062 20.357999801635742188 20.350000381469726562 20.327999114990234375 20.23600006103515625 19.830999374389648438 20.27700042724609375 20.812999725341796875 21.078001022338867188 21.017000198364257812 21.004999160766601562
19.955999374389648438 19.600999832153320312 19.3600006103515625 19.173999786376953125 19.030000686645507812 19.030000686645507812 19.009000778198242188 18.923000335693359375 18.895000457763671875 19.030000686645507812 19.095001220703125 19.131999969482421875 19.315000534057617188 19.354000091552734375 19.420000076293945312 19.420999526977539062 19.239000320434570312 19.329999923706054688 19.488000869750976562 19.700000762939453125 19.83300018310546875 19.914999008178710938 19.872999191284179688 19.91699981689453125 19.93000030517578125 19.923999786376953125 20.159000396728515625 20.242000579833984375 20.45999908447265625 20.506000518798828125 20.430999755859375 20.381000518798828125 20.552999496459960938 20.77700042724609375 20.993999481201171875 21.159999847412109375 21.05500030517578125 21.059000015258789062
19.825000762939453125 19.510999679565429688 19.497999191284179688 19.399999618530273438 19.205999374389648438 19.20800018310546875 19.092000961303710938 19.04000091552734375 19.086000442504882812 19.173999786376953125 19.336000442504882812 19.413000106811523438 19.483999252319335938 19.51300048828125 19.483999252319335938 19.3899993896484375 19.424999237060546875 19.478000640869140625 19.672000885009765625 19.84799957275390625 19.947000503540039062 19.882999420166015625 19.912000656127929688 19.927999496459960938 19.951000213623046875 19.95800018310546875 20.075000762939453125 20.198999404907226562 20.572000503540039062 20.604000091552734375 20.573999404907226562 20.586000442504882812 20.747999191284179688 20.927999496459960938 20.992000579833984375 21.22299957275390625 21.131999969482421875 21.131999969482421875
19.899000167846679688 19.75099945068359375 19.645999908447265625 19.590999603271484375 19.493000030517578125 19.406000137329101562 19.23600006103515625 19.238000869750976562 19.299999237060546875 19.364999771118164062 19.497999191284179688 19.531000137329101562 19.564001083374023438 19.593999862670898438 19.59799957275390625 19.572000503540039062 19.659000396728515625 19.694000244140625 19.88899993896484375 19.993000030517578125 19.979999542236328125 19.909999847412109375 19.982000350952148438 19.920000076293945312 19.951999664306640625 20.156000137329101562 20.327999114990234375 20.510000228881835938 20.63800048828125 20.700000762939453125 20.700000762939453125 20.801000595092773438 20.823999404907226562 20.87599945068359375 20.990999221801757812 21.270999908447265625 21.3339996337890625 21.175001144409179688
20.066999435424804688 19.93199920654296875 19.826999664306640625 19.729000091552734375 19.614999771118164062 19.5839996337890625 19.393999099731445312 19.435998916625976562 19.50099945068359375 19.510999679565429688 19.60900115966796875 19.5279998779296875 19.645999908447265625 19.696001052856445312 19.6660003662109375 19.746000289916992188 19.843999862670898438 19.920999526977539062 20.045999526977539062 20.104000091552734375 19.979000091552734375 20.017999649047851562 19.966999053955078125 19.927000045776367188 20.048000335693359375 20.196001052856445312 20.12599945068359375 20.631000518798828125 20.752000808715820312 20.836000442504882812 20.784999847412109375 20.855998992919921875 20.940000534057617188 20.976999282836914062 21.061000823974609375 21.3339996337890625 21.448999404907226562 21.20600128173828125
20.43000030517578125 19.95800018310546875 20.011999130249023438 19.906999588012695312 19.8489990234375 19.696001052856445312 19.5839996337890625 19.614999771118164062 19.627000808715820312 19.711999893188476562 19.690000534057617188 19.680999755859375 19.842998504638671875 19.8209991455078125 19.766000747680664062 19.7089996337890625 19.9589996337890625 20.08300018310546875 20.134000778198242188 20.003000259399414062 19.954999923706054688 19.98699951171875 19.934000015258789062 20.030000686645507812 20.142000198364257812 20.127000808715820312 20.327999114990234375 20.557001113891601562 20.756999969482421875 20.892000198364257812 20.906000137329101562 20.841999053955078125 20.911998748779296875 21.02899932861328125 21.128000259399414062 21.412000656127929688 21.51399993896484375 21.24900054931640625
