inputs/cropped_bioclim_bird/wc2.1_5m_tmin_12_band1.asc
ncols        60
nrows        48
xllcorner    -10.000000000000
yllcorner    4.000000000000
cellsize     0.083333333333
[rows 0 to 16 of 48, columns 0 to 37 of 60]
16.823999404907226562 16.68199920654296875 16.312000274658203125 15.512999534606933594 14.737000465393066406 14.694000244140625 14.293999671936035156 14.024000167846679688 13.982000350952148438 13.975999832153320312 13.755999565124511719 13.77700042724609375 13.897000312805175781 13.904999732971191406 13.855999946594238281 13.817000389099121094 13.592000007629394531 13.560000419616699219 13.589000701904296875 13.670000076293945312 13.796999931335449219 13.915999412536621094 13.998999595642089844 14.142000198364257812 14.335999488830566406 14.595999717712402344 14.598999977111816406 14.670000076293945312 14.930999755859375 15.182000160217285156 15.55500030517578125 15.836000442504882812 16.018999099731445312 16.780000686645507812 16.964000701904296875 17.177000045776367188 17.256000518798828125 17.378999710083007812
17.634000778198242188 17.19300079345703125 16.378999710083007812 15.979000091552734375 15.678999900817871094 15.241999626159667969 14.505000114440917969 14.378999710083007812 14.2779998779296875 14.215000152587890625 14.118000030517578125 14.100999832153320312 14.08300018310546875 14.005000114440917969 13.934999465942382812 13.883999824523925781 13.816999435424804688 13.75099945068359375 13.654999732971191406 13.828999519348144531 14.038999557495117188 14.095999717712402344 14.072000503540039062 14.109000205993652344 14.270999908447265625 14.439999580383300781 14.6529998779296875 14.800000190734863281 14.982999801635742188 15.196000099182128906 15.364999771118164062 15.51399993896484375 16.301000595092773438 16.893999099731445312 17.0540008544921875 17.149999618530273438 17.294000625610351562 17.450000762939453125
18.215999603271484375 17.295000076293945312 16.658000946044921875 16.49900054931640625 16.4010009765625 15.682000160217285156 14.70800018310546875 14.710000038146972656 14.711000442504882812 14.628000259399414062 14.524999618530273438 14.354999542236328125 14.107000350952148438 14.121999740600585938 14.052000045776367188 14.01399993896484375 14.11100006103515625 14.001999855041503906 13.762999534606933594 14.05500030517578125 14.305999755859375 14.342000007629394531 14.170999526977539062 14.052000045776367188 14.286000251770019531 14.420000076293945312 14.664999961853027344 14.781999588012695312 14.857999801635742188 14.557000160217285156 14.649999618530273438 15.154999732971191406 15.626000404357910156 16.63800048828125 16.968000411987304688 17.201000213623046875 17.329000473022460938 17.551000595092773438
18.506999969482421875 17.80699920654296875 17.676000595092773438 17.420000076293945312 17.05500030517578125 16.30500030517578125 15.8339996337890625 15.336999893188476562 15.095999717712402344 15.046000480651855469 14.751000404357910156 14.435000419616699219 14.279000282287597656 14.213999748229980469 14.229999542236328125 14.326000213623046875 14.286999702453613281 14.109999656677246094 13.885999679565429688 13.687000274658203125 14.5970001220703125 14.621000289916992188 14.211999893188476562 14.100000381469726562 14.026000022888183594 14.116000175476074219 14.671000480651855469 14.673000335693359375 14.522999763488769531 14.340000152587890625 14.26399993896484375 14.894000053405761719 15.835000038146972656 16.72299957275390625 17.016000747680664062 17.285999298095703125 17.413000106811523438 17.543001174926757812
18.8040008544921875 18.677000045776367188 18.454999923706054688 18.066999435424804688 17.719999313354492188 17.23699951171875 16.476999282836914062 15.838999748229980469 15.364000320434570312 15.262000083923339844 15.003000259399414062 14.9160003662109375 14.753000259399414062 14.576000213623046875 14.590000152587890625 14.576000213623046875 14.284000396728515625 14.098000526428222656 13.496000289916992188 13.279999732971191406 14.928999900817871094 14.914999961853027344 14.296999931335449219 14.064999580383300781 13.604000091552734375 14.145999908447265625 14.781000137329101562 14.5839996337890625 14.345000267028808594 14.48600006103515625 14.685999870300292969 15.489000320434570312 16.301000595092773438 16.635000228881835938 16.975000381469726562 17.371000289916992188 17.483999252319335938 17.571001052856445312
19.4739990234375 19.628999710083007812 19.327999114990234375 18.81800079345703125 18.330999374389648438 17.66699981689453125 16.913999557495117188 16.214000701904296875 15.711999893188476562 15.506999969482421875 15.232000350952148438 15.480999946594238281 15.27700042724609375 15.177000045776367188 14.918999671936035156 14.848999977111816406 14.442000389099121094 13.932000160217285156 14.395999908447265625 14.994999885559082031 15.071999549865722656 14.967000007629394531 14.479000091552734375 13.904999732971191406 13.810999870300292969 13.802000045776367188 15.008000373840332031 14.786000251770019531 14.423999786376953125 14.270000457763671875 15.095000267028808594 15.855999946594238281 16.496999740600585938 16.68000030517578125 16.979000091552734375 17.434999465942382812 17.562999725341796875 17.697999954223632812
20.649000167846679688 20.413999557495117188 19.853000640869140625 19.30500030517578125 18.646999359130859375 17.923000335693359375 17.326000213623046875 16.590000152587890625 16.100000381469726562 15.605999946594238281 15.685999870300292969 15.802000045776367188 15.703000068664550781 15.468000411987304688 15.175999641418457031 14.980999946594238281 14.734999656677246094 14.538999557495117188 15.164999961853027344 15.234999656677246094 15.288999557495117188 15.423000335693359375 15.04199981689453125 14.376999855041503906 13.843999862670898438 14.574000358581542969 15.354000091552734375 15.184000015258789062 14.682999610900878906 15.105999946594238281 15.713000297546386719 16.1529998779296875 16.497999191284179688 16.809000015258789062 17.186000823974609375 17.573999404907226562 17.656999588012695312 17.767999649047851562
21.156000137329101562 20.729999542236328125 20.174999237060546875 19.537000656127929688 18.785999298095703125 18.163999557495117188 17.55500030517578125 16.827999114990234375 16.242000579833984375 15.932999610900878906 16.142000198364257812 15.946000099182128906 15.890000343322753906 15.562999725341796875 15.230000495910644531 15.062999725341796875 14.9720001220703125 15.012000083923339844 15.234000205993652344 15.427999496459960938 15.415999412536621094 15.529999732971191406 15.493000030517578125 15.232999801635742188 15.168999671936035156 15.364999771118164062 15.623999595642089844 15.425000190734863281 15.5839996337890625 15.631999969482421875 15.76399993896484375 16.13800048828125 16.524999618530273438 16.891000747680664062 17.3339996337890625 17.837999343872070312 17.907999038696289062 17.930999755859375
21.121000289916992188 20.770000457763671875 20.259000778198242188 19.614999771118164062 18.95999908447265625 18.336000442504882812 17.492000579833984375 16.871000289916992188 16.503000259399414062 16.4589996337890625 16.281999588012695312 16.149000167846679688 16.0149993896484375 15.859999656677246094 15.505000114440917969 15.213000297546386719 15.218000411987304688 15.239999771118164062 15.47299957275390625 15.600999832153320312 15.631999969482421875 15.671000480651855469 15.690999984741210938 15.703999519348144531 15.739999771118164062 15.81999969482421875 15.73600006103515625 15.755999565124511719 15.798000335693359375 15.932999610900878906 16.11199951171875 16.406999588012695312 16.614999771118164062 17.173999786376953125 17.532999038696289062 17.993000030517578125 18.107000350952148438 18.0970001220703125
20.940999984741210938 20.563999176025390625 20.12400054931640625 19.615999221801757812 18.9720001220703125 18.080999374389648438 17.433000564575195312 17.072000503540039062 16.867000579833984375 16.613000869750976562 16.440000534057617188 16.247999191284179688 16.117000579833984375 15.810999870300292969 15.572999954223632812 15.524999618530273438 15.484999656677246094 15.58300018310546875 15.621999740600585938 15.760999679565429688 15.815999984741210938 15.781000137329101562 15.803999900817871094 15.892999649047851562 15.920000076293945312 16.031999588012695312 16.093999862670898438 16.184999465942382812 16.173000335693359375 16.33300018310546875 16.6510009765625 16.698999404907226562 16.93199920654296875 17.336000442504882812 17.688999176025390625 18.104999542236328125 18.197999954223632812 18.231000900268554688
20.589000701904296875 20.240999221801757812 19.809999465942382812 19.368000030517578125 18.7350006103515625 18.05500030517578125 17.72299957275390625 17.409999847412109375 17.048000335693359375 16.784999847412109375 16.600000381469726562 16.365999221801757812 16.27700042724609375 16.145000457763671875 16.031000137329101562 15.980999946594238281 15.725999832153320312 15.706999778747558594 15.864999771118164062 16.05500030517578125 16.1100006103515625 16.115999221801757812 16.162000656127929688 16.284999847412109375 16.330999374389648438 16.399999618530273438 16.413000106811523438 16.520999908447265625 16.65399932861328125 16.871000289916992188 16.927000045776367188 16.9739990234375 17.190000534057617188 17.437999725341796875 17.774999618530273438 18.3209991455078125 18.38899993896484375 18.404998779296875
20.260000228881835938 19.97100067138671875 19.566999435424804688 19.100999832153320312 18.65399932861328125 18.19499969482421875 17.826999664306640625 17.511999130249023438 17.187000274658203125 16.982999801635742188 16.756999969482421875 16.506000518798828125 16.428998947143554688 16.3489990234375 16.197999954223632812 16.04000091552734375 15.86199951171875 15.923000335693359375 16.11199951171875 16.298999786376953125 16.492000579833984375 16.506999969482421875 16.469999313354492188 16.5260009765625 16.531000137329101562 16.524999618530273438 16.659000396728515625 16.850999832153320312 17.05699920654296875 17.144001007080078125 17.156000137329101562 17.239000320434570312 17.188999176025390625 17.676000595092773438 18.0540008544921875 18.524000167846679688 18.586999893188476562 18.552999496459960938
19.97299957275390625 19.648000717163085938 19.312000274658203125 18.941999435424804688 18.562999725341796875 18.281999588012695312 17.992000579833984375 17.621999740600585938 17.282999038696289062 17.131999969482421875 16.979000091552734375 16.746000289916992188 16.63700103759765625 16.4589996337890625 16.322999954223632812 16.189001083374023438 16.021999359130859375 16.108999252319335938 16.36100006103515625 16.614000320434570312 16.732999801635742188 16.743000030517578125 16.691999435424804688 16.729999542236328125 16.704999923706054688 16.697000503540039062 16.937999725341796875 17.0970001220703125 17.302000045776367188 17.423999786376953125 17.451000213623046875 17.520999908447265625 17.906000137329101562 18.232000350952148438 18.3600006103515625 18.704000473022460938 18.756999969482421875 18.746000289916992188
19.622999191284179688 19.3470001220703125 19.15399932861328125 18.927999496459960938 18.607999801635742188 18.357999801635742188 18.035999298095703125 17.7220001220703125 17.440999984741210938 17.25099945068359375 17.175001144409179688 16.990999221801757812 16.8209991455078125 16.6230010986328125 16.440000534057617188 16.287000656127929688 16.298000335693359375 16.412000656127929688 16.628999710083007812 16.817998886108398438 16.910999298095703125 16.86199951171875 16.881000518798828125 16.920999526977539062 16.906000137329101562 16.923000335693359375 17.118000030517578125 17.295999526977539062 17.589000701904296875 17.70800018310546875 17.758998870849609375 17.857999801635742188 18.071001052856445312 18.34799957275390625 18.5279998779296875 18.941999435424804688 18.88899993896484375 18.924999237060546875
19.427000045776367188 19.260999679565429688 19.062999725341796875 18.895999908447265625 18.704999923706054688 18.423999786376953125 18.059999465942382812 17.82199859619140625 17.593999862670898438 17.4160003662109375 17.312000274658203125 17.073999404907226562 16.900999069213867188 16.761999130249023438 16.63700103759765625 16.576000213623046875 16.65399932861328125 16.747999191284179688 16.951000213623046875 17.06999969482421875 17.125 17.12400054931640625 17.155000686645507812 17.092000961303710938 17.135000228881835938 17.308000564575195312 17.520000457763671875 17.756000518798828125 17.962999343872070312 18.004999160766601562 18.048000335693359375 18.243999481201171875 18.310998916625976562 18.43199920654296875 18.632999420166015625 19.12400054931640625 19.20800018310546875 19.042999267578125
19.373998641967773438 19.231000900268554688 19.08300018310546875 18.909999847412109375 18.75 18.517000198364257812 18.12599945068359375 17.940999984741210938 17.773000717163085938 17.548000335693359375 17.409000396728515625 17.142000198364257812 17.037000656127929688 16.930999755859375 16.802999496459960938 16.830999374389648438 16.9850006103515625 17.134000778198242188 17.224000930786132812 17.295999526977539062 17.25 17.378999710083007812 17.2910003662109375 17.270000457763671875 17.38800048828125 17.558000564575195312 17.562000274658203125 18.030000686645507812 18.270999908447265625 18.337999343872070312 18.378000259399414062 18.523000717163085938 18.585000991821289062 18.63700103759765625 18.7910003662109375 19.3040008544921875 19.51300048828125 19.194000244140625
19.552000045776367188 19.173999786376953125 19.13899993896484375 18.979999542236328125 18.837999343872070312 18.559999465942382812 18.25 18.076999664306640625 17.9160003662109375 17.756999969482421875 17.561000823974609375 17.379999160766601562 17.232999801635742188 17.072999954223632812 17.009000778198242188 17.002000808715820312 17.260999679565429688 17.469999313354492188 17.488000869750976562 17.396999359130859375 17.420000076293945312 17.4850006103515625 17.434999465942382812 17.523000717163085938 17.645999908447265625 17.68199920654296875 17.962999343872070312 18.121000289916992188 18.417999267578125 18.628999710083007812 18.718999862670898438 18.701000213623046875 18.717000961303710938 18.843000411987304688 19.115999221801757812 19.698999404907226562 19.784000396728515625 19.340999603271484375
