inputs/cropped_bioclim_bird/wc2.1_5m_tmin_12_band1.asc
ncols        60
nrows        48
xllcorner    -10.000000000000
yllcorner    4.000000000000
cellsize     0.083333333333
[rows 17 to 33 of 48, columns 0 to 37 of 60]
19.614999771118164062 19.40399932861328125 19.238000869750976562 19.088001251220703125 18.940999984741210938 18.69499969482421875 18.5 18.260999679565429688 18.049999237060546875 17.774000167846679688 17.63700103759765625 17.4589996337890625 17.232999801635742188 17.085000991821289062 17.145999908447265625 17.258998870849609375 17.549999237060546875 17.604000091552734375 17.548000335693359375 17.588001251220703125 17.586999893188476562 17.604000091552734375 17.714000701904296875 17.831998825073242188 17.98699951171875 18.075000762939453125 18.201999664306640625 18.301000595092773438 18.510999679565429688 18.770000457763671875 19.038000106811523438 18.989000320434570312 18.940999984741210938 18.961999893188476562 19.364999771118164062 20.073999404907226562 20.2350006103515625 19.55500030517578125
19.73699951171875 19.555999755859375 19.3769989013671875 19.201999664306640625 19.093000411987304688 18.819000244140625 18.54000091552734375 18.31999969482421875 18.092000961303710938 17.930999755859375 17.711000442504882812 17.590000152587890625 17.507999420166015625 17.358999252319335938 17.343999862670898438 17.561000823974609375 17.805999755859375 17.73699951171875 17.767000198364257812 17.841999053955078125 17.77700042724609375 17.893999099731445312 17.955999374389648438 18.0540008544921875 18.242000579833984375 18.326000213623046875 18.4739990234375 18.586999893188476562 18.625 18.694000244140625 19.024999618530273438 19.468999862670898438 19.670999526977539062 19.301000595092773438 19.395999908447265625 20.02700042724609375 20.26399993896484375 19.613000869750976562
19.774000167846679688 19.592000961303710938 19.521999359130859375 19.369998931884765625 19.090000152587890625 18.822999954223632812 18.607000350952148438 18.399000167846679688 18.127000808715820312 18.06800079345703125 17.892000198364257812 17.94499969482421875 17.810998916625976562 17.691999435424804688 17.615999221801757812 17.924999237060546875 18.01300048828125 17.83499908447265625 17.919000625610351562 18.064001083374023438 18.087999343872070312 18.148000717163085938 18.200000762939453125 18.385999679565429688 18.524999618530273438 18.600999832153320312 18.6920013427734375 18.73699951171875 18.766000747680664062 18.69300079345703125 18.859998703002929688 19.094999313354492188 19.659999847412109375 20.003000259399414062 20.065999984741210938 20.412000656127929688 20.02700042724609375 19.630001068115234375
19.822000503540039062 19.673999786376953125 19.631999969482421875 19.382999420166015625 19.127000808715820312 18.968999862670898438 18.768999099731445312 18.627000808715820312 18.378999710083007812 18.36299896240234375 18.316999435424804688 18.270999908447265625 18.159999847412109375 18.156000137329101562 18.15399932861328125 18.308000564575195312 18.13899993896484375 17.99900054931640625 18.055999755859375 18.184000015258789062 18.312000274658203125 18.437000274658203125 18.545999526977539062 18.703001022338867188 18.812999725341796875 18.853000640869140625 18.840000152587890625 18.798999786376953125 18.842998504638671875 18.772998809814453125 18.878999710083007812 19.13899993896484375 19.424999237060546875 19.878999710083007812 20.423000335693359375 20.441999435424804688 19.811000823974609375 19.728000640869140625
19.954999923706054688 19.83499908447265625 19.6959991455078125 19.452999114990234375 19.309000015258789062 19.13700103759765625 18.951999664306640625 18.864000320434570312 18.743000030517578125 18.662000656127929688 18.635999679565429688 18.552999496459960938 18.437999725341796875 18.511999130249023438 18.669000625610351562 18.51399993896484375 18.298999786376953125 18.260000228881835938 18.330999374389648438 18.395000457763671875 18.531000137329101562 18.618000030517578125 18.704000473022460938 18.757999420166015625 18.907999038696289062 19.052999496459960938 19.02700042724609375 18.878000259399414062 18.8489990234375 18.857999801635742188 19.04000091552734375 19.322999954223632812 19.475000381469726562 19.646999359130859375 19.884000778198242188 19.928998947143554688 19.829000473022460938 19.86299896240234375
20.024000167846679688 19.951999664306640625 19.757999420166015625 19.61199951171875 19.51300048828125 19.3470001220703125 19.201999664306640625 19.049999237060546875 18.88800048828125 18.83300018310546875 18.857999801635742188 18.795999526977539062 18.686000823974609375 18.857000350952148438 18.771999359130859375 18.575000762939453125 18.566999435424804688 18.564001083374023438 18.600000381469726562 18.677999496459960938 18.80699920654296875 18.845998764038085938 18.878000259399414062 18.941999435424804688 19.088001251220703125 19.211000442504882812 19.190000534057617188 19.031000137329101562 18.90200042724609375 18.976999282836914062 19.159000396728515625 19.454999923706054688 19.534000396728515625 19.552000045776367188 19.603000640869140625 19.687999725341796875 19.854000091552734375 20.079000473022460938
20.260999679565429688 20.006999969482421875 19.924999237060546875 19.850000381469726562 19.75 19.47100067138671875 19.261999130249023438 19.22100067138671875 19.002000808715820312 18.993000030517578125 19.024999618530273438 19.065000534057617188 19.0540008544921875 19.117000579833984375 18.969999313354492188 18.837999343872070312 18.87400054931640625 18.767000198364257812 18.7779998779296875 18.919000625610351562 19.023000717163085938 19.082000732421875 19.146999359130859375 19.176000595092773438 19.180999755859375 19.298000335693359375 19.395000457763671875 19.30500030517578125 19.243000030517578125 19.197999954223632812 19.243000030517578125 19.552999496459960938 19.62400054931640625 19.733999252319335938 19.8339996337890625 19.9739990234375 19.975000381469726562 20.154001235961914062
20.308000564575195312 20.15200042724609375 20.082000732421875 19.962999343872070312 19.868000030517578125 19.701999664306640625 19.559000015258789062 19.383998870849609375 19.284000396728515625 19.201999664306640625 19.303998947143554688 19.225000381469726562 19.31999969482421875 19.243999481201171875 19.045000076293945312 19.089000701904296875 19.13800048828125 19.055999755859375 18.983999252319335938 18.9850006103515625 19.175001144409179688 19.312999725341796875 19.399000167846679688 19.40200042724609375 19.352998733520507812 19.440999984741210938 19.575000762939453125 19.579000473022460938 19.5260009765625 19.351999282836914062 19.3489990234375 19.600000381469726562 19.710000991821289062 19.90200042724609375 20.052000045776367188 20.121999740600585938 20.225000381469726562 20.260999679565429688
20.357999801635742188 20.246999740600585938 20.13700103759765625 20.010999679565429688 19.965999603271484375 19.86299896240234375 19.677999496459960938 19.562000274658203125 19.564001083374023438 19.413999557495117188 19.479999542236328125 19.524999618530273438 19.52899932861328125 19.520999908447265625 19.288999557495117188 19.309000015258789062 19.289999008178710938 19.229000091552734375 19.230998992919921875 19.177999496459960938 19.289999008178710938 19.358999252319335938 19.531999588012695312 19.631999969482421875 19.631000518798828125 19.684000015258789062 19.690000534057617188 19.697000503540039062 19.694000244140625 19.621000289916992188 19.56999969482421875 19.687000274658203125 19.857999801635742188 20.080999374389648438 20.169000625610351562 20.246000289916992188 20.468000411987304688 20.48699951171875
20.447057723999023438 20.309000015258789062 20.154001235961914062 20.08100128173828125 20.004999160766601562 19.906000137329101562 19.87400054931640625 19.680999755859375 19.69499969482421875 19.717000961303710938 19.742000579833984375 19.72100067138671875 19.701000213623046875 19.66400146484375 19.56999969482421875 19.506999969482421875 19.466999053955078125 19.521999359130859375 19.40200042724609375 19.48600006103515625 19.520000457763671875 19.617000579833984375 19.726999282836914062 19.838998794555664062 19.910999298095703125 19.944000244140625 19.88899993896484375 19.871000289916992188 19.822999954223632812 19.8339996337890625 19.871000289916992188 19.907999038696289062 20.100999832153320312 20.240999221801757812 20.29399871826171875 20.412000656127929688 20.621000289916992188 20.677999496459960938
20.399999618530273438 20.392591476440429688 20.345998764038085938 20.1790008544921875 20.05500030517578125 20.00099945068359375 20.003999710083007812 19.869998931884765625 19.920000076293945312 19.830999374389648438 19.941999435424804688 19.899000167846679688 19.822999954223632812 19.837999343872070312 19.782999038696289062 19.76300048828125 19.798000335693359375 19.732999801635742188 19.714000701904296875 19.770999908447265625 19.673000335693359375 19.663999557495117188 19.837999343872070312 20.00099945068359375 20.11199951171875 20.229000091552734375 20.239999771118164062 20.23600006103515625 20.214000701904296875 20.13700103759765625 20.257999420166015625 20.312000274658203125 20.383998870849609375 20.493999481201171875 20.551000595092773438 20.684999465942382812 20.8470001220703125 20.812999725341796875
-3.3999999521443642491e+38 -3.3999999521443642491e+38 20.405454635620117188 20.268999099731445312 20.144001007080078125 20.135000228881835938 20.142000198364257812 20.121999740600585938 20.144001007080078125 20.072999954223632812 20.118000030517578125 20.100000381469726562 20.034999847412109375 19.968000411987304688 19.94499969482421875 19.993999481201171875 19.993000030517578125 19.941999435424804688 19.913000106811523438 19.914999008178710938 19.878000259399414062 19.707000732421875 20.06999969482421875 20.162000656127929688 20.298999786376953125 20.354999542236328125 20.406999588012695312 20.506999969482421875 20.603000640869140625 20.608999252319335938 20.669000625610351562 20.76399993896484375 20.674999237060546875 20.740999221801757812 20.854999542236328125 20.979999542236328125 21.017999649047851562 20.899999618530273438
-3.3999999521443642491e+38 -3.3999999521443642491e+38 -3.3999999521443642491e+38 20.408823013305664062 20.3515777587890625 20.312000274658203125 20.275999069213867188 20.228000640869140625 20.145000457763671875 20.215000152587890625 20.228000640869140625 20.1660003662109375 20.16500091552734375 20.184999465942382812 20.144001007080078125 20.187000274658203125 20.147001266479492188 20.089000701904296875 20.048000335693359375 20.05500030517578125 20.009000778198242188 20.064001083374023438 20.196001052856445312 20.322000503540039062 20.440000534057617188 20.545999526977539062 20.704999923706054688 20.816999435424804688 20.924999237060546875 21.045999526977539062 21.05500030517578125 21.100999832153320312 21.010000228881835938 21.024999618530273438 21.16699981689453125 21.238000869750976562 21.11100006103515625 21.042999267578125
-3.3999999521443642491e+38 -3.3999999521443642491e+38 -3.3999999521443642491e+38 -3.3999999521443642491e+38 20.5 20.5072174072265625 20.395000457763671875 20.292999267578125 20.24900054931640625 20.30699920654296875 20.300998687744140625 20.299999237060546875 20.295999526977539062 20.298000335693359375 20.27899932861328125 20.26300048828125 20.239999771118164062 20.315999984741210938 20.158000946044921875 20.19499969482421875 20.284999847412109375 20.351999282836914062 20.395999908447265625 20.441999435424804688 20.576000213623046875 20.8339996337890625 20.990999221801757812 21.149000167846679688 21.340000152587890625 21.45800018310546875 21.448999404907226562 21.369998931884765625 21.336000442504882812 21.37599945068359375 21.454999923706054688 21.39099884033203125 21.288999557495117188 21.217000961303710938
-3.3999999521443642491e+38 -3.3999999521443642491e+38 -3.3999999521443642491e+38 -3.3999999521443642491e+38 -3.3999999521443642491e+38 20.527273178100585938 20.488172531127929688 20.438999176025390625 20.414999008178710938 20.36100006103515625 20.311998367309570312 20.292999267578125 20.274000167846679688 20.272998809814453125 20.341999053955078125 20.39099884033203125 20.43199920654296875 20.428998947143554688 20.20800018310546875 20.336000442504882812 20.538999557495117188 20.658000946044921875 20.645000457763671875 20.74900054931640625 20.899000167846679688 21.049999237060546875 21.339000701904296875 21.523000717163085938 21.660999298095703125 21.798000335693359375 21.798000335693359375 21.746000289916992188 21.6399993896484375 21.593999862670898438 21.572000503540039062 21.421998977661132812 21.365999221801757812 21.437999725341796875
-3.3999999521443642491e+38 -3.3999999521443642491e+38 -3.3999999521443642491e+38 -3.3999999521443642491e+38 -3.3999999521443642491e+38 -3.3999999521443642491e+38 20.503124237060546875 20.545360565185546875 20.558000564575195312 20.465000152587890625 20.406999588012695312 20.37599945068359375 20.413000106811523438 20.447999954223632812 20.465999603271484375 20.469999313354492188 20.488000869750976562 20.503999710083007812 20.558000564575195312 20.76399993896484375 20.954000473022460938 20.995000839233398438 20.869998931884765625 20.98600006103515625 21.200000762939453125 21.396999359130859375 21.759000778198242188 21.909999847412109375 22.009000778198242188 22.127000808715820312 22.156999588012695312 22.042999267578125 21.854000091552734375 21.767999649047851562 21.645999908447265625 21.519001007080078125 21.58300018310546875 21.7350006103515625
-3.3999999521443642491e+38 -3.3999999521443642491e+38 -3.3999999521443642491e+38 -3.3999999521443642491e+38 -3.3999999521443642491e+38 -3.3999999521443642491e+38 -3.3999999521443642491e+38 20.67826080322265625 20.6833343505859375 20.593999862670898438 20.488000869750976562 20.466999053955078125 20.538999557495117188 20.50099945068359375 20.537000656127929688 20.5279998779296875 20.537000656127929688 20.677999496459960938 20.775999069213867188 20.969999313354492188 21.163000106811523438 21.075000762939453125 21.0970001220703125 21.30500030517578125 21.417999267578125 21.767999649047851562 22.048000335693359375 22.340000152587890625 22.520999908447265625 22.433000564575195312 22.440000534057617188 22.245000839233398438 22.038000106811523438 21.729000091552734375 21.729999542236328125 21.697000503540039062 21.796998977661132812 21.91699981689453125
