inputs/cropped_bioclim_bird/wc2.1_5m_tmin_02_band1.asc
ncols        60
nrows        48
xllcorner    -10.000000000000
yllcorner    4.000000000000
cellsize     0.083333333333
[rows 0 to 16 of 48, columns 0 to 37 of 60]
16.066999435424804688 16.052999496459960938 15.864999771118164062 15.428999900817871094 15.001999855041503906 15.015000343322753906 14.75 14.564999580383300781 14.524000167846679688 14.489000320434570312 14.303999900817871094 14.319000244140625 14.371999740600585938 14.3339996337890625 14.282000541687011719 14.284000396728515625 14.164000511169433594 14.161000251770019531 14.298000335693359375 14.463999748229980469 14.62400054931640625 14.814000129699707031 14.955999374389648438 15.178999900817871094 15.5 15.748999595642089844 15.80500030517578125 15.984000205993652344 16.257999420166015625 16.545999526977539062 16.9160003662109375 17.149999618530273438 17.322999954223632812 18.312999725341796875 18.530000686645507812 18.578001022338867188 18.580999374389648438 18.668001174926757812
16.691999435424804688 16.437999725341796875 15.940999984741210938 15.774999618530273438 15.651000022888183594 15.440999984741210938 14.925000190734863281 14.8339996337890625 14.75 14.645000457763671875 14.493000030517578125 14.427999496459960938 14.421999931335449219 14.343999862670898438 14.284000396728515625 14.229999542236328125 14.237999916076660156 14.246999740600585938 14.232999801635742188 14.468999862670898438 14.743999481201171875 14.862999916076660156 14.925999641418457031 15.093000411987304688 15.368999481201171875 15.555999755859375 15.822999954223632812 15.998999595642089844 16.253000259399414062 16.531999588012695312 16.697999954223632812 16.802999496459960938 17.649999618530273438 18.434999465942382812 18.5970001220703125 18.530000686645507812 18.572000503540039062 18.668001174926757812
17.09600067138671875 16.4850006103515625 16.113000869750976562 16.113000869750976562 16.132999420166015625 15.744999885559082031 15.112000465393066406 15.045000076293945312 14.984000205993652344 14.897000312805175781 14.739000320434570312 14.565999984741210938 14.340999603271484375 14.3899993896484375 14.317000389099121094 14.265999794006347656 14.390000343322753906 14.371999740600585938 14.237000465393066406 14.578000068664550781 14.887000083923339844 15.005999565124511719 14.940999984741210938 14.906000137329101562 15.281000137329101562 15.480000495910644531 15.743000030517578125 15.890000343322753906 16.033000946044921875 15.744999885559082031 15.843000411987304688 16.329999923706054688 16.858999252319335938 18.048000335693359375 18.468000411987304688 18.558000564575195312 18.542999267578125 18.729000091552734375
17.225000381469726562 16.7779998779296875 16.802000045776367188 16.718999862670898438 16.586999893188476562 16.136999130249023438 15.779000282287597656 15.446000099182128906 15.253999710083007812 15.154999732971191406 14.871000289916992188 14.559000015258789062 14.397999763488769531 14.354000091552734375 14.348999977111816406 14.442000389099121094 14.45800018310546875 14.364999771118164062 14.3470001220703125 14.130000114440917969 15.029999732971191406 15.192000389099121094 14.862999916076660156 14.843999862670898438 14.843000411987304688 15.020000457763671875 15.642999649047851562 15.703000068664550781 15.609999656677246094 15.451999664306640625 15.342000007629394531 16.016000747680664062 17.048999786376953125 18.05500030517578125 18.413999557495117188 18.61199951171875 18.649000167846679688 18.743999481201171875
17.337999343872070312 17.326000213623046875 17.326999664306640625 17.143999099731445312 16.961000442504882812 16.674999237060546875 16.15200042724609375 15.697999954223632812 15.366000175476074219 15.2779998779296875 15.008000373840332031 14.880000114440917969 14.713999748229980469 14.546999931335449219 14.526000022888183594 14.553999900817871094 14.34799957275390625 14.262000083923339844 13.859999656677246094 13.645000457763671875 15.246999740600585938 15.381999969482421875 14.852999687194824219 14.729000091552734375 14.331999778747558594 15.005000114440917969 15.73699951171875 15.590000152587890625 15.447999954223632812 15.642999649047851562 15.784999847412109375 16.704000473022460938 17.594999313354492188 17.940999984741210938 18.323999404907226562 18.701999664306640625 18.697999954223632812 18.729999542236328125
17.691999435424804688 17.967000961303710938 17.905000686645507812 17.6399993896484375 17.343999862670898438 16.898000717163085938 16.3899993896484375 15.871000289916992188 15.520000457763671875 15.380000114440917969 15.151000022888183594 15.260000228881835938 15.048999786376953125 14.961999893188476562 14.703000068664550781 14.628999710083007812 14.345000267028808594 14.029000282287597656 14.475000381469726562 15.08300018310546875 15.293000221252441406 15.317000389099121094 14.928000450134277344 14.479000091552734375 14.465000152587890625 14.548999786376953125 15.901000022888183594 15.776000022888183594 15.463000297546386719 15.31999969482421875 16.280000686645507812 17.177999496459960938 17.824998855590820312 17.990999221801757812 18.274999618530273438 18.7089996337890625 18.73600006103515625 18.83300018310546875
18.56800079345703125 18.615999221801757812 18.274999618530273438 17.98600006103515625 17.548999786376953125 17.023000717163085938 16.614000320434570312 16.087999343872070312 15.746000289916992188 15.362999916076660156 15.442999839782714844 15.498999595642089844 15.369999885559082031 15.121000289916992188 14.781999588012695312 14.640999794006347656 14.510999679565429688 14.460000038146972656 15.071999549865722656 15.225000381469726562 15.38899993896484375 15.625 15.439999580383300781 14.881999969482421875 14.425999641418457031 15.324999809265136719 16.260999679565429688 16.246000289916992188 15.725999832153320312 16.353000640869140625 17.107999801635742188 17.538000106811523438 17.837999343872070312 18.127000808715820312 18.509000778198242188 18.827999114990234375 18.805999755859375 18.9160003662109375
19.19300079345703125 18.853000640869140625 18.517999649047851562 18.13800048828125 17.6100006103515625 17.142000198364257812 16.704000473022460938 16.19499969482421875 15.796999931335449219 15.590000152587890625 15.831999778747558594 15.633999824523925781 15.51300048828125 15.1529998779296875 14.782999992370605469 14.62400054931640625 14.659000396728515625 14.774999618530273438 15.09799957275390625 15.371999740600585938 15.473999977111816406 15.711999893188476562 15.821000099182128906 15.701000213623046875 15.741000175476074219 16.142999649047851562 16.578001022338867188 16.4739990234375 16.832000732421875 17.104999542236328125 17.219999313354492188 17.547000885009765625 17.8470001220703125 18.170000076293945312 18.618999481201171875 19.011999130249023438 19.048000335693359375 19.078001022338867188
19.287000656127929688 18.905000686645507812 18.62599945068359375 18.149999618530273438 17.725999832153320312 17.257999420166015625 16.645999908447265625 16.226999282836914062 15.984000205993652344 16.037000656127929688 15.922999382019042969 15.786000251770019531 15.607999801635742188 15.449999809265136719 15.064999580383300781 14.744000434875488281 14.812000274658203125 14.970999717712402344 15.303999900817871094 15.510000228881835938 15.654999732971191406 15.836000442504882812 16.020999908447265625 16.18199920654296875 16.341999053955078125 16.600000381469726562 16.689001083374023438 16.83300018310546875 17.019001007080078125 17.243999481201171875 17.497999191284179688 17.746000289916992188 17.90399932861328125 18.451000213623046875 18.773000717163085938 19.128999710083007812 19.231000900268554688 19.253999710083007812
19.267999649047851562 18.912000656127929688 18.589000701904296875 18.232999801635742188 17.73600006103515625 17.02899932861328125 16.63800048828125 16.414999008178710938 16.350000381469726562 16.161001205444335938 16.055999755859375 15.897999763488769531 15.755000114440917969 15.413000106811523438 15.126000404357910156 15.067999839782714844 15.081999778747558594 15.321999549865722656 15.437000274658203125 15.637000083923339844 15.8339996337890625 15.982000350952148438 16.16699981689453125 16.364999771118164062 16.5410003662109375 16.784000396728515625 16.957000732421875 17.155000686645507812 17.284000396728515625 17.52899932861328125 17.872999191284179688 17.961999893188476562 18.1660003662109375 18.601999282836914062 18.871000289916992188 19.20800018310546875 19.287000656127929688 19.368000030517578125
19.226999282836914062 18.864000320434570312 18.47100067138671875 18.057001113891601562 17.517999649047851562 17.048000335693359375 16.90200042724609375 16.73600006103515625 16.537000656127929688 16.3600006103515625 16.215000152587890625 16.0540008544921875 15.960999488830566406 15.772000312805175781 15.605999946594238281 15.536999702453613281 15.357999801635742188 15.460000038146972656 15.699000358581542969 15.991000175476074219 16.177999496459960938 16.343000411987304688 16.517000198364257812 16.73799896240234375 16.91699981689453125 17.076000213623046875 17.218000411987304688 17.44499969482421875 17.659000396728515625 17.950000762939453125 18.059000015258789062 18.145000457763671875 18.337999343872070312 18.591999053955078125 18.927000045776367188 19.385000228881835938 19.407999038696289062 19.495000839233398438
19.173999786376953125 18.794000625610351562 18.392999649047851562 17.948999404907226562 17.569000244140625 17.322999954223632812 17.118999481201171875 16.93000030517578125 16.7779998779296875 16.63800048828125 16.427000045776367188 16.260999679565429688 16.173999786376953125 16.035999298095703125 15.803999900817871094 15.645000457763671875 15.532000541687011719 15.650000572204589844 15.9589996337890625 16.270000457763671875 16.562999725341796875 16.718000411987304688 16.829999923706054688 16.989999771118164062 17.121999740600585938 17.242000579833984375 17.482000350952148438 17.74900054931640625 17.993000030517578125 18.118999481201171875 18.180999755859375 18.267000198364257812 18.169000625610351562 18.684999465942382812 19.13899993896484375 19.545999526977539062 19.579000473022460938 19.62400054931640625
19.05500030517578125 18.65399932861328125 18.316999435424804688 17.98600006103515625 17.670000076293945312 17.48600006103515625 17.345998764038085938 17.08300018310546875 16.906999588012695312 16.873998641967773438 16.694000244140625 16.511999130249023438 16.434999465942382812 16.182001113891601562 16.010000228881835938 15.890000343322753906 15.786999702453613281 15.975999832153320312 16.336999893188476562 16.63700103759765625 16.83300018310546875 16.968000411987304688 17.059999465942382812 17.176000595092773438 17.288000106811523438 17.392000198364257812 17.742000579833984375 17.94300079345703125 18.158000946044921875 18.2910003662109375 18.382999420166015625 18.482999801635742188 18.853000640869140625 19.190000534057617188 19.36100006103515625 19.687999725341796875 19.732999801635742188 19.795000076293945312
18.895999908447265625 18.534999847412109375 18.38800048828125 18.170000076293945312 17.86299896240234375 17.690000534057617188 17.461000442504882812 17.239000320434570312 17.11100006103515625 17.038999557495117188 16.993000030517578125 16.86299896240234375 16.726999282836914062 16.523000717163085938 16.299999237060546875 16.159999847412109375 16.218999862670898438 16.368999481201171875 16.670999526977539062 16.90399932861328125 17.064001083374023438 17.120000839233398438 17.253999710083007812 17.340999603271484375 17.457000732421875 17.576999664306640625 17.8339996337890625 18.055999755859375 18.378999710083007812 18.506000518798828125 18.613000869750976562 18.742000579833984375 18.989000320434570312 19.302999496459960938 19.5149993896484375 19.858999252319335938 19.879999160766601562 19.966999053955078125
18.993000030517578125 18.703001022338867188 18.517999649047851562 18.345998764038085938 18.149999618530273438 17.95999908447265625 17.670999526977539062 17.506999969482421875 17.39099884033203125 17.313999176025390625 17.281000137329101562 17.114999771118164062 16.996999740600585938 16.857000350952148438 16.716999053955078125 16.63800048828125 16.725000381469726562 16.799999237060546875 17.045000076293945312 17.218999862670898438 17.301000595092773438 17.354000091552734375 17.482000350952148438 17.538000106811523438 17.646999359130859375 17.909000396728515625 18.15399932861328125 18.44499969482421875 18.649999618530273438 18.73699951171875 18.832000732421875 19.048000335693359375 19.159999847412109375 19.36199951171875 19.604000091552734375 20.044000625610351562 20.184000015258789062 20.117000579833984375
19.159999847412109375 18.883998870849609375 18.684999465942382812 18.476999282836914062 18.343999862670898438 18.211999893188476562 17.875 17.785999298095703125 17.701999664306640625 17.538999557495117188 17.523000717163085938 17.336000442504882812 17.301000595092773438 17.225999832153320312 17.148000717163085938 17.127000808715820312 17.198999404907226562 17.298000335693359375 17.385000228881835938 17.511999130249023438 17.503000259399414062 17.655000686645507812 17.641000747680664062 17.701000213623046875 17.879999160766601562 18.104999542236328125 18.144001007080078125 18.635000228881835938 18.868000030517578125 18.9850006103515625 19.035999298095703125 19.25099945068359375 19.38899993896484375 19.5540008544921875 19.756000518798828125 20.215999603271484375 20.4589996337890625 20.2649993896484375
19.523000717163085938 18.989000320434570312 18.899999618530273438 18.69300079345703125 18.572999954223632812 18.33499908447265625 18.104999542236328125 18.05500030517578125 17.974000930786132812 17.886999130249023438 17.770000457763671875 17.692998886108398438 17.725999832153320312 17.603000640869140625 17.576000213623046875 17.454999923706054688 17.620000839233398438 17.753999710083007812 17.760000228881835938 17.698999404907226562 17.746999740600585938 17.809999465942382812 17.81999969482421875 17.9850006103515625 18.1529998779296875 18.23600006103515625 18.5410003662109375 18.710000991821289062 19 19.1790008544921875 19.274999618530273438 19.382999420166015625 19.52700042724609375 19.724000930786132812 19.98600006103515625 20.5 20.6399993896484375 20.381999969482421875
