inputs/cropped_bioclim_bird/wc2.1_5m_tmin_08_band1.asc
ncols        60
nrows        48
xllcorner    -10.000000000000
yllcorner    4.000000000000
cellsize     0.083333333333
[rows 17 to 33 of 48, columns 0 to 37 of 60]
19.677999496459960938 19.517999649047851562 19.441999435424804688 19.350999832153320312 19.215999603271484375 19.075000762939453125 19.021999359130859375 18.968000411987304688 18.868000030517578125 18.796998977661132812 18.964000701904296875 19.0149993896484375 18.898000717163085938 18.934999465942382812 18.86299896240234375 18.878000259399414062 19.045999526977539062 18.892000198364257812 18.686000823974609375 18.702999114990234375 18.701999664306640625 18.67800140380859375 18.75 18.840999603271484375 18.968999862670898438 18.937999725341796875 19.082000732421875 19.215000152587890625 19.337999343872070312 19.48699951171875 19.603000640869140625 19.576999664306640625 19.694000244140625 19.795000076293945312 20.063999176025390625 20.465000152587890625 20.627000808715820312 20.312999725341796875
19.8470001220703125 19.69499969482421875 19.534999847412109375 19.353000640869140625 19.309000015258789062 19.25099945068359375 19.030000686645507812 18.9739990234375 18.937999725341796875 19.007999420166015625 18.9739990234375 19.031000137329101562 19.09799957275390625 19.076999664306640625 19.02899932861328125 19.196001052856445312 19.197999954223632812 18.899000167846679688 18.86100006103515625 18.90399932861328125 18.795999526977539062 18.868999481201171875 18.952999114990234375 18.99900054931640625 19.186000823974609375 19.16500091552734375 19.267999649047851562 19.337999343872070312 19.378999710083007812 19.447999954223632812 19.658000946044921875 19.88800048828125 20.0839996337890625 19.966999053955078125 20.00099945068359375 20.30699920654296875 20.475000381469726562 20.270999908447265625
19.823999404907226562 19.6660003662109375 19.662000656127929688 19.576999664306640625 19.381000518798828125 19.205999374389648438 19.080999374389648438 18.980998992919921875 18.86100006103515625 19.04000091552734375 19.007999420166015625 19.229999542236328125 19.25 19.142999649047851562 19.104000091552734375 19.369998931884765625 19.302000045776367188 18.989000320434570312 18.95800018310546875 19.020000457763671875 18.989000320434570312 19.0839996337890625 19.087999343872070312 19.226999282836914062 19.409000396728515625 19.314998626708984375 19.316999435424804688 19.447000503540039062 19.466999053955078125 19.5279998779296875 19.682001113891601562 19.87599945068359375 20.141000747680664062 20.229000091552734375 20.274999618530273438 20.555999755859375 20.454999923706054688 20.26399993896484375
19.795999526977539062 19.697000503540039062 19.802000045776367188 19.6529998779296875 19.4589996337890625 19.399000167846679688 19.244998931884765625 19.188999176025390625 19.049999237060546875 19.22299957275390625 19.280000686645507812 19.375 19.343999862670898438 19.3769989013671875 19.364000320434570312 19.520999908447265625 19.303998947143554688 19.086000442504882812 19.01300048828125 19.024000167846679688 19.141000747680664062 19.226999282836914062 19.358999252319335938 19.478000640869140625 19.5260009765625 19.530000686645507812 19.419000625610351562 19.519001007080078125 19.549999237060546875 19.606000900268554688 19.72299957275390625 19.882999420166015625 20.06999969482421875 20.281999588012695312 20.260999679565429688 20.517000198364257812 20.38899993896484375 20.368999481201171875
19.947000503540039062 19.852998733520507812 19.830999374389648438 19.739999771118164062 19.621000289916992188 19.4739990234375 19.337999343872070312 19.36299896240234375 19.406999588012695312 19.407999038696289062 19.502000808715820312 19.52700042724609375 19.433000564575195312 19.378999710083007812 19.566999435424804688 19.41500091552734375 19.184999465942382812 19.145000457763671875 19.187999725341796875 19.184000015258789062 19.13800048828125 19.243000030517578125 19.371999740600585938 19.466999053955078125 19.480998992919921875 19.6790008544921875 19.634000778198242188 19.58300018310546875 19.589000701904296875 19.676000595092773438 19.923000335693359375 20.071001052856445312 20.086999893188476562 20.175001144409179688 20.281999588012695312 20.451000213623046875 20.4720001220703125 20.519001007080078125
19.969999313354492188 20.003999710083007812 19.864999771118164062 19.836999893188476562 19.7779998779296875 19.663000106811523438 19.593000411987304688 19.511999130249023438 19.461999893188476562 19.507999420166015625 19.655000686645507812 19.620000839233398438 19.495000839233398438 19.635999679565429688 19.474000930786132812 19.315000534057617188 19.242000579833984375 19.1790008544921875 19.282999038696289062 19.267000198364257812 19.19499969482421875 19.36100006103515625 19.45999908447265625 19.504999160766601562 19.627000808715820312 19.740999221801757812 19.756999969482421875 19.727001190185546875 19.65200042724609375 19.757999420166015625 20.034999847412109375 20.2350006103515625 20.162000656127929688 20.155000686645507812 20.281000137329101562 20.32199859619140625 20.43000030517578125 20.600000381469726562
20.197000503540039062 19.996000289916992188 20.002000808715820312 19.988000869750976562 19.951999664306640625 19.756000518798828125 19.63700103759765625 19.68000030517578125 19.519001007080078125 19.607000350952148438 19.690000534057617188 19.631999969482421875 19.68199920654296875 19.803998947143554688 19.60900115966796875 19.462999343872070312 19.4739990234375 19.301000595092773438 19.305999755859375 19.461999893188476562 19.496000289916992188 19.542999267578125 19.613000869750976562 19.482999801635742188 19.544000625610351562 19.635000228881835938 19.703001022338867188 19.784000396728515625 19.86299896240234375 19.983999252319335938 20.131999969482421875 20.268999099731445312 20.259000778198242188 20.30500030517578125 20.395000457763671875 20.493000030517578125 20.521999359130859375 20.662000656127929688
20.204999923706054688 20.085000991821289062 20.059000015258789062 19.954999923706054688 19.9850006103515625 19.920999526977539062 19.87599945068359375 19.784000396728515625 19.73799896240234375 19.70999908447265625 19.864999771118164062 19.756999969482421875 19.90200042724609375 19.864999771118164062 19.614000320434570312 19.655000686645507812 19.6660003662109375 19.548000335693359375 19.4029998779296875 19.395000457763671875 19.65200042724609375 19.649000167846679688 19.645000457763671875 19.642999649047851562 19.699001312255859375 19.743000030517578125 19.86199951171875 19.865999221801757812 20.045000076293945312 20.16699981689453125 20.217000961303710938 20.3079986572265625 20.326000213623046875 20.4720001220703125 20.582000732421875 20.566999435424804688 20.585000991821289062 20.640001296997070312
20.104999542236328125 20.05500030517578125 20.090000152587890625 20.042999267578125 20.0260009765625 20.00099945068359375 19.911998748779296875 19.788999557495117188 19.895999908447265625 19.899000167846679688 20.006000518798828125 20.003999710083007812 20.024000167846679688 20.024000167846679688 19.795000076293945312 19.800998687744140625 19.76399993896484375 19.626001358032226562 19.575000762939453125 19.462999343872070312 19.604999542236328125 19.562000274658203125 19.711000442504882812 19.788000106811523438 19.865999221801757812 19.871000289916992188 19.9029998779296875 19.942998886108398438 20.145000457763671875 20.392000198364257812 20.478000640869140625 20.396999359130859375 20.430999755859375 20.625 20.616001129150390625 20.618999481201171875 20.7910003662109375 20.760999679565429688
20.148529052734375 20.017999649047851562 20.0410003662109375 20.13899993896484375 20.092000961303710938 20.011999130249023438 19.934000015258789062 19.63800048828125 19.795999526977539062 20.031999588012695312 20.099000930786132812 20.142999649047851562 20.172000885009765625 20.078001022338867188 19.975000381469726562 19.892999649047851562 19.81999969482421875 19.798000335693359375 19.673999786376953125 19.700000762939453125 19.715999603271484375 19.75 19.845998764038085938 20.0279998779296875 20.103000640869140625 20.020000457763671875 20.017000198364257812 20.116001129150390625 20.218000411987304688 20.396999359130859375 20.66500091552734375 20.66500091552734375 20.656000137329101562 20.68000030517578125 20.684000015258789062 20.75 20.897998809814453125 20.88800048828125
20.100000381469726562 20.129629135131835938 20.238000869750976562 20.187000274658203125 20.092000961303710938 20.01300048828125 20.038999557495117188 19.867000579833984375 19.98600006103515625 19.962999343872070312 20.13899993896484375 20.214000701904296875 20.170999526977539062 20.134000778198242188 20.093999862670898438 20.062999725341796875 20.042999267578125 19.93000030517578125 19.883998870849609375 19.9160003662109375 19.73600006103515625 19.739999771118164062 19.981000900268554688 20.135999679565429688 20.2220001220703125 20.257999420166015625 20.312999725341796875 20.343999862670898438 20.43000030517578125 20.49900054931640625 20.770999908447265625 20.851999282836914062 20.757999420166015625 20.79199981689453125 20.798000335693359375 20.868999481201171875 20.993000030517578125 20.933000564575195312
-3.3999999521443642491e+38 -3.3999999521443642491e+38 20.270908355712890625 20.261999130249023438 20.09600067138671875 20.107000350952148438 20.204999923706054688 20.18199920654296875 20.267000198364257812 20.25099945068359375 20.31999969482421875 20.40399932861328125 20.337999343872070312 20.204999923706054688 20.16400146484375 20.1529998779296875 20.182001113891601562 20.1100006103515625 20.00099945068359375 19.920000076293945312 19.79199981689453125 19.579000473022460938 20.065000534057617188 20.080999374389648438 20.172000885009765625 20.229000091552734375 20.37599945068359375 20.509000778198242188 20.649000167846679688 20.743999481201171875 20.895999908447265625 21.049999237060546875 20.913999557495117188 20.886999130249023438 20.952999114990234375 21.066999435424804688 21.120000839233398438 20.938999176025390625
-3.3999999521443642491e+38 -3.3999999521443642491e+38 -3.3999999521443642491e+38 20.361764907836914062 20.221052169799804688 20.25 20.413000106811523438 20.351999282836914062 20.185001373291015625 20.34799957275390625 20.3899993896484375 20.38899993896484375 20.368000030517578125 20.33499908447265625 20.271999359130859375 20.285999298095703125 20.26300048828125 20.147001266479492188 20.010999679565429688 19.920999526977539062 19.844999313354492188 19.867000579833984375 19.954000473022460938 20.003000259399414062 20.1100006103515625 20.241001129150390625 20.452999114990234375 20.604000091552734375 20.75 20.947000503540039062 21.033000946044921875 21.1529998779296875 21.075000762939453125 21.037000656127929688 21.168001174926757812 21.187999725341796875 21.114999771118164062 21.010999679565429688
-3.3999999521443642491e+38 -3.3999999521443642491e+38 -3.3999999521443642491e+38 -3.3999999521443642491e+38 20.366666793823242188 20.4505157470703125 20.482999801635742188 20.315999984741210938 20.2220001220703125 20.461999893188476562 20.3489990234375 20.448999404907226562 20.419000625610351562 20.364999771118164062 20.281000137329101562 20.189001083374023438 20.239999771118164062 20.254999160766601562 20.0839996337890625 20.042999267578125 20.007999420166015625 19.897998809814453125 19.875 19.871999740600585938 20.009000778198242188 20.254999160766601562 20.465000152587890625 20.654001235961914062 20.940999984741210938 21.113000869750976562 21.1660003662109375 21.243000030517578125 21.225999832153320312 21.19499969482421875 21.187000274658203125 21.121999740600585938 21.006999969482421875 20.9160003662109375
-3.3999999521443642491e+38 -3.3999999521443642491e+38 -3.3999999521443642491e+38 -3.3999999521443642491e+38 -3.3999999521443642491e+38 20.5 20.405376434326171875 20.3339996337890625 20.368000030517578125 20.4459991455078125 20.400999069213867188 20.385000228881835938 20.351999282836914062 20.32199859619140625 20.253000259399414062 20.252000808715820312 20.315999984741210938 20.267999649047851562 19.989999771118164062 20.052000045776367188 20.131000518798828125 20.13700103759765625 19.950000762939453125 19.99900054931640625 20.09600067138671875 20.25 20.575000762939453125 20.72299957275390625 20.88899993896484375 21.062000274658203125 21.299999237060546875 21.378999710083007812 21.302000045776367188 21.226999282836914062 21.148000717163085938 20.99900054931640625 20.920999526977539062 20.944000244140625
-3.3999999521443642491e+38 -3.3999999521443642491e+38 -3.3999999521443642491e+38 -3.3999999521443642491e+38 -3.3999999521443642491e+38 -3.3999999521443642491e+38 20.403123855590820312 20.414432525634765625 20.442998886108398438 20.442998886108398438 20.414999008178710938 20.441999435424804688 20.47299957275390625 20.454999923706054688 20.33300018310546875 20.130001068115234375 20.12400054931640625 20.19499969482421875 20.196001052856445312 20.343999862670898438 20.350000381469726562 20.259000778198242188 20.0839996337890625 20.09600067138671875 20.224000930786132812 20.392000198364257812 20.746999740600585938 20.881999969482421875 20.979000091552734375 21.187999725341796875 21.40200042724609375 21.400999069213867188 21.296998977661132812 21.232999801635742188 21.090000152587890625 20.923000335693359375 21.023000717163085938 21.2089996337890625
-3.3999999521443642491e+38 -3.3999999521443642491e+38 -3.3999999521443642491e+38 -3.3999999521443642491e+38 -3.3999999521443642491e+38 -3.3999999521443642491e+38 -3.3999999521443642491e+38 20.547826766967773438 20.570238113403320312 20.40200042724609375 20.450000762939453125 20.45999908447265625 20.5279998779296875 20.397998809814453125 20.267999649047851562 20.140001296997070312 20.170999526977539062 20.303998947143554688 20.385000228881835938 20.5279998779296875 20.466999053955078125 20.142999649047851562 20.2089996337890625 20.27899932861328125 20.23799896240234375 20.519001007080078125 20.719999313354492188 21.04199981689453125 21.271999359130859375 21.243000030517578125 21.411998748779296875 21.310998916625976562 21.200000762939453125 20.989999771118164062 21.01300048828125 21.003999710083007812 21.203001022338867188 21.330999374389648438
