inputs/cropped_bioclim_bird/wc2.1_5m_tmin_10_band1.asc
ncols        60
nrows        48
xllcorner    -10.000000000000
yllcorner    4.000000000000
cellsize     0.083333333333
[rows 17 to 33 of 48, columns 0 to 37 of 60]
20.881999969482421875 20.677000045776367188 20.580999374389648438 20.427000045776367188 20.284999847412109375 20.05500030517578125 19.904998779296875 19.79199981689453125 19.59799957275390625 19.357000350952148438 19.310998916625976562 19.225999832153320312 19.069000244140625 19.01399993896484375 18.9160003662109375 18.857999801635742188 19.034999847412109375 19.007999420166015625 18.850000381469726562 18.872999191284179688 18.923000335693359375 18.996000289916992188 19.104000091552734375 19.240999221801757812 19.393999099731445312 19.447000503540039062 19.55500030517578125 19.675001144409179688 19.826999664306640625 20.007999420166015625 20.197999954223632812 20.187000274658203125 20.271999359130859375 20.31999969482421875 20.663000106811523438 21.169000625610351562 21.295999526977539062 20.80699920654296875
20.882999420166015625 20.729999542236328125 20.56800079345703125 20.340000152587890625 20.295000076293945312 20.10900115966796875 19.838998794555664062 19.687999725341796875 19.531000137329101562 19.438999176025390625 19.296998977661132812 19.219999313354492188 19.280000686645507812 19.20600128173828125 19.062999725341796875 19.13700103759765625 19.233999252319335938 19.045000076293945312 18.979999542236328125 19.049999237060546875 19.045999526977539062 19.204000473022460938 19.303998947143554688 19.419000625610351562 19.6100006103515625 19.711000442504882812 19.805999755859375 19.892999649047851562 19.883998870849609375 19.978000640869140625 20.2760009765625 20.618999481201171875 20.857000350952148438 20.607999801635742188 20.683000564575195312 21.103000640869140625 21.292999267578125 20.844999313354492188
20.809000015258789062 20.663999557495117188 20.595001220703125 20.427000045776367188 20.256000518798828125 19.982000350952148438 19.767000198364257812 19.670999526977539062 19.479999542236328125 19.475999832153320312 19.327999114990234375 19.451000213623046875 19.366998672485351562 19.282999038696289062 19.163000106811523438 19.34600067138671875 19.3489990234375 19.106000900268554688 19.052000045776367188 19.2089996337890625 19.327999114990234375 19.400999069213867188 19.45999908447265625 19.646999359130859375 19.857999801635742188 19.885000228881835938 19.954999923706054688 20.031999588012695312 20.016000747680664062 20.092000961303710938 20.218999862670898438 20.38899993896484375 20.815000534057617188 21.09600067138671875 21.169000625610351562 21.455999374389648438 21.191999435424804688 20.831998825073242188
20.726999282836914062 20.576000213623046875 20.58300018310546875 20.423000335693359375 20.204000473022460938 20.0540008544921875 19.88800048828125 19.803998947143554688 19.608999252319335938 19.701999664306640625 19.70800018310546875 19.65200042724609375 19.530000686645507812 19.51399993896484375 19.4720001220703125 19.565999984741210938 19.364999771118164062 19.184999465942382812 19.163999557495117188 19.23600006103515625 19.451000213623046875 19.595001220703125 19.731000900268554688 19.926000595092773438 20.037000656127929688 20.09600067138671875 20.144001007080078125 20.135999679565429688 20.17800140380859375 20.218999862670898438 20.357000350952148438 20.48600006103515625 20.626001358032226562 20.989000320434570312 21.330999374389648438 21.45999908447265625 21.086000442504882812 20.990999221801757812
20.760000228881835938 20.642000198364257812 20.572000503540039062 20.379999160766601562 20.226999282836914062 20.100000381469726562 19.982000350952148438 19.98600006103515625 19.907999038696289062 19.840000152587890625 19.822999954223632812 19.761999130249023438 19.63800048828125 19.68000030517578125 19.826999664306640625 19.645000457763671875 19.392999649047851562 19.33300018310546875 19.381999969482421875 19.461999893188476562 19.602001190185546875 19.704000473022460938 19.827999114990234375 19.982000350952148438 20.104999542236328125 20.274000167846679688 20.327999114990234375 20.308000564575195312 20.343999862670898438 20.423000335693359375 20.687999725341796875 20.780000686645507812 20.767999649047851562 20.899999618530273438 21.093999862670898438 21.2350006103515625 21.19300079345703125 21.13700103759765625
20.76300048828125 20.677999496459960938 20.580999374389648438 20.475000381469726562 20.353000640869140625 20.233999252319335938 20.156000137329101562 20.04199981689453125 19.896999359130859375 19.830999374389648438 19.845998764038085938 19.845998764038085938 19.740999221801757812 19.909000396728515625 19.795999526977539062 19.587999343872070312 19.586000442504882812 19.569000244140625 19.616001129150390625 19.674999237060546875 19.77899932861328125 19.900999069213867188 19.979999542236328125 20.086999893188476562 20.2779998779296875 20.461999893188476562 20.531000137329101562 20.516000747680664062 20.510000228881835938 20.676000595092773438 20.905000686645507812 21.044000625610351562 20.968000411987304688 20.930999755859375 21.055999755859375 21.08300018310546875 21.197999954223632812 21.327999114990234375
20.933000564575195312 20.696001052856445312 20.63800048828125 20.5970001220703125 20.497999191284179688 20.336999893188476562 20.18000030517578125 20.13899993896484375 19.881000518798828125 19.920000076293945312 19.9459991455078125 19.996000289916992188 19.989999771118164062 20.066999435424804688 19.909000396728515625 19.767999649047851562 19.795000076293945312 19.668001174926757812 19.705999374389648438 19.852998733520507812 19.930999755859375 20.0839996337890625 20.215000152587890625 20.232999801635742188 20.310998916625976562 20.561000823974609375 20.767000198364257812 20.759000778198242188 20.797000885009765625 20.979000091552734375 21.088001251220703125 21.253999710083007812 21.186000823974609375 21.205999374389648438 21.22299957275390625 21.2350006103515625 21.267000198364257812 21.383998870849609375
20.934999465942382812 20.79199981689453125 20.704999923706054688 20.633001327514648438 20.559999465942382812 20.448999404907226562 20.364000320434570312 20.22100067138671875 20.093999862670898438 20.055999755859375 20.204000473022460938 20.125 20.214000701904296875 20.052000045776367188 19.871000289916992188 19.955999374389648438 19.980998992919921875 19.875 19.812000274658203125 19.855998992919921875 20.1100006103515625 20.253999710083007812 20.385000228881835938 20.44499969482421875 20.479000091552734375 20.690999984741210938 20.924999237060546875 20.989000320434570312 21.099000930786132812 21.19300079345703125 21.271999359130859375 21.33599853515625 21.30500030517578125 21.423000335693359375 21.434000015258789062 21.379999160766601562 21.406000137329101562 21.434999465942382812
20.883998870849609375 20.80699920654296875 20.746000289916992188 20.66500091552734375 20.599000930786132812 20.538000106811523438 20.366998672485351562 20.252000808715820312 20.271999359130859375 20.163000106811523438 20.275999069213867188 20.412000656127929688 20.38800048828125 20.322999954223632812 20.135999679565429688 20.159999847412109375 20.072999954223632812 19.951000213623046875 19.990999221801757812 19.937000274658203125 20.073999404907226562 20.20800018310546875 20.437999725341796875 20.62400054931640625 20.75099945068359375 20.87599945068359375 21 21.104000091552734375 21.252000808715820312 21.39099884033203125 21.502000808715820312 21.440999984741210938 21.428998947143554688 21.56999969482421875 21.492000579833984375 21.452999114990234375 21.613000869750976562 21.60900115966796875
20.810293197631835938 20.73699951171875 20.670000076293945312 20.616001129150390625 20.56800079345703125 20.517999649047851562 20.466999053955078125 20.20800018310546875 20.31999969482421875 20.359998703002929688 20.447000503540039062 20.489000320434570312 20.45999908447265625 20.385999679565429688 20.295000076293945312 20.229999542236328125 20.173999786376953125 20.173999786376953125 20.104000091552734375 20.18000030517578125 20.252000808715820312 20.36199951171875 20.544000625610351562 20.801000595092773438 20.911998748779296875 21.02899932861328125 21.107999801635742188 21.214000701904296875 21.2910003662109375 21.430999755859375 21.59600067138671875 21.644001007080078125 21.66500091552734375 21.684000015258789062 21.607000350952148438 21.61199951171875 21.677000045776367188 21.70800018310546875
20.700000762939453125 20.731481552124023438 20.683000564575195312 20.59799957275390625 20.5540008544921875 20.517999649047851562 20.545999526977539062 20.367000579833984375 20.465000152587890625 20.391000747680664062 20.55500030517578125 20.565000534057617188 20.497999191284179688 20.492000579833984375 20.411998748779296875 20.385999679565429688 20.38800048828125 20.305999755859375 20.315000534057617188 20.414999008178710938 20.327999114990234375 20.350000381469726562 20.621999740600585938 20.852998733520507812 21.024000167846679688 21.219999313354492188 21.354999542236328125 21.520000457763671875 21.590999603271484375 21.579999923706054688 21.808000564575195312 21.892999649047851562 21.836999893188476562 21.810998916625976562 21.795000076293945312 21.800998687744140625 21.815999984741210938 21.761999130249023438
-3.3999999521443642491e+38 -3.3999999521443642491e+38 20.672727584838867188 20.659000396728515625 20.565999984741210938 20.589000701904296875 20.61100006103515625 20.533000946044921875 20.633001327514648438 20.6100006103515625 20.661001205444335938 20.658000946044921875 20.61100006103515625 20.511999130249023438 20.450000762939453125 20.545999526977539062 20.562999725341796875 20.496000289916992188 20.479999542236328125 20.51399993896484375 20.5 20.256000518798828125 20.7649993896484375 20.896999359130859375 21.095001220703125 21.23600006103515625 21.409999847412109375 21.618000030517578125 21.73699951171875 21.819000244140625 21.904998779296875 22.069000244140625 21.980998992919921875 21.900999069213867188 21.957000732421875 21.9720001220703125 21.93199920654296875 21.767999649047851562
-3.3999999521443642491e+38 -3.3999999521443642491e+38 -3.3999999521443642491e+38 20.647058486938476562 20.675790786743164062 20.73699951171875 20.717000961303710938 20.673999786376953125 20.6230010986328125 20.714000701904296875 20.688001632690429688 20.619001388549804688 20.648000717163085938 20.641000747680664062 20.625 20.669000625610351562 20.66400146484375 20.59799957275390625 20.569000244140625 20.586999893188476562 20.562000274658203125 20.6100006103515625 20.76399993896484375 20.923000335693359375 21.082000732421875 21.273000717163085938 21.5410003662109375 21.732000350952148438 21.843000411987304688 22.030000686645507812 22.075000762939453125 22.190999984741210938 22.13800048828125 22.033000946044921875 22.102001190185546875 22.10900115966796875 21.94499969482421875 21.8209991455078125
-3.3999999521443642491e+38 -3.3999999521443642491e+38 -3.3999999521443642491e+38 -3.3999999521443642491e+38 20.766666412353515625 20.714433670043945312 20.728000640869140625 20.6529998779296875 20.5970001220703125 20.704000473022460938 20.668001174926757812 20.700000762939453125 20.70800018310546875 20.699001312255859375 20.687999725341796875 20.673999786376953125 20.715999603271484375 20.802000045776367188 20.645000457763671875 20.672000885009765625 20.712999343872070312 20.739999771118164062 20.836000442504882812 20.920999526977539062 21.093999862670898438 21.368000030517578125 21.645999908447265625 21.836000442504882812 22.02700042724609375 22.20800018310546875 22.273000717163085938 22.270000457763671875 22.257999420166015625 22.225000381469726562 22.191999435424804688 22.048999786376953125 21.9160003662109375 21.802999496459960938
-3.3999999521443642491e+38 -3.3999999521443642491e+38 -3.3999999521443642491e+38 -3.3999999521443642491e+38 -3.3999999521443642491e+38 20.700000762939453125 20.74193572998046875 20.775999069213867188 20.701999664306640625 20.627000808715820312 20.631000518798828125 20.633001327514648438 20.62400054931640625 20.61100006103515625 20.668001174926757812 20.76399993896484375 20.8489990234375 20.878999710083007812 20.622999191284179688 20.724000930786132812 20.9459991455078125 21.030000686645507812 20.99900054931640625 21.128000259399414062 21.27700042724609375 21.452999114990234375 21.803998947143554688 22.02700042724609375 22.131999969482421875 22.340000152587890625 22.409000396728515625 22.451999664306640625 22.358999252319335938 22.302999496459960938 22.200000762939453125 21.965000152587890625 21.858999252319335938 21.920999526977539062
-3.3999999521443642491e+38 -3.3999999521443642491e+38 -3.3999999521443642491e+38 -3.3999999521443642491e+38 -3.3999999521443642491e+38 -3.3999999521443642491e+38 20.715625762939453125 20.764947891235351562 20.752000808715820312 20.67800140380859375 20.676000595092773438 20.686000823974609375 20.701000213623046875 20.73699951171875 20.771999359130859375 20.782999038696289062 20.80699920654296875 20.885999679565429688 20.947999954223632812 21.149999618530273438 21.281000137329101562 21.257999420166015625 21.114000320434570312 21.229000091552734375 21.45999908447265625 21.618999481201171875 22.003999710083007812 22.204999923706054688 22.295999526977539062 22.450000762939453125 22.578001022338867188 22.520999908447265625 22.341999053955078125 22.26399993896484375 22.134000778198242188 21.950000762939453125 21.99900054931640625 22.173000335693359375
-3.3999999521443642491e+38 -3.3999999521443642491e+38 -3.3999999521443642491e+38 -3.3999999521443642491e+38 -3.3999999521443642491e+38 -3.3999999521443642491e+38 -3.3999999521443642491e+38 20.839130401611328125 20.8130950927734375 20.690000534057617188 20.689001083374023438 20.713001251220703125 20.828998565673828125 20.782999038696289062 20.802000045776367188 20.795999526977539062 20.84999847412109375 21.055999755859375 21.184000015258789062 21.368000030517578125 21.450000762939453125 21.225000381469726562 21.295000076293945312 21.461000442504882812 21.502000808715820312 21.774000167846679688 22.055999755859375 22.381999969482421875 22.61100006103515625 22.545000076293945312 22.656999588012695312 22.5260009765625 22.3489990234375 22.072999954223632812 22.118999481201171875 22.082000732421875 22.169000625610351562 22.270999908447265625
