inputs/cropped_bioclim_bird/wc2.1_5m_tmin_04_band1.asc
ncols        60
nrows        48
xllcorner    -10.000000000000
yllcorner    4.000000000000
cellsize     0.083333333333
[rows 0 to 16 of 48, columns 0 to 37 of 60]
18.590000152587890625 18.63800048828125 18.506999969482421875 17.969999313354492188 17.481000900268554688 17.733999252319335938 17.654001235961914062 17.538000106811523438 17.58300018310546875 17.63700103759765625 17.450000762939453125 17.548000335693359375 17.824998855590820312 17.899000167846679688 17.885999679565429688 17.838998794555664062 17.578001022338867188 17.697000503540039062 17.866998672485351562 17.951999664306640625 17.98699951171875 18.088001251220703125 18.140001296997070312 18.240999221801757812 18.479999542236328125 18.712999343872070312 18.885000228881835938 18.957000732421875 19.13899993896484375 19.350999832153320312 19.600000381469726562 19.503999710083007812 19.489000320434570312 20.716999053955078125 20.98600006103515625 21.076000213623046875 21.047000885009765625 21.020999908447265625
19.021999359130859375 18.787000656127929688 18.284000396728515625 18.134000778198242188 18.0540008544921875 18.006999969482421875 17.628999710083007812 17.593999862670898438 17.582000732421875 17.642000198364257812 17.626001358032226562 17.69300079345703125 17.788000106811523438 17.77899932861328125 17.743999481201171875 17.724000930786132812 17.669000625610351562 17.6529998779296875 17.633001327514648438 17.819000244140625 17.967000961303710938 18.086000442504882812 18.092000961303710938 18.189001083374023438 18.357000350952148438 18.483999252319335938 18.7910003662109375 18.97299957275390625 19.239000320434570312 19.406999588012695312 19.368000030517578125 19.240999221801757812 19.878000259399414062 20.77700042724609375 21.051000595092773438 21.016000747680664062 20.914999008178710938 20.8470001220703125
19.207000732421875 18.489000320434570312 18.15200042724609375 18.271999359130859375 18.43000030517578125 18.066999435424804688 17.479000091552734375 17.616001129150390625 17.725000381469726562 17.743999481201171875 17.754999160766601562 17.729000091552734375 17.595001220703125 17.67800140380859375 17.59600067138671875 17.606000900268554688 17.799999237060546875 17.729000091552734375 17.543001174926757812 17.8339996337890625 18.149999618530273438 18.266000747680664062 18.017000198364257812 17.8489990234375 18.190000534057617188 18.364999771118164062 18.599000930786132812 18.715999603271484375 18.829999923706054688 18.297000885009765625 18.2649993896484375 18.63800048828125 19.1399993896484375 20.323999404907226562 20.850999832153320312 20.944000244140625 20.8339996337890625 20.923000335693359375
19.069000244140625 18.622999191284179688 18.740999221801757812 18.732000350952148438 18.6660003662109375 18.2089996337890625 18.047000885009765625 17.7779998779296875 17.7910003662109375 17.90399932861328125 17.752000808715820312 17.576999664306640625 17.461000442504882812 17.479000091552734375 17.516000747680664062 17.659999847412109375 17.628999710083007812 17.5410003662109375 17.519001007080078125 17.065999984741210938 18.219999313354492188 18.311000823974609375 17.812999725341796875 17.648000717163085938 17.420000076293945312 17.627000808715820312 18.382999420166015625 18.289999008178710938 18.155000686645507812 17.94499969482421875 17.622999191284179688 18.198999404907226562 19.239999771118164062 20.324998855590820312 20.725999832153320312 20.937000274658203125 20.911998748779296875 20.772998809814453125
18.989000320434570312 19.059999465942382812 19.148000717163085938 19.04199981689453125 18.9980010986328125 18.784999847412109375 18.335000991821289062 17.983999252319335938 17.784999847412109375 17.871999740600585938 17.781999588012695312 17.717000961303710938 17.562000274658203125 17.551000595092773438 17.620000839233398438 17.656999588012695312 17.356000900268554688 17.27700042724609375 16.673000335693359375 16.274000167846679688 18.260000228881835938 18.284000396728515625 17.690000534057617188 17.399000167846679688 16.76399993896484375 17.533000946044921875 18.33300018310546875 18.136999130249023438 17.98699951171875 18.120000839233398438 18.038000106811523438 18.87400054931640625 19.9029998779296875 20.22100067138671875 20.56800079345703125 20.912000656127929688 20.871000289916992188 20.7220001220703125
19.194000244140625 19.586999893188476562 19.673999786376953125 19.49900054931640625 19.312000274658203125 18.926000595092773438 18.455999374389648438 18.092000961303710938 17.885999679565429688 17.892999649047851562 17.690000534057617188 18.010999679565429688 17.80699920654296875 17.830999374389648438 17.760000228881835938 17.634000778198242188 17.260000228881835938 16.79199981689453125 17.228000640869140625 18.059000015258789062 18.113000869750976562 18.059999465942382812 17.614999771118164062 17.016000747680664062 16.988000869750976562 16.84600067138671875 18.409000396728515625 18.229000091552734375 17.812999725341796875 17.5149993896484375 18.52899932861328125 19.410999298095703125 20.2350006103515625 20.343000411987304688 20.496000289916992188 20.8769989013671875 20.810998916625976562 20.785999298095703125
19.941999435424804688 20.173000335693359375 19.878000259399414062 19.711000442504882812 19.38899993896484375 18.951999664306640625 18.645999908447265625 18.226999282836914062 18.052000045776367188 17.780000686645507812 17.961000442504882812 18.253000259399414062 18.173999786376953125 17.951999664306640625 17.7779998779296875 17.519001007080078125 17.440999984741210938 17.24900054931640625 18.093999862670898438 18.275999069213867188 18.340999603271484375 18.586999893188476562 18.214000701904296875 17.392000198364257812 16.784000396728515625 17.701000213623046875 18.756000518798828125 18.656000137329101562 17.941999435424804688 18.63800048828125 19.520000457763671875 19.967000961303710938 20.201000213623046875 20.437000274658203125 20.613000869750976562 20.872999191284179688 20.802999496459960938 20.822000503540039062
20.561000823974609375 20.239999771118164062 20.007999420166015625 19.784000396728515625 19.280000686645507812 18.988000869750976562 18.667999267578125 18.308000564575195312 17.988000869750976562 17.8600006103515625 18.338998794555664062 18.2910003662109375 18.26300048828125 17.938999176025390625 17.715000152587890625 17.602001190185546875 17.601999282836914062 17.80500030517578125 18.104999542236328125 18.393999099731445312 18.43199920654296875 18.590999603271484375 18.538999557495117188 18.211000442504882812 18.228000640869140625 18.552999496459960938 19.090999603271484375 18.923999786376953125 19.253000259399414062 19.635999679565429688 19.70800018310546875 19.927999496459960938 20.059999465942382812 20.34600067138671875 20.61199951171875 20.924999237060546875 20.8769989013671875 20.88899993896484375
20.548000335693359375 20.176000595092773438 20.051000595092773438 19.6959991455078125 19.3600006103515625 19.04199981689453125 18.524000167846679688 18.280000686645507812 18.09600067138671875 18.34799957275390625 18.3769989013671875 18.364000320434570312 18.355998992919921875 18.256999969482421875 17.917999267578125 17.718000411987304688 17.8769989013671875 17.993000030517578125 18.309999465942382812 18.534999847412109375 18.60900115966796875 18.725000381469726562 18.786998748779296875 18.766000747680664062 18.913999557495117188 19.16500091552734375 19.256999969482421875 19.413000106811523438 19.572999954223632812 19.724000930786132812 19.850000381469726562 20.017999649047851562 20.020000457763671875 20.446001052856445312 20.710000991821289062 20.937999725341796875 20.864999771118164062 20.921998977661132812
20.399000167846679688 20.215999603271484375 20.04199981689453125 19.770000457763671875 19.395000457763671875 18.75099945068359375 18.478000640869140625 18.393999099731445312 18.423000335693359375 18.414999008178710938 18.4720001220703125 18.479999542236328125 18.530000686645507812 18.228000640869140625 17.926000595092773438 18.113000869750976562 18.1790008544921875 18.329999923706054688 18.433000564575195312 18.618000030517578125 18.788000106811523438 18.854000091552734375 18.938999176025390625 19.048000335693359375 19.155000686645507812 19.366998672485351562 19.503000259399414062 19.65200042724609375 19.685001373291015625 19.850000381469726562 20.093000411987304688 20.04000091552734375 20.205999374389648438 20.565000534057617188 20.792999267578125 20.965999603271484375 20.928998947143554688 20.965999603271484375
20.33300018310546875 20.159000396728515625 19.904998779296875 19.562000274658203125 19.12599945068359375 18.724000930786132812 18.733999252319335938 18.717000961303710938 18.614000320434570312 18.566999435424804688 18.576999664306640625 18.575000762939453125 18.701999664306640625 18.6399993896484375 18.62599945068359375 18.72100067138671875 18.506999969482421875 18.475000381469726562 18.614999771118164062 18.826000213623046875 18.989999771118164062 19.062999725341796875 19.148000717163085938 19.353000640869140625 19.45999908447265625 19.5839996337890625 19.642999649047851562 19.803998947143554688 19.93199920654296875 20.133001327514648438 20.1510009765625 20.135999679565429688 20.228000640869140625 20.309000015258789062 20.660999298095703125 21.086999893188476562 21.004999160766601562 21.01399993896484375
20.210000991821289062 19.98699951171875 19.62599945068359375 19.326999664306640625 19.125 19.0149993896484375 18.909000396728515625 18.83599853515625 18.784999847412109375 18.79199981689453125 18.767000198364257812 18.76300048828125 18.885000228881835938 18.900999069213867188 18.883998870849609375 18.8899993896484375 18.662000656127929688 18.673000335693359375 18.781999588012695312 19.002000808715820312 19.287000656127929688 19.340999603271484375 19.395999908447265625 19.552999496459960938 19.635999679565429688 19.659000396728515625 19.787000656127929688 19.988000869750976562 20.1790008544921875 20.183000564575195312 20.22100067138671875 20.190999984741210938 19.8899993896484375 20.34799957275390625 20.857000350952148438 21.183000564575195312 21.121999740600585938 21.0970001220703125
19.95800018310546875 19.69300079345703125 19.47299957275390625 19.2910003662109375 19.128999710083007812 19.106000900268554688 19.031000137329101562 18.892000198364257812 18.83499908447265625 18.927000045776367188 18.9739990234375 18.97299957275390625 19.048000335693359375 19.010000228881835938 19.033000946044921875 19.020000457763671875 18.79199981689453125 18.864999771118164062 19.045000076293945312 19.288999557495117188 19.421998977661132812 19.48600006103515625 19.511999130249023438 19.631000518798828125 19.66400146484375 19.6790008544921875 19.934999465942382812 20.089000701904296875 20.312000274658203125 20.351999282836914062 20.313999176025390625 20.367000579833984375 20.604999542236328125 20.879999160766601562 21.049999237060546875 21.246999740600585938 21.170000076293945312 21.175001144409179688
19.774999618530273438 19.504999160766601562 19.493000030517578125 19.395000457763671875 19.267000198364257812 19.25 19.0839996337890625 18.995000839233398438 19.003999710083007812 19.045000076293945312 19.16699981689453125 19.1790008544921875 19.158000946044921875 19.13700103759765625 19.06999969482421875 18.921998977661132812 18.920000076293945312 18.995000839233398438 19.197999954223632812 19.41699981689453125 19.575000762939453125 19.565000534057617188 19.62400054931640625 19.6790008544921875 19.697999954223632812 19.752000808715820312 19.885000228881835938 20.02700042724609375 20.414999008178710938 20.4850006103515625 20.493000030517578125 20.562000274658203125 20.773000717163085938 20.97100067138671875 21.086999893188476562 21.343999862670898438 21.27899932861328125 21.257999420166015625
19.906000137329101562 19.753000259399414062 19.62400054931640625 19.595001220703125 19.54199981689453125 19.4739990234375 19.247999191284179688 19.203001022338867188 19.194000244140625 19.20600128173828125 19.279998779296875 19.203001022338867188 19.187999725341796875 19.225999832153320312 19.218999862670898438 19.144001007080078125 19.215999603271484375 19.267000198364257812 19.47100067138671875 19.600000381469726562 19.685001373291015625 19.662000656127929688 19.76399993896484375 19.76399993896484375 19.784999847412109375 19.962999343872070312 20.142000198364257812 20.336000442504882812 20.49900054931640625 20.586999893188476562 20.6230010986328125 20.784000396728515625 20.844999313354492188 20.9029998779296875 21.09600067138671875 21.43199920654296875 21.517000198364257812 21.378999710083007812
20.086999893188476562 19.941999435424804688 19.823999404907226562 19.73600006103515625 19.689001083374023438 19.628999710083007812 19.341999053955078125 19.351999282836914062 19.378999710083007812 19.312000274658203125 19.352998733520507812 19.201000213623046875 19.284000396728515625 19.354999542236328125 19.34799957275390625 19.378999710083007812 19.465999603271484375 19.571001052856445312 19.649999618530273438 19.726999282836914062 19.659000396728515625 19.761999130249023438 19.753999710083007812 19.782999038696289062 19.895999908447265625 20.048999786376953125 19.989000320434570312 20.468999862670898438 20.627000808715820312 20.745000839233398438 20.757999420166015625 20.909000396728515625 21.048999786376953125 21.078001022338867188 21.19300079345703125 21.558000564575195312 21.69300079345703125 21.468999862670898438
20.420999526977539062 19.961000442504882812 19.993999481201171875 19.886999130249023438 19.843000411987304688 19.660999298095703125 19.462999343872070312 19.496999740600585938 19.48600006103515625 19.496999740600585938 19.437999725341796875 19.409999847412109375 19.523000717163085938 19.521999359130859375 19.497999191284179688 19.407999038696289062 19.659999847412109375 19.795999526977539062 19.795999526977539062 19.686000823974609375 19.725000381469726562 19.782999038696289062 19.747999191284179688 19.864999771118164062 20.034000396728515625 20.0410003662109375 20.288999557495117188 20.488000869750976562 20.72299957275390625 20.878000259399414062 20.904998779296875 20.938999176025390625 21.082000732421875 21.211999893188476562 21.33499908447265625 21.6959991455078125 21.773000717163085938 21.520999908447265625
