inputs/cropped_bioclim_bird/wc2.1_5m_tmin_06_band1.asc
ncols        60
nrows        48
xllcorner    -10.000000000000
yllcorner    4.000000000000
cellsize     0.083333333333
[rows 17 to 33 of 48, columns 0 to 37 of 60]
20.4850006103515625 20.295000076293945312 20.16400146484375 20.052000045776367188 19.964000701904296875 19.8470001220703125 19.83300018310546875 19.808000564575195312 19.715999603271484375 19.564001083374023438 19.697999954223632812 19.775999069213867188 19.686000823974609375 19.701999664306640625 19.61100006103515625 19.664999008178710938 19.895000457763671875 19.878000259399414062 19.642000198364257812 19.6510009765625 19.59600067138671875 19.634000778198242188 19.729000091552734375 19.850000381469726562 19.979999542236328125 19.982000350952148438 20.104999542236328125 20.225000381469726562 20.368000030517578125 20.538999557495117188 20.614999771118164062 20.562999725341796875 20.63700103759765625 20.712999343872070312 20.975000381469726562 21.312999725341796875 21.469999313354492188 21.131999969482421875
20.670000076293945312 20.47100067138671875 20.295000076293945312 20.048000335693359375 20.045999526977539062 19.9459991455078125 19.812000274658203125 19.739000320434570312 19.65200042724609375 19.703001022338867188 19.618999481201171875 19.643999099731445312 19.812000274658203125 19.795999526977539062 19.710000991821289062 19.88899993896484375 20.033000946044921875 19.823999404907226562 19.73600006103515625 19.7910003662109375 19.63700103759765625 19.774000167846679688 19.86100006103515625 19.896999359130859375 20.131000518798828125 20.211999893188476562 20.288000106811523438 20.343999862670898438 20.341999053955078125 20.466999053955078125 20.687999725341796875 20.851999282836914062 21.003999710083007812 20.926000595092773438 21.030000686645507812 21.296998977661132812 21.437999725341796875 21.156000137329101562
20.576000213623046875 20.420999526977539062 20.38800048828125 20.281000137329101562 20.058000564575195312 19.871000289916992188 19.77899932861328125 19.705999374389648438 19.575000762939453125 19.743000030517578125 19.649999618530273438 19.86299896240234375 19.875 19.75099945068359375 19.70999908447265625 20.017999649047851562 20.047000885009765625 19.753000259399414062 19.700000762939453125 19.83499908447265625 19.840000152587890625 19.921998977661132812 19.99900054931640625 20.149000167846679688 20.302999496459960938 20.284999847412109375 20.2910003662109375 20.358999252319335938 20.378000259399414062 20.479000091552734375 20.642999649047851562 20.836999893188476562 21.09799957275390625 21.256000518798828125 21.340000152587890625 21.604999542236328125 21.392000198364257812 21.189001083374023438
20.481000900268554688 20.406999588012695312 20.454000473022460938 20.315999984741210938 20.104000091552734375 19.996000289916992188 19.88899993896484375 19.907999038696289062 19.75 19.940000534057617188 19.947000503540039062 20.052999496459960938 20.007999420166015625 19.989000320434570312 19.989999771118164062 20.16699981689453125 19.976999282836914062 19.759000778198242188 19.724000930786132812 19.76399993896484375 19.912000656127929688 20.0970001220703125 20.218000411987304688 20.345998764038085938 20.426000595092773438 20.413999557495117188 20.315999984741210938 20.450000762939453125 20.537000656127929688 20.603000640869140625 20.677999496459960938 20.857999801635742188 21.020999908447265625 21.274999618530273438 21.547000885009765625 21.654001235961914062 21.357999801635742188 21.337999343872070312
20.538999557495117188 20.517000198364257812 20.483999252319335938 20.30699920654296875 20.228000640869140625 20.089000701904296875 19.95999908447265625 20.058000564575195312 20.09600067138671875 20.085000991821289062 20.1529998779296875 20.15200042724609375 20.0410003662109375 20.103000640869140625 20.3600006103515625 20.114000320434570312 19.895999908447265625 19.8470001220703125 19.904998779296875 19.9029998779296875 19.921998977661132812 19.97299957275390625 20.117000579833984375 20.288000106811523438 20.452999114990234375 20.586999893188476562 20.521999359130859375 20.503000259399414062 20.565999984741210938 20.707000732421875 20.94499969482421875 21.078001022338867188 21.162000656127929688 21.2649993896484375 21.4160003662109375 21.552000045776367188 21.497999191284179688 21.428998947143554688
20.534000396728515625 20.562000274658203125 20.488000869750976562 20.381000518798828125 20.354999542236328125 20.260999679565429688 20.238000869750976562 20.18000030517578125 20.128000259399414062 20.107999801635742188 20.2350006103515625 20.205999374389648438 20.059000015258789062 20.33300018310546875 20.188999176025390625 19.990999221801757812 20.002000808715820312 20.006999969482421875 19.995000839233398438 20.009000778198242188 20.103000640869140625 20.107999801635742188 20.20800018310546875 20.323999404907226562 20.511999130249023438 20.670999526977539062 20.698999404907226562 20.663000106811523438 20.65399932861328125 20.86199951171875 21.089000701904296875 21.273000717163085938 21.29199981689453125 21.259000778198242188 21.34799957275390625 21.397998809814453125 21.468999862670898438 21.602001190185546875
20.798000335693359375 20.606000900268554688 20.61199951171875 20.578001022338867188 20.537000656127929688 20.298000335693359375 20.242000579833984375 20.275999069213867188 20.047000885009765625 20.09799957275390625 20.214000701904296875 20.302999496459960938 20.329000473022460938 20.434999465942382812 20.228000640869140625 20.073999404907226562 20.169000625610351562 20.055999755859375 20.042999267578125 20.1529998779296875 20.199001312255859375 20.254999160766601562 20.409999847412109375 20.450000762939453125 20.437000274658203125 20.592000961303710938 20.772998809814453125 20.815999984741210938 20.906999588012695312 21.072000503540039062 21.20800018310546875 21.39099884033203125 21.366998672485351562 21.423999786376953125 21.444000244140625 21.510000228881835938 21.50099945068359375 21.607000350952148438
20.77700042724609375 20.697999954223632812 20.640001296997070312 20.56999969482421875 20.588001251220703125 20.454999923706054688 20.397998809814453125 20.29399871826171875 20.218999862670898438 20.18199920654296875 20.413000106811523438 20.336999893188476562 20.466999053955078125 20.384000778198242188 20.154001235961914062 20.2089996337890625 20.256000518798828125 20.187000274658203125 20.065999984741210938 20.023000717163085938 20.253000259399414062 20.366998672485351562 20.447999954223632812 20.533000946044921875 20.5260009765625 20.690999984741210938 20.90200042724609375 20.98699951171875 21.13800048828125 21.260999679565429688 21.336999893188476562 21.469999313354492188 21.43199920654296875 21.595001220703125 21.590999603271484375 21.51300048828125 21.5410003662109375 21.5839996337890625
20.724000930786132812 20.701000213623046875 20.659999847412109375 20.604999542236328125 20.588001251220703125 20.507999420166015625 20.399000167846679688 20.3339996337890625 20.371000289916992188 20.298999786376953125 20.468999862670898438 20.531000137329101562 20.52899932861328125 20.576999664306640625 20.3339996337890625 20.298000335693359375 20.23600006103515625 20.1529998779296875 20.145000457763671875 20.052999496459960938 20.156999588012695312 20.232999801635742188 20.395000457763671875 20.617000579833984375 20.647001266479492188 20.773000717163085938 20.921998977661132812 21.04199981689453125 21.246000289916992188 21.496000289916992188 21.61100006103515625 21.561000823974609375 21.565999984741210938 21.720001220703125 21.644001007080078125 21.544000625610351562 21.690999984741210938 21.697999954223632812
20.679412841796875 20.58300018310546875 20.572000503540039062 20.565999984741210938 20.586000442504882812 20.534999847412109375 20.44300079345703125 20.178998947143554688 20.270999908447265625 20.479999542236328125 20.593000411987304688 20.621000289916992188 20.590000152587890625 20.576000213623046875 20.413000106811523438 20.309999465942382812 20.232999801635742188 20.27899932861328125 20.15200042724609375 20.205999374389648438 20.240999221801757812 20.373998641967773438 20.493999481201171875 20.70600128173828125 20.766000747680664062 20.840999603271484375 20.944000244140625 21.059000015258789062 21.219999313354492188 21.414999008178710938 21.710000991821289062 21.781000137329101562 21.77899932861328125 21.792999267578125 21.712999343872070312 21.684999465942382812 21.761999130249023438 21.827999114990234375
20.600000381469726562 20.700000762939453125 20.717000961303710938 20.619001388549804688 20.572000503540039062 20.531000137329101562 20.504999160766601562 20.339000701904296875 20.451000213623046875 20.410999298095703125 20.628000259399414062 20.63700103759765625 20.572000503540039062 20.555999755859375 20.468000411987304688 20.40200042724609375 20.399000167846679688 20.319000244140625 20.273000717163085938 20.364000320434570312 20.189001083374023438 20.1959991455078125 20.437000274658203125 20.640001296997070312 20.766000747680664062 20.947000503540039062 21.131999969482421875 21.246000289916992188 21.392999649047851562 21.492000579833984375 21.781000137329101562 21.920000076293945312 21.854000091552734375 21.814998626708984375 21.803998947143554688 21.8470001220703125 21.940999984741210938 21.906999588012695312
-3.3999999521443642491e+38 -3.3999999521443642491e+38 20.6745452880859375 20.631999969482421875 20.557001113891601562 20.604000091552734375 20.626001358032226562 20.575000762939453125 20.70800018310546875 20.668001174926757812 20.697000503540039062 20.746999740600585938 20.6790008544921875 20.548999786376953125 20.45999908447265625 20.4589996337890625 20.4720001220703125 20.381000518798828125 20.296998977661132812 20.27899932861328125 20.172000885009765625 19.938999176025390625 20.441999435424804688 20.516000747680664062 20.656999588012695312 20.812000274658203125 21.02700042724609375 21.228000640869140625 21.451999664306640625 21.6230010986328125 21.7910003662109375 22.01399993896484375 21.885000228881835938 21.822999954223632812 21.910999298095703125 21.989000320434570312 22.057001113891601562 21.928998947143554688
-3.3999999521443642491e+38 -3.3999999521443642491e+38 -3.3999999521443642491e+38 20.611764907836914062 20.637895584106445312 20.684999465942382812 20.745000839233398438 20.677000045776367188 20.61100006103515625 20.703001022338867188 20.745000839233398438 20.673000335693359375 20.671001434326171875 20.5970001220703125 20.523000717163085938 20.537000656127929688 20.465999603271484375 20.350000381469726562 20.228000640869140625 20.1790008544921875 20.038000106811523438 20.116001129150390625 20.2220001220703125 20.336000442504882812 20.531999588012695312 20.745000839233398438 20.992000579833984375 21.149000167846679688 21.423000335693359375 21.687000274658203125 21.803998947143554688 21.976999282836914062 21.94499969482421875 21.866998672485351562 21.969999313354492188 22.0970001220703125 22.00099945068359375 21.923000335693359375
-3.3999999521443642491e+38 -3.3999999521443642491e+38 -3.3999999521443642491e+38 -3.3999999521443642491e+38 20.733333587646484375 20.7711334228515625 20.747999191284179688 20.63899993896484375 20.613000869750976562 20.770999908447265625 20.72299957275390625 20.696001052856445312 20.684000015258789062 20.61199951171875 20.49900054931640625 20.434999465942382812 20.417999267578125 20.454999923706054688 20.170999526977539062 20.114000320434570312 20.078001022338867188 20.086000442504882812 20.121999740600585938 20.175001144409179688 20.367000579833984375 20.656999588012695312 20.90200042724609375 21.125 21.451999664306640625 21.718000411987304688 21.829000473022460938 21.913000106811523438 21.9720001220703125 21.98699951171875 22.052999496459960938 22.020000457763671875 21.917999267578125 21.875
-3.3999999521443642491e+38 -3.3999999521443642491e+38 -3.3999999521443642491e+38 -3.3999999521443642491e+38 -3.3999999521443642491e+38 20.7090911865234375 20.710752487182617188 20.67800140380859375 20.690999984741210938 20.761999130249023438 20.645999908447265625 20.602001190185546875 20.51399993896484375 20.479999542236328125 20.47299957275390625 20.457000732421875 20.454000473022460938 20.39099884033203125 20.045000076293945312 20.0839996337890625 20.177999496459960938 20.243999481201171875 20.145000457763671875 20.22100067138671875 20.354999542236328125 20.51300048828125 20.905000686645507812 21.154001235961914062 21.365999221801757812 21.649999618530273438 21.812999725341796875 21.965999603271484375 21.979000091552734375 21.968000411987304688 21.942998886108398438 21.86199951171875 21.830999374389648438 21.9589996337890625
-3.3999999521443642491e+38 -3.3999999521443642491e+38 -3.3999999521443642491e+38 -3.3999999521443642491e+38 -3.3999999521443642491e+38 -3.3999999521443642491e+38 20.653125762939453125 20.664949417114257812 20.707000732421875 20.686000823974609375 20.648000717163085938 20.593999862670898438 20.5839996337890625 20.607000350952148438 20.48600006103515625 20.328998565673828125 20.295999526977539062 20.285999298095703125 20.232999801635742188 20.385999679565429688 20.392999649047851562 20.30699920654296875 20.12400054931640625 20.158000946044921875 20.336999893188476562 20.516000747680664062 20.93199920654296875 21.134000778198242188 21.332000732421875 21.625 21.872999191284179688 21.951999664306640625 21.886999130249023438 21.843999862670898438 21.798999786376953125 21.756999969482421875 21.909000396728515625 22.201999664306640625
-3.3999999521443642491e+38 -3.3999999521443642491e+38 -3.3999999521443642491e+38 -3.3999999521443642491e+38 -3.3999999521443642491e+38 -3.3999999521443642491e+38 -3.3999999521443642491e+38 20.813043594360351562 20.773809432983398438 20.621000289916992188 20.635999679565429688 20.613000869750976562 20.672000885009765625 20.523000717163085938 20.3769989013671875 20.272998809814453125 20.22299957275390625 20.3209991455078125 20.3079986572265625 20.40200042724609375 20.417999267578125 20.120000839233398438 20.075000762939453125 20.173999786376953125 20.239999771118164062 20.497999191284179688 20.761999130249023438 21.135000228881835938 21.48699951171875 21.538999557495117188 21.882999420166015625 21.886999130249023438 21.802999496459960938 21.5839996337890625 21.715999603271484375 21.829000473022460938 22.080999374389648438 22.292999267578125
