inputs/cropped_bioclim_bird/wc2.1_5m_tmin_05_band1.asc
ncols        60
nrows        48
xllcorner    -10.000000000000
yllcorner    4.000000000000
cellsize     0.083333333333
[rows 17 to 33 of 48, columns 0 to 37 of 60]
20.440999984741210938 20.23600006103515625 20.131999969482421875 20.024999618530273438 19.95999908447265625 19.822000503540039062 19.840000152587890625 19.786998748779296875 19.743999481201171875 19.59600067138671875 19.677000045776367188 19.826000213623046875 19.830999374389648438 19.872999191284179688 19.843000411987304688 19.867000579833984375 20.154001235961914062 20.093999862670898438 19.927999496459960938 19.964000701904296875 19.942998886108398438 19.94499969482421875 20.076999664306640625 20.156000137329101562 20.30699920654296875 20.331998825073242188 20.461999893188476562 20.573999404907226562 20.680999755859375 20.858999252319335938 20.9720001220703125 20.927000045776367188 20.97100067138671875 21.004999160766601562 21.2089996337890625 21.592000961303710938 21.760999679565429688 21.324998855590820312
20.600999832153320312 20.410999298095703125 20.26399993896484375 20.100000381469726562 20.118000030517578125 19.993000030517578125 19.857999801635742188 19.822999954223632812 19.729999542236328125 19.743000030517578125 19.649999618530273438 19.740999221801757812 19.993000030517578125 20.069000244140625 19.9459991455078125 20.104000091552734375 20.218999862670898438 20.05500030517578125 20 20.076999664306640625 19.98699951171875 20.06999969482421875 20.125 20.184999465942382812 20.36199951171875 20.430999755859375 20.566999435424804688 20.566999435424804688 20.590000152587890625 20.711999893188476562 20.923999786376953125 21.099000930786132812 21.2910003662109375 21.183000564575195312 21.2089996337890625 21.537000656127929688 21.701000213623046875 21.280000686645507812
20.607999801635742188 20.407999038696289062 20.38899993896484375 20.316999435424804688 20.117000579833984375 19.926000595092773438 19.8339996337890625 19.829999923706054688 19.690999984741210938 19.7779998779296875 19.715999603271484375 19.978000640869140625 20.0260009765625 20.020000457763671875 19.938999176025390625 20.232000350952148438 20.2089996337890625 20.010000228881835938 20.024999618530273438 20.149000167846679688 20.144001007080078125 20.212999343872070312 20.197000503540039062 20.357999801635742188 20.521999359130859375 20.547000885009765625 20.552000045776367188 20.52899932861328125 20.552000045776367188 20.621000289916992188 20.789999008178710938 20.944000244140625 21.242000579833984375 21.433000564575195312 21.490999221801757812 21.754999160766601562 21.509000778198242188 21.243000030517578125
20.559000015258789062 20.434999465942382812 20.478000640869140625 20.357000350952148438 20.173999786376953125 20.062000274658203125 19.95999908447265625 19.975000381469726562 19.850000381469726562 20.020000457763671875 20.095001220703125 20.200000762939453125 20.180999755859375 20.240999221801757812 20.215999603271484375 20.422000885009765625 20.190999984741210938 20.01399993896484375 20.048000335693359375 20.080999374389648438 20.197000503540039062 20.3209991455078125 20.404998779296875 20.517000198364257812 20.555999755859375 20.592000961303710938 20.531000137329101562 20.497999191284179688 20.535999298095703125 20.56999969482421875 20.700000762939453125 20.858999252319335938 20.98600006103515625 21.27700042724609375 21.557001113891601562 21.661001205444335938 21.329999923706054688 21.312000274658203125
20.644001007080078125 20.54199981689453125 20.519001007080078125 20.37599945068359375 20.296998977661132812 20.163000106811523438 20.047000885009765625 20.107000350952148438 20.170000076293945312 20.1920013427734375 20.272998809814453125 20.295999526977539062 20.25099945068359375 20.331998825073242188 20.531999588012695312 20.381999969482421875 20.102001190185546875 20.066999435424804688 20.182001113891601562 20.163000106811523438 20.232000350952148438 20.253000259399414062 20.330999374389648438 20.406000137329101562 20.478000640869140625 20.606000900268554688 20.559000015258789062 20.467000961303710938 20.492000579833984375 20.572000503540039062 20.812000274658203125 20.926000595092773438 20.982999801635742188 21.117000579833984375 21.282999038696289062 21.398000717163085938 21.371000289916992188 21.365999221801757812
20.7239990234375 20.684999465942382812 20.58300018310546875 20.451000213623046875 20.413999557495117188 20.3209991455078125 20.289999008178710938 20.26599884033203125 20.22100067138671875 20.23600006103515625 20.336999893188476562 20.358999252319335938 20.309999465942382812 20.502000808715820312 20.392000198364257812 20.207000732421875 20.204999923706054688 20.184000015258789062 20.173999786376953125 20.218999862670898438 20.29399871826171875 20.281000137329101562 20.364000320434570312 20.399999618530273438 20.495000839233398438 20.645999908447265625 20.63700103759765625 20.5149993896484375 20.476999282836914062 20.621999740600585938 20.836000442504882812 20.947000503540039062 20.979999542236328125 21.009000778198242188 21.125 21.168001174926757812 21.313999176025390625 21.503999710083007812
20.97299957275390625 20.746000289916992188 20.726999282836914062 20.659000396728515625 20.606000900268554688 20.39099884033203125 20.295000076293945312 20.34799957275390625 20.13899993896484375 20.23600006103515625 20.33499908447265625 20.395999908447265625 20.455999374389648438 20.55500030517578125 20.413999557495117188 20.274000167846679688 20.337999343872070312 20.201999664306640625 20.180999755859375 20.270000457763671875 20.350000381469726562 20.392000198364257812 20.495000839233398438 20.488000869750976562 20.468000411987304688 20.572000503540039062 20.668001174926757812 20.604999542236328125 20.617000579833984375 20.745000839233398438 20.854000091552734375 20.979999542236328125 20.980998992919921875 21.052999496459960938 21.1529998779296875 21.231000900268554688 21.30500030517578125 21.465000152587890625
20.990999221801757812 20.8489990234375 20.814998626708984375 20.7220001220703125 20.673000335693359375 20.545000076293945312 20.490999221801757812 20.392000198364257812 20.353000640869140625 20.33300018310546875 20.52700042724609375 20.434999465942382812 20.572000503540039062 20.530000686645507812 20.3489990234375 20.4160003662109375 20.427999496459960938 20.33300018310546875 20.2350006103515625 20.170999526977539062 20.383998870849609375 20.465999603271484375 20.544000625610351562 20.5410003662109375 20.49900054931640625 20.565000534057617188 20.718999862670898438 20.724000930786132812 20.746999740600585938 20.812000274658203125 20.850999832153320312 20.948999404907226562 20.968000411987304688 21.13800048828125 21.270000457763671875 21.274999618530273438 21.3489990234375 21.438999176025390625
20.99900054931640625 20.909000396728515625 20.858999252319335938 20.76599884033203125 20.729999542236328125 20.669000625610351562 20.524999618530273438 20.461000442504882812 20.555999755859375 20.436000823974609375 20.565999984741210938 20.627000808715820312 20.631000518798828125 20.683000564575195312 20.45800018310546875 20.4459991455078125 20.375 20.329999923706054688 20.316999435424804688 20.198999404907226562 20.275999069213867188 20.330999374389648438 20.517999649047851562 20.628999710083007812 20.647001266479492188 20.628999710083007812 20.63800048828125 20.743000030517578125 20.817998886108398438 20.937000274658203125 20.975999832153320312 20.951000213623046875 21.020000457763671875 21.225000381469726562 21.256999969482421875 21.266000747680664062 21.489999771118164062 21.565000534057617188
21.020587921142578125 20.882999420166015625 20.798000335693359375 20.772998809814453125 20.76300048828125 20.680999755859375 20.603000640869140625 20.409000396728515625 20.523000717163085938 20.645000457763671875 20.705999374389648438 20.714000701904296875 20.707000732421875 20.673000335693359375 20.534999847412109375 20.447000503540039062 20.381999969482421875 20.489000320434570312 20.33300018310546875 20.357999801635742188 20.357999801635742188 20.4160003662109375 20.552000045776367188 20.733999252319335938 20.76300048828125 20.7350006103515625 20.698999404907226562 20.775999069213867188 20.792999267578125 20.883998870849609375 21.055999755859375 21.092000961303710938 21.163000106811523438 21.243000030517578125 21.2649993896484375 21.350000381469726562 21.52899932861328125 21.67800140380859375
20.899999618530273438 20.937036514282226562 20.93000030517578125 20.830999374389648438 20.754999160766601562 20.745000839233398438 20.715999603271484375 20.559999465942382812 20.6790008544921875 20.599000930786132812 20.754999160766601562 20.7649993896484375 20.717000961303710938 20.69300079345703125 20.604999542236328125 20.590999603271484375 20.592000961303710938 20.5149993896484375 20.488000869750976562 20.523000717163085938 20.354999542236328125 20.308000564575195312 20.496999740600585938 20.690000534057617188 20.753000259399414062 20.8209991455078125 20.86299896240234375 20.968000411987304688 21.00099945068359375 20.957000732421875 21.128000259399414062 21.26399993896484375 21.267999649047851562 21.30699920654296875 21.368000030517578125 21.496000289916992188 21.6660003662109375 21.72100067138671875
-3.3999999521443642491e+38 -3.3999999521443642491e+38 20.9763641357421875 20.909999847412109375 20.800998687744140625 20.80500030517578125 20.802999496459960938 20.761999130249023438 20.868000030517578125 20.822999954223632812 20.857999801635742188 20.86199951171875 20.823999404907226562 20.727001190185546875 20.663000106811523438 20.687999725341796875 20.682001113891601562 20.61100006103515625 20.530000686645507812 20.49900054931640625 20.3899993896484375 20.09600067138671875 20.565999984741210938 20.604000091552734375 20.697999954223632812 20.711000442504882812 20.7910003662109375 20.969999313354492188 21.128000259399414062 21.162000656127929688 21.270999908447265625 21.483999252319335938 21.395000457763671875 21.34799957275390625 21.482999801635742188 21.631000518798828125 21.761999130249023438 21.710000991821289062
-3.3999999521443642491e+38 -3.3999999521443642491e+38 -3.3999999521443642491e+38 20.997058868408203125 20.92315673828125 20.900999069213867188 20.907999038696289062 20.864000320434570312 20.812999725341796875 20.934999465942382812 20.909999847412109375 20.828998565673828125 20.809999465942382812 20.785999298095703125 20.747999191284179688 20.753000259399414062 20.703001022338867188 20.634000778198242188 20.537000656127929688 20.466999053955078125 20.31999969482421875 20.340999603271484375 20.420999526977539062 20.492000579833984375 20.586999893188476562 20.690999984741210938 20.857999801635742188 21.011999130249023438 21.190000534057617188 21.357000350952148438 21.413999557495117188 21.564001083374023438 21.552000045776367188 21.482000350952148438 21.635999679565429688 21.774000167846679688 21.726999282836914062 21.739999771118164062
-3.3999999521443642491e+38 -3.3999999521443642491e+38 -3.3999999521443642491e+38 -3.3999999521443642491e+38 21.049999237060546875 21.089691162109375 20.982000350952148438 20.873998641967773438 20.809999465942382812 20.935998916625976562 20.93199920654296875 20.90200042724609375 20.86100006103515625 20.800998687744140625 20.746000289916992188 20.69499969482421875 20.6920013427734375 20.731000900268554688 20.492000579833984375 20.41699981689453125 20.407999038696289062 20.381999969482421875 20.378999710083007812 20.3899993896484375 20.4720001220703125 20.690999984741210938 20.864999771118164062 21.071001052856445312 21.343999862670898438 21.544000625610351562 21.571001052856445312 21.627000808715820312 21.67800140380859375 21.690000534057617188 21.770000457763671875 21.743999481201171875 21.707000732421875 21.70800018310546875
-3.3999999521443642491e+38 -3.3999999521443642491e+38 -3.3999999521443642491e+38 -3.3999999521443642491e+38 -3.3999999521443642491e+38 21.100000381469726562 21.011827468872070312 20.948999404907226562 20.913000106811523438 20.910999298095703125 20.868999481201171875 20.80500030517578125 20.746999740600585938 20.73600006103515625 20.743999481201171875 20.743000030517578125 20.756999969482421875 20.690000534057617188 20.382999420166015625 20.424999237060546875 20.56999969482421875 20.5839996337890625 20.44300079345703125 20.45999908447265625 20.569000244140625 20.66500091552734375 20.957000732421875 21.175001144409179688 21.37599945068359375 21.600000381469726562 21.700000762939453125 21.80500030517578125 21.774000167846679688 21.795999526977539062 21.767999649047851562 21.684999465942382812 21.686000823974609375 21.840999603271484375
-3.3999999521443642491e+38 -3.3999999521443642491e+38 -3.3999999521443642491e+38 -3.3999999521443642491e+38 -3.3999999521443642491e+38 -3.3999999521443642491e+38 20.981250762939453125 20.985567092895507812 21.006999969482421875 20.928998947143554688 20.855998992919921875 20.795999526977539062 20.838998794555664062 20.869998931884765625 20.836000442504882812 20.724000930786132812 20.685001373291015625 20.658000946044921875 20.687000274658203125 20.841999053955078125 20.899000167846679688 20.809999465942382812 20.555999755859375 20.565999984741210938 20.698999404907226562 20.81800079345703125 21.159999847412109375 21.315999984741210938 21.475999832153320312 21.701000213623046875 21.86199951171875 21.869998931884765625 21.795999526977539062 21.7779998779296875 21.7220001220703125 21.670999526977539062 21.8209991455078125 22.118999481201171875
-3.3999999521443642491e+38 -3.3999999521443642491e+38 -3.3999999521443642491e+38 -3.3999999521443642491e+38 -3.3999999521443642491e+38 -3.3999999521443642491e+38 -3.3999999521443642491e+38 21.07391357421875 21.072618484497070312 20.955999374389648438 20.906000137329101562 20.851999282836914062 20.926000595092773438 20.83599853515625 20.767000198364257812 20.70800018310546875 20.701999664306640625 20.812999725341796875 20.854999542236328125 21.00099945068359375 21.061000823974609375 20.747999191284179688 20.674999237060546875 20.76300048828125 20.73699951171875 20.961999893188476562 21.159999847412109375 21.476999282836914062 21.799999237060546875 21.770000457763671875 22.003999710083007812 21.937000274658203125 21.826000213623046875 21.614000320434570312 21.733999252319335938 21.81999969482421875 22.064001083374023438 22.274999618530273438
