inputs/cropped_bioclim_tortoise/wc2.1_2.5m_bio_17_band1.asc
ncols        480
nrows        504
xllcorner    -120.000000000000
yllcorner    24.000000000000
cellsize     0.041666666667
[rows 204 to 254 of 504, columns 288 to 383 of 480]
44 44 44 45 44 45 46 47 47 46 46 46 47 49 50 52 54 57 60 63 65 68 70 74 80 81 86 78 76 92 77 72 73 72 72 75 82 84 94 109 119 104 109 92 68 58 70 51 56 48 52 47 44 41 39 43 46 47 51 94 125 115 111 102 89 68 94 113 117 94 62 46 38 36 33 30 28 28 27 26 25 24 24 24 24 24 24 24 24 25 27 28 28 27 27 27
41 42 44 44 44 43 44 46 46 45 45 46 46 47 47 49 51 57 60 64 66 68 71 75 76 78 84 80 75 91 82 79 81 76 78 79 74 79 88 104 117 95 96 87 81 73 51 45 41 44 49 47 45 42 41 43 46 47 47 57 71 79 82 94 74 70 88 106 99 94 78 57 44 38 33 31 29 28 28 25 25 26 24 24 24 24 24 24 24 25 25 25 25 24 24 24
40 41 42 42 43 43 43 44 44 44 44 45 44 47 46 49 52 59 59 62 63 65 67 69 74 74 76 70 71 73 80 75 86 85 87 80 63 82 91 105 111 94 74 72 66 48 40 39 42 49 49 43 43 39 40 42 43 44 48 64 84 96 90 87 80 76 100 100 91 83 81 56 48 38 35 32 29 28 28 27 27 26 24 24 24 24 24 24 23 25 25 25 24 23 23 23
41 41 41 41 41 43 43 43 43 44 43 44 43 45 46 46 48 52 56 59 61 62 65 68 72 74 74 69 78 83 82 62 72 84 88 50 66 80 85 84 92 86 58 48 49 42 38 39 38 41 49 46 41 40 39 42 46 47 56 79 85 89 89 88 87 85 112 110 95 87 76 60 43 37 35 34 31 30 28 28 27 27 25 24 24 24 24 23 23 24 25 23 23 23 23 23
41 41 40 42 41 41 40 41 42 42 42 41 43 44 45 47 46 47 49 51 55 59 64 67 70 72 69 69 77 87 94 79 56 48 43 36 30 36 48 57 64 58 47 37 37 36 36 35 37 40 46 46 45 41 46 55 59 57 62 79 95 102 104 107 96 75 85 91 86 76 71 64 53 41 45 44 38 37 31 28 27 27 26 25 24 24 24 23 23 23 23 23 23 23 23 23
39 39 40 41 41 41 40 40 41 41 40 40 41 42 43 44 44 48 51 56 57 61 62 66 70 71 68 71 84 97 97 87 91 82 41 34 29 26 37 32 42 38 40 32 35 35 31 32 35 38 45 44 41 43 67 91 95 67 63 82 103 115 120 126 111 77 76 101 84 76 62 60 54 45 39 33 32 33 30 29 29 27 27 25 25 25 24 23 23 23 23 23 23 23 24 25
38 40 39 40 41 40 40 39 40 40 41 39 40 42 42 43 45 47 54 57 58 60 63 65 69 70 74 75 80 92 96 93 92 58 38 38 32 37 29 28 28 28 28 30 34 34 31 32 37 34 35 38 50 63 71 89 97 77 78 98 117 141 133 101 102 89 75 90 78 59 56 56 53 41 37 33 33 30 29 29 29 27 27 26 25 25 24 24 24 23 23 24 24 24 25 25
38 40 40 40 40 39 40 40 39 39 39 41 41 41 41 41 43 45 48 54 58 60 62 66 68 73 89 89 94 86 80 74 69 50 53 79 64 52 68 40 37 30 28 28 30 31 34 39 34 38 37 38 49 56 57 61 67 75 96 112 127 125 111 86 90 80 65 75 69 53 50 48 47 43 42 38 38 34 30 29 29 29 29 28 26 25 24 24 24 24 25 25 24 24 25 26
38 39 39 40 40 40 39 38 39 38 40 39 42 42 42 40 41 42 45 48 50 56 61 61 65 72 101 116 119 106 88 79 76 78 94 95 93 84 88 71 84 44 33 31 30 32 40 34 31 40 49 52 49 59 67 69 75 87 91 97 103 108 80 65 97 70 59 69 64 52 48 50 47 43 42 40 38 38 33 32 31 31 30 28 28 27 26 27 26 26 26 26 26 26 25 25
39 39 39 39 40 39 38 37 37 35 38 38 40 44 44 41 42 42 46 48 53 56 61 61 62 70 100 125 128 115 98 89 95 95 117 110 102 98 99 88 92 65 38 32 29 34 31 32 35 40 49 58 63 68 76 91 93 111 139 110 100 100 67 75 77 71 54 61 58 52 55 49 48 45 43 41 39 37 34 33 32 32 32 29 29 27 26 27 26 27 28 28 28 28 27 25
39 38 38 38 39 39 38 38 37 35 35 36 37 39 44 44 43 43 46 49 52 54 56 59 60 65 92 118 119 117 113 103 102 106 122 114 111 110 120 99 93 74 46 36 35 32 30 34 41 50 56 63 73 84 95 103 130 124 165 142 112 86 70 73 73 56 54 54 54 54 54 48 45 45 43 41 39 37 34 33 33 34 30 30 30 30 29 28 28 29 29 28 28 28 28 27
38 38 38 39 39 38 37 35 35 37 36 36 37 38 39 41 40 42 45 45 46 49 52 59 55 60 82 104 106 103 108 107 110 111 124 125 124 128 133 117 99 83 64 48 39 35 33 36 37 41 47 56 71 85 103 116 147 145 152 160 123 78 63 63 66 59 53 52 51 51 50 46 45 48 48 42 37 36 34 33 34 33 33 32 30 31 31 27 28 29 30 30 30 28 28 28
38 38 37 38 38 38 38 35 35 35 33 34 34 35 34 36 36 39 41 40 41 43 47 51 52 58 76 96 95 96 101 104 106 106 108 110 114 126 117 114 102 68 53 45 42 35 34 35 36 41 48 62 79 95 130 137 165 162 165 160 124 79 65 58 54 58 51 47 47 53 48 45 48 54 54 45 38 35 34 34 35 38 38 33 32 31 30 27 29 30 30 30 30 29 28 28
37 37 37 37 38 38 38 37 37 35 34 32 32 32 36 35 35 37 39 39 40 44 46 50 51 58 73 95 94 93 100 99 104 109 111 109 113 114 117 111 92 66 53 45 38 35 37 36 39 44 53 75 98 123 129 130 156 138 141 154 130 80 68 61 60 54 51 49 49 50 47 44 46 51 45 42 38 36 35 35 33 32 31 30 32 31 30 27 30 31 30 30 30 29 29 28
38 38 38 39 39 38 37 39 40 38 36 34 33 33 33 33 34 37 37 38 41 44 49 49 51 58 72 98 90 93 94 99 98 105 118 115 108 111 117 102 75 63 50 42 35 35 38 38 40 47 60 87 108 135 140 142 149 124 129 140 98 77 81 64 57 55 51 48 46 46 47 43 43 45 45 39 36 36 36 36 35 32 32 29 28 28 28 27 30 31 31 31 31 30 30 30
38 37 37 39 38 38 38 38 42 43 40 37 36 35 33 33 33 35 37 39 40 42 44 50 52 60 76 96 85 85 92 97 94 100 118 110 106 110 109 95 74 62 52 45 38 40 40 40 42 45 59 84 108 139 143 118 113 110 127 129 85 66 62 60 59 58 51 49 46 44 44 43 40 40 39 37 37 36 36 35 35 33 31 31 31 30 28 30 32 32 30 32 31 31 30 30
38 38 37 37 36 36 37 38 38 39 38 40 42 39 38 36 36 35 37 39 41 42 45 49 50 60 73 90 81 83 90 84 86 94 103 109 108 104 98 85 67 58 51 44 41 42 45 43 44 48 61 98 120 148 132 110 96 110 130 128 93 70 60 58 56 55 52 46 45 43 44 41 39 38 38 37 37 35 36 35 35 34 32 31 31 31 31 30 32 32 30 30 31 30 30 30
38 39 38 38 39 38 39 38 36 35 36 34 35 36 40 39 38 35 35 37 41 43 46 49 51 57 68 88 76 77 82 77 89 96 105 107 99 93 94 81 59 53 48 51 53 46 46 47 49 50 66 94 127 144 117 92 92 121 144 127 101 84 64 58 56 54 51 46 45 43 41 40 40 39 40 37 37 38 38 37 37 34 34 34 31 31 30 30 32 33 30 28 25 29 30 30
39 38 38 39 39 40 40 38 36 35 34 33 33 34 34 34 35 35 36 39 40 43 46 47 50 55 65 83 79 69 72 77 82 88 99 97 91 81 77 62 48 47 58 57 55 48 48 50 53 56 67 92 112 114 98 83 107 117 126 110 90 84 68 61 60 54 50 48 45 43 41 41 42 41 40 40 38 39 38 38 38 37 37 35 34 31 30 31 33 28 27 30 26 24 27 29
37 38 39 39 39 41 39 38 37 35 35 34 33 34 34 35 35 36 36 39 42 44 45 47 48 50 60 78 74 67 64 71 76 83 89 88 79 65 56 48 43 54 60 64 60 50 48 47 52 56 69 86 102 99 82 78 100 101 109 114 87 67 59 59 64 52 46 45 45 45 43 44 43 43 41 41 40 40 39 39 38 38 37 34 31 30 26 27 25 24 24 25 26 24 24 27
38 39 39 39 37 37 36 36 37 36 36 35 34 34 34 34 35 36 36 39 40 42 45 45 47 49 53 67 69 62 54 61 75 79 81 78 70 61 49 44 41 51 59 58 54 48 47 48 50 56 71 87 102 93 81 71 90 86 95 112 79 57 57 57 57 49 44 44 45 46 46 45 44 43 41 41 41 41 40 39 38 38 34 32 31 28 26 26 26 24 24 24 25 24 24 25
39 39 40 40 39 37 35 35 35 36 36 36 34 34 36 39 40 41 38 38 41 45 47 45 45 45 48 59 62 54 49 58 72 75 73 68 60 54 46 39 39 40 52 52 49 47 47 48 50 55 68 74 75 73 67 61 70 73 78 95 79 55 54 55 55 49 43 41 44 44 46 45 45 44 41 41 41 41 41 41 38 37 34 34 30 27 26 26 24 24 25 25 25 24 25 24
46 45 42 40 40 38 38 36 36 38 37 37 37 40 48 53 56 58 48 38 40 42 47 50 47 48 46 51 48 44 50 56 61 67 67 61 54 48 42 37 40 41 45 49 46 47 48 48 50 54 62 65 65 69 61 57 61 63 66 79 78 61 51 50 49 47 41 41 42 43 46 46 44 45 43 40 41 41 41 41 40 39 35 34 31 28 27 27 26 25 25 25 25 25 25 24
42 47 44 40 40 40 39 37 36 35 37 37 40 49 57 60 61 56 47 40 39 41 55 55 48 48 45 47 47 44 45 46 52 60 62 60 55 45 38 37 39 40 42 48 47 46 47 48 48 49 56 59 66 66 67 59 57 60 58 66 64 64 50 49 46 44 41 41 41 44 44 46 47 46 44 40 40 42 43 40 37 37 34 31 31 29 28 27 26 26 24 24 25 25 25 24
41 43 41 40 42 48 45 41 38 37 38 38 49 58 61 63 60 55 47 43 40 41 52 51 49 48 50 51 48 48 45 43 46 55 59 55 53 41 38 40 42 41 41 42 45 46 45 46 49 50 52 58 61 60 64 62 54 52 51 51 49 54 51 47 44 42 43 42 41 43 41 41 44 47 46 40 39 43 44 39 34 35 34 31 30 28 28 27 26 26 25 24 24 24 24 24
39 41 39 38 39 45 52 48 41 40 45 54 58 63 67 67 62 60 53 43 38 41 52 49 50 50 51 54 54 51 51 45 41 49 54 48 47 39 40 40 44 45 44 43 43 41 42 44 45 45 45 52 58 57 61 65 62 52 45 44 44 45 47 46 44 41 40 43 41 39 38 38 41 38 41 36 36 37 37 35 34 32 32 31 30 28 28 27 27 26 26 25 24 24 26 25
39 42 39 38 36 38 44 46 44 45 52 62 68 67 69 67 61 57 50 44 41 40 44 50 46 49 53 56 57 56 57 49 44 40 42 41 38 38 40 41 46 48 49 52 50 45 42 41 41 42 42 44 53 54 56 61 62 62 59 50 40 40 42 44 39 38 37 43 46 40 39 40 38 38 38 38 36 35 34 34 33 33 31 30 28 27 27 27 26 26 26 26 25 25 26 27
36 38 37 40 37 37 40 42 44 52 59 62 65 65 64 64 55 50 45 42 43 42 39 44 43 45 51 55 54 53 51 50 46 42 39 36 40 44 49 43 45 50 55 73 72 54 46 43 43 40 43 45 52 56 56 59 57 57 57 48 41 36 46 45 41 37 35 36 41 42 38 39 38 38 38 39 38 37 35 33 33 32 30 30 30 28 28 28 27 26 26 25 26 26 26 26
35 32 33 35 35 43 47 45 53 59 63 63 63 64 62 58 50 47 43 41 41 40 40 39 41 44 49 52 52 52 48 46 43 39 36 39 45 52 60 48 47 52 56 81 76 56 47 45 42 41 43 45 48 57 57 54 55 53 56 50 44 38 38 39 36 36 35 36 37 39 38 40 38 38 38 38 38 37 36 34 33 33 33 31 31 28 28 28 28 28 26 28 27 26 27 28
37 33 32 33 35 42 53 56 66 77 78 67 60 58 59 56 51 50 45 43 43 42 39 38 38 41 47 51 50 48 46 42 39 36 35 42 70 83 76 59 51 53 57 68 66 54 49 48 46 42 40 42 45 53 52 51 49 48 49 49 47 44 38 34 34 33 35 36 37 39 40 40 39 38 38 38 38 38 37 36 34 34 34 34 31 31 29 28 28 28 29 33 32 27 30 31
38 36 34 34 33 39 45 53 69 86 74 63 56 55 49 48 42 44 44 45 44 41 40 40 38 40 43 49 48 45 42 39 36 35 38 51 83 101 86 76 59 60 72 79 64 51 46 43 44 45 43 44 44 47 49 50 46 44 44 44 44 41 38 35 34 33 35 36 37 38 40 39 40 40 38 38 39 39 37 37 37 35 34 33 31 31 31 28 29 29 30 33 33 32 32 30
39 36 33 33 32 42 49 52 52 65 60 52 50 51 42 38 38 39 42 43 45 40 42 40 38 37 43 48 48 45 40 36 34 35 40 47 72 93 90 79 69 79 85 74 54 48 43 39 37 40 43 45 45 46 48 52 52 45 44 41 40 38 35 34 35 35 36 37 37 39 40 40 40 39 39 39 40 39 38 36 36 37 35 32 31 31 31 31 30 29 30 29 32 32 32 31
44 40 35 32 32 41 46 45 45 48 45 43 43 44 38 35 37 38 42 42 42 39 39 39 37 37 40 47 45 44 38 34 32 35 39 46 65 85 87 79 74 74 67 58 51 45 41 37 36 35 38 42 43 44 46 52 50 46 44 44 40 35 33 33 34 35 35 36 39 40 41 41 41 41 39 39 39 39 38 37 35 35 35 34 32 31 31 32 30 30 30 30 29 30 29 29
46 41 37 32 31 31 40 37 35 35 34 35 36 37 38 35 34 35 40 43 39 39 38 37 37 36 40 46 44 42 37 32 32 35 38 42 66 85 79 73 78 76 65 56 50 45 41 38 37 35 37 42 42 43 45 52 53 48 44 42 42 37 36 36 33 34 35 36 39 39 39 40 40 41 41 39 39 39 38 37 37 36 35 35 33 32 32 32 30 30 30 30 29 29 30 30
49 42 35 34 31 32 32 32 33 32 32 34 34 34 34 31 33 35 38 43 42 36 36 36 36 35 39 45 43 41 34 32 32 35 37 40 54 64 68 73 80 77 68 58 51 45 42 39 37 35 37 42 42 42 44 50 49 45 42 40 39 38 37 35 34 35 36 38 38 38 38 39 40 41 41 41 39 40 39 37 36 36 37 35 34 33 32 32 31 30 30 31 30 31 31 33
45 44 38 36 34 34 35 34 33 33 35 34 33 33 32 33 31 32 37 40 40 37 36 35 35 35 38 43 41 38 34 33 32 35 36 39 55 65 70 76 78 76 70 61 52 45 42 40 38 35 36 40 41 41 45 47 48 44 41 39 37 37 37 36 36 36 36 36 38 38 38 39 39 40 40 40 39 39 40 38 38 36 37 37 36 35 35 34 33 33 33 32 34 33 32 32
43 40 36 35 34 40 40 36 35 35 34 34 34 36 35 34 32 32 32 32 33 35 36 35 34 35 37 40 39 38 34 33 34 36 37 40 47 64 74 77 78 76 69 61 52 45 41 38 37 37 37 38 41 41 52 51 46 44 42 40 39 36 35 34 34 35 36 37 38 38 38 39 39 40 40 40 38 39 39 39 38 37 37 37 36 37 36 35 35 36 37 34 37 38 37 34
40 37 36 36 39 42 39 36 35 33 33 33 35 36 34 31 31 31 31 32 32 33 33 32 34 35 37 40 38 36 35 33 35 36 37 41 46 63 71 74 77 75 67 58 52 47 42 40 38 39 37 39 41 40 45 45 44 43 40 39 38 36 35 35 34 34 35 37 38 38 38 39 39 39 39 40 38 39 38 38 37 39 39 36 37 36 36 36 36 36 36 34 34 36 38 34
40 37 36 36 45 47 43 40 36 35 33 33 32 31 31 31 31 31 31 32 34 32 31 31 34 36 37 37 37 35 34 33 34 36 37 40 45 51 66 72 76 73 63 57 52 46 42 42 41 40 37 39 39 41 42 41 39 39 41 38 37 35 33 35 35 35 35 35 35 36 36 37 38 38 39 37 38 38 38 38 38 39 37 36 37 36 36 35 36 36 36 34 34 35 37 36
39 37 40 43 42 45 45 40 39 35 34 33 31 31 31 31 30 32 33 37 40 34 30 30 33 36 36 35 35 35 33 34 33 37 38 40 44 53 68 77 76 69 60 55 50 45 44 41 41 38 37 37 39 39 41 42 42 40 38 37 35 34 34 32 32 32 33 34 35 35 37 37 39 40 39 38 38 38 39 38 38 39 38 37 36 36 36 35 35 35 35 36 37 38 37 37
39 37 40 49 45 46 43 43 41 34 34 32 29 29 30 31 31 33 33 37 41 35 30 31 31 35 34 35 36 35 34 33 35 36 36 40 46 63 78 76 70 63 58 54 48 45 43 41 40 39 37 37 37 36 38 40 39 37 35 33 32 34 34 32 32 34 34 34 36 38 38 39 39 38 37 37 38 38 38 39 37 38 38 36 36 37 36 36 35 35 36 36 38 38 37 37
35 39 44 48 47 45 45 43 42 38 37 33 30 29 29 34 33 35 36 38 37 34 31 30 29 31 33 34 34 34 33 34 35 35 36 39 49 77 80 71 65 59 56 52 47 46 46 43 41 39 37 37 35 36 36 38 38 37 34 32 35 34 34 34 34 35 35 35 36 36 36 37 36 36 36 37 37 38 38 38 37 38 37 36 35 37 37 36 35 35 36 37 38 38 37 37
36 41 43 49 47 45 43 43 40 37 37 35 31 29 32 35 33 35 43 38 34 32 31 31 30 30 30 34 33 33 33 35 32 35 35 39 48 69 75 68 60 56 53 50 46 46 46 42 40 39 38 37 36 36 35 36 36 34 33 32 33 36 36 35 34 34 35 36 36 36 35 35 36 37 37 37 38 38 38 40 38 38 37 35 36 37 36 36 37 36 36 36 37 38 38 37
36 40 42 44 44 43 42 40 38 37 36 32 30 31 34 34 34 37 40 34 33 33 32 31 30 29 29 32 33 33 33 33 32 33 35 39 46 68 76 65 59 54 50 48 47 47 44 40 39 38 38 36 35 35 35 37 34 32 30 30 30 31 34 35 35 33 33 35 35 36 35 35 36 37 37 37 38 38 38 38 38 38 36 35 35 36 35 36 37 35 36 36 36 37 38 38
36 40 43 41 42 43 41 41 42 38 35 34 34 34 33 33 37 41 34 32 34 33 31 30 31 30 28 31 32 32 33 32 32 33 35 40 60 79 71 60 57 53 48 46 48 45 43 40 39 40 39 38 37 37 37 37 34 30 29 29 29 30 31 34 34 33 34 35 35 35 35 34 35 36 38 37 37 38 38 38 37 38 37 36 37 36 35 37 35 36 36 36 36 37 37 38
35 40 43 42 42 43 41 41 37 31 32 36 34 31 30 31 34 33 31 32 31 31 29 29 29 29 28 31 31 29 31 31 32 33 35 41 65 82 69 61 54 52 49 48 46 43 43 43 40 40 39 39 40 40 37 34 35 32 30 30 30 30 33 34 34 33 33 34 34 33 34 35 36 36 37 37 37 37 38 36 36 37 37 36 37 35 35 37 36 36 36 36 36 37 37 38
38 40 42 41 39 43 42 40 32 31 31 30 29 28 28 30 34 33 32 32 30 29 29 29 29 28 27 29 30 28 30 31 31 31 34 39 63 66 65 60 55 51 47 45 45 44 44 44 41 41 41 42 42 41 38 36 35 32 32 31 33 33 34 34 34 33 32 35 35 35 34 35 36 36 37 37 37 37 38 38 38 38 38 37 37 36 35 36 36 36 36 36 36 37 37 37
40 40 42 38 37 33 32 30 29 30 31 30 28 28 28 28 33 30 31 32 29 29 29 29 29 28 26 28 27 27 28 31 31 31 34 37 54 50 53 52 51 50 51 48 46 45 44 42 41 40 41 42 41 39 38 37 36 32 32 32 35 34 34 35 35 34 32 34 35 35 34 35 35 35 36 36 37 38 38 38 38 38 38 37 37 37 37 36 35 35 35 36 36 37 37 36
39 41 38 38 35 33 32 29 29 29 29 28 29 28 27 26 30 30 29 29 31 31 30 29 29 26 26 26 26 26 28 29 30 31 34 35 45 44 46 47 49 49 51 53 50 49 49 46 48 45 41 40 40 39 39 38 36 33 32 32 36 39 36 35 35 35 33 35 35 35 35 36 35 36 37 37 37 38 37 37 38 38 38 38 37 36 36 36 36 35 35 36 36 36 35 35
38 38 36 33 31 30 30 30 29 29 27 28 28 27 27 26 27 29 30 30 34 42 44 32 29 26 25 25 25 26 28 29 30 31 32 35 37 38 42 44 47 53 54 52 52 51 48 48 47 48 46 43 41 40 39 39 36 34 34 34 36 37 36 37 35 33 34 34 35 35 36 36 36 36 37 37 36 37 37 38 38 38 37 37 37 37 36 37 36 35 35 35 35 35 34 35
38 36 36 33 31 32 39 34 31 27 27 27 28 27 27 27 27 26 26 29 31 36 35 29 27 25 25 23 24 26 28 30 30 32 37 39 38 41 43 47 48 53 55 52 50 50 49 49 48 48 46 46 43 42 41 40 39 37 37 36 38 40 38 36 35 34 34 35 35 35 35 36 36 36 36 36 37 37 37 38 38 38 37 38 37 36 36 36 35 34 34 34 34 35 35 35
