inputs/cropped_bioclim_tortoise/wc2.1_2.5m_bio_16_band1.asc
ncols        480
nrows        504
xllcorner    -120.000000000000
yllcorner    24.000000000000
cellsize     0.041666666667
[rows 287 to 327 of 504, columns 368 to 459 of 480]
166 163 163 161 161 160 160 159 161 163 164 168 168 171 175 182 185 189 192 201 200 199 199 199 199 197 198 198 198 198 198 198 198 198 198 197 199 198 198 198 197 197 197 197 197 195 194 192 192 189 189 189 188 188 187 188 190 189 189 191 191 192 191 194 196 199 199 200 200 200 201 203 204 202 202 202 200 200 200 200 199 199 198 199 198 199 201 202 204 203 205 206
164 163 163 161 162 160 160 161 161 162 163 168 168 169 176 181 185 187 193 200 201 200 200 200 199 199 198 197 198 198 196 197 197 198 198 197 198 198 197 198 197 196 197 196 196 193 193 191 190 188 188 187 187 187 185 185 185 186 187 188 189 190 190 190 190 194 196 197 197 200 201 201 201 200 201 201 200 200 199 198 199 200 202 199 199 201 203 203 206 206 208 206
164 163 163 162 161 160 158 161 161 165 168 169 168 172 177 181 183 186 190 196 201 201 200 200 199 198 197 198 196 195 196 196 197 197 197 197 198 197 196 196 196 196 195 194 193 192 191 190 190 188 187 186 185 184 183 184 183 186 187 186 188 189 189 188 189 191 194 196 197 197 198 200 200 198 199 198 199 200 199 199 203 203 203 203 206 206 204 204 208 208 208 208
165 164 163 162 161 161 160 159 160 162 165 167 169 171 175 179 181 184 187 192 197 200 200 200 199 197 196 196 197 195 195 195 195 196 197 197 196 196 195 196 197 195 194 193 192 192 190 190 189 187 185 184 182 182 180 181 181 182 182 183 183 185 187 188 189 190 191 194 191 192 196 199 200 199 197 196 196 198 199 201 203 202 204 205 207 206 205 208 208 208 208 208
169 166 164 163 161 161 159 159 159 160 164 167 170 171 173 177 180 182 184 189 191 195 198 199 197 196 196 192 193 194 193 192 192 194 195 196 195 196 196 196 195 194 193 192 191 190 189 189 187 186 184 183 182 181 178 180 179 178 179 180 183 183 182 185 189 189 188 191 191 189 191 193 198 199 199 200 197 199 198 200 202 202 203 205 205 205 206 207 207 208 207 209
170 167 165 163 162 161 158 156 160 164 167 170 171 172 173 176 178 179 181 186 189 192 193 197 198 196 194 191 191 190 191 192 193 194 194 194 195 196 194 193 194 194 192 191 189 189 189 187 186 185 183 182 179 179 178 178 178 176 179 181 181 181 181 182 185 187 188 189 187 188 188 191 195 198 198 198 200 199 200 199 201 202 200 202 202 204 205 206 207 208 209 209
171 168 166 164 161 161 159 157 161 165 168 171 172 171 173 175 175 175 180 182 185 187 188 191 193 195 193 191 190 190 191 191 192 192 192 193 195 195 194 192 192 192 191 189 189 188 186 187 186 184 182 181 179 179 177 178 177 177 178 179 179 178 179 183 184 185 185 187 188 190 188 189 190 192 195 196 198 199 199 198 198 200 199 199 201 202 205 207 206 208 210 212
171 169 167 164 161 162 161 159 160 164 168 169 169 169 172 173 173 174 178 180 182 184 184 186 187 190 192 191 189 189 188 188 190 191 191 192 194 195 192 192 191 189 189 188 188 186 184 184 184 182 182 181 179 179 178 176 177 177 176 178 181 181 180 180 183 185 186 186 188 190 190 188 188 189 191 195 196 198 197 198 197 197 198 197 200 202 202 205 206 207 209 212
170 168 167 165 162 160 159 160 160 165 167 169 167 167 170 170 171 172 175 177 180 180 181 182 183 184 188 189 187 185 186 185 186 188 189 189 191 194 191 190 189 189 186 186 184 184 184 183 182 181 180 179 176 177 177 178 177 175 175 179 179 177 177 179 182 184 186 186 188 189 190 191 189 191 190 192 192 194 196 195 195 196 196 195 197 200 202 205 206 207 207 211
171 169 167 165 162 161 161 160 162 168 167 167 164 165 165 167 168 168 173 175 176 178 178 178 179 180 182 184 183 183 182 184 185 186 187 187 188 190 189 188 189 188 186 184 183 184 182 181 181 179 179 178 176 174 173 174 173 172 173 175 177 178 178 179 180 181 184 185 188 189 189 187 188 189 190 190 191 191 192 193 193 193 195 195 197 199 201 202 205 206 208 211
175 173 169 165 163 163 161 160 165 166 165 164 163 163 165 164 163 166 173 174 174 173 175 175 176 176 177 179 180 179 180 179 180 181 183 185 186 186 187 185 184 185 182 182 181 181 181 180 179 177 177 176 175 174 173 172 172 172 172 173 176 177 176 177 179 180 181 185 187 188 188 188 188 188 188 188 190 190 192 193 191 192 192 194 196 198 201 202 204 206 208 211
179 174 169 166 165 165 161 162 162 162 165 162 163 163 165 165 165 169 174 173 172 172 173 174 175 176 176 177 177 177 177 177 177 177 179 180 183 184 183 183 182 181 181 180 179 179 177 177 175 174 175 174 173 174 173 172 172 172 173 173 176 177 179 179 179 181 181 183 185 186 187 188 187 188 187 188 189 190 192 193 192 193 193 193 194 198 200 203 205 206 208 211
181 176 171 173 175 169 162 161 160 161 163 161 162 164 168 171 170 171 174 175 172 174 174 176 176 177 179 177 176 176 175 175 175 176 175 176 178 180 181 180 179 179 177 177 177 177 175 175 174 172 173 173 174 172 171 171 171 174 173 174 174 175 178 179 179 180 180 179 182 184 185 186 187 187 187 188 190 190 192 194 191 192 193 193 194 198 200 201 205 206 208 212
183 179 178 184 180 169 167 165 164 163 164 164 163 165 169 169 172 168 167 166 168 172 174 176 178 177 177 175 174 173 173 172 173 174 174 174 174 175 178 177 178 177 175 175 175 175 172 171 172 172 171 171 170 170 170 170 171 172 172 171 173 173 175 177 177 178 178 178 179 181 183 184 185 186 188 189 190 192 192 193 192 193 193 194 195 197 199 202 204 206 210 212
185 183 180 186 182 177 173 172 167 167 164 165 163 164 166 168 172 168 164 164 168 170 172 174 173 172 171 169 171 170 169 170 171 172 172 170 170 170 173 175 173 174 173 172 172 173 171 170 170 170 170 169 169 169 168 168 169 170 171 170 172 172 175 176 177 177 176 176 176 176 177 178 180 182 185 186 188 190 191 192 191 189 191 193 195 196 198 201 204 206 208 211
192 189 189 195 190 183 175 173 173 168 165 164 164 162 164 168 166 160 159 164 167 169 172 174 173 168 166 164 165 164 167 168 169 168 168 167 167 167 170 170 171 170 171 170 170 170 169 166 166 169 169 168 168 167 167 168 169 169 168 169 171 172 173 175 176 177 176 175 175 173 172 173 174 178 180 183 186 188 188 189 190 188 189 191 194 196 198 200 204 205 207 210
193 194 198 198 191 185 183 177 171 169 168 165 163 163 162 163 158 156 159 163 166 167 168 169 171 170 165 161 159 159 162 163 164 165 165 163 163 165 165 166 167 168 168 168 166 167 166 165 166 166 167 167 166 167 166 166 167 167 168 169 170 171 172 174 176 178 179 176 174 172 171 170 170 173 176 180 184 186 187 188 188 188 189 191 193 195 199 202 204 205 208 210
194 193 194 196 189 188 184 179 171 169 169 167 164 163 160 157 156 157 159 160 163 165 166 169 170 168 165 161 157 155 156 160 159 160 161 160 161 162 163 163 164 165 165 164 164 165 164 164 163 164 165 165 164 164 165 165 166 166 167 167 168 169 170 172 174 176 179 177 174 172 168 170 169 173 174 176 178 182 185 186 188 188 189 192 194 197 197 201 203 205 206 210
199 197 199 192 188 187 183 183 175 169 167 167 166 164 160 159 157 159 165 166 164 164 166 170 168 165 164 161 156 154 154 156 158 158 158 158 158 158 160 160 160 161 162 163 163 163 162 162 161 162 162 162 162 162 162 163 163 164 165 166 166 168 168 169 173 175 175 177 174 170 169 166 165 169 173 173 175 177 181 183 184 188 189 191 194 196 199 199 202 204 205 208
211 210 206 202 201 198 193 189 177 170 168 167 165 162 160 159 159 160 165 169 168 166 167 166 165 163 161 159 156 153 151 153 154 155 155 155 156 156 157 157 159 159 160 161 162 162 160 160 160 160 160 160 160 160 161 160 161 161 162 163 164 166 167 168 170 171 175 174 172 169 167 164 163 167 169 172 174 177 179 182 183 186 188 190 192 194 198 200 201 203 205 208
226 221 217 212 213 204 194 182 174 171 172 169 164 161 158 157 156 158 163 166 166 165 164 163 162 159 157 156 152 150 148 149 152 152 153 152 152 152 154 155 157 156 156 159 160 160 159 159 158 159 158 158 158 158 158 159 159 160 160 161 162 165 166 167 168 169 171 171 170 168 165 162 163 165 170 174 174 179 181 184 183 185 188 191 193 195 196 198 201 203 204 205
244 237 227 205 191 182 178 174 172 171 169 167 163 160 156 155 157 159 163 165 164 163 162 161 160 158 154 152 150 149 148 148 148 148 149 148 148 149 150 152 154 154 154 157 158 158 158 156 156 156 155 156 156 156 157 156 158 159 160 161 161 162 163 164 164 165 167 168 168 168 164 163 163 162 166 169 172 180 184 187 186 186 190 191 194 194 196 199 201 203 203 205
241 223 203 189 183 182 179 177 172 170 167 164 161 159 156 155 156 159 162 162 162 161 160 158 158 155 152 150 149 149 147 147 145 146 146 146 145 147 149 150 151 152 152 155 155 156 154 154 154 154 154 153 154 153 154 154 155 156 156 157 158 160 161 163 163 163 163 165 166 166 165 164 163 163 165 168 174 181 184 189 190 188 189 192 193 194 197 199 203 203 205 206
212 200 194 188 184 186 183 178 175 171 168 167 164 160 157 155 156 156 158 160 160 158 156 155 154 153 151 150 151 148 148 145 144 143 144 144 144 145 145 147 149 149 150 152 153 154 154 153 152 151 152 152 152 152 152 152 153 153 154 155 157 158 159 160 161 162 163 163 163 164 165 165 166 165 165 168 173 179 182 186 188 191 191 193 194 195 197 199 201 202 205 205
204 198 192 188 187 186 182 178 175 172 170 165 162 160 157 155 153 154 154 156 158 156 154 151 151 151 152 152 150 147 147 144 143 142 142 142 144 144 144 144 145 148 150 152 154 152 152 149 149 150 149 149 150 150 150 151 151 151 153 154 155 156 157 159 160 161 162 163 163 163 164 166 167 168 167 171 176 181 185 185 185 189 192 193 193 196 197 200 203 203 204 203
202 198 192 187 186 188 185 181 176 172 171 168 164 162 160 155 152 151 152 152 154 153 151 149 149 148 149 152 150 148 148 145 142 142 142 142 143 143 143 142 144 145 148 150 152 152 150 150 149 148 148 146 148 149 149 149 151 151 151 153 154 155 155 157 158 159 160 160 162 163 163 164 166 166 169 174 177 182 185 186 186 187 190 192 196 196 197 200 203 206 207 207
201 196 191 186 183 182 182 181 176 173 171 167 165 165 161 156 153 150 152 152 151 151 150 148 148 147 146 148 150 147 146 144 143 141 140 140 140 140 140 141 141 143 145 146 148 150 149 148 147 147 147 146 146 146 148 148 149 149 149 150 151 152 154 155 158 158 159 160 161 161 163 164 165 168 172 176 179 182 184 186 187 190 190 191 193 194 197 200 203 205 209 209
196 193 190 185 184 180 177 175 174 174 171 170 169 165 161 157 154 151 150 148 148 148 149 148 145 146 146 147 149 147 145 143 143 141 139 139 139 140 140 139 139 141 142 143 145 147 147 147 147 145 145 145 144 144 144 146 147 147 147 148 150 151 152 153 155 157 158 158 159 161 164 165 168 171 174 176 179 180 181 184 188 188 190 191 191 192 195 198 202 205 207 211
194 192 188 183 182 180 180 180 178 180 174 175 172 167 161 156 153 151 149 149 145 148 147 146 145 144 144 144 146 147 145 142 143 142 140 140 141 139 138 139 139 140 140 141 141 142 144 145 144 144 142 141 141 141 143 145 145 145 146 147 149 151 152 154 154 157 157 158 161 162 165 168 170 172 174 175 176 179 179 182 185 189 189 191 191 192 193 195 197 201 205 208
199 194 191 187 185 186 186 182 185 181 177 173 169 164 161 156 156 154 151 148 145 145 146 144 144 144 142 143 144 146 144 142 140 142 141 141 140 138 138 137 135 137 138 139 138 139 139 139 139 142 141 139 140 140 141 142 144 143 146 147 150 152 154 154 155 156 157 160 161 162 164 167 169 172 174 176 176 178 179 181 183 186 187 188 191 193 194 196 196 199 202 206
199 196 193 190 190 192 188 186 183 179 175 174 170 165 161 158 157 154 151 149 146 146 145 143 142 142 142 141 142 143 143 141 140 140 140 139 140 137 135 134 136 134 136 135 136 136 137 137 136 136 139 141 141 141 141 141 142 144 147 149 151 153 154 155 155 157 161 161 162 164 165 168 169 172 173 176 177 179 180 182 183 184 186 189 191 194 194 197 198 199 201 204
203 200 197 193 193 195 191 187 184 180 177 173 168 164 161 159 160 156 154 150 149 147 145 143 141 140 141 141 139 139 139 139 139 139 139 138 136 135 134 133 132 133 133 133 134 133 134 134 134 134 135 139 140 140 142 142 145 146 149 150 151 153 154 155 157 159 161 162 163 165 166 168 169 171 173 175 177 179 180 181 183 185 187 189 190 191 193 196 199 201 204 205
206 202 200 196 196 194 190 186 186 182 177 174 167 165 165 160 160 156 154 152 150 148 144 142 141 141 140 141 139 138 139 139 138 138 138 136 134 134 132 131 132 132 130 131 132 133 133 132 133 133 133 135 137 140 142 143 145 147 149 151 152 153 154 155 158 160 161 164 164 164 166 168 170 172 174 174 176 178 179 180 183 185 185 187 190 191 193 197 200 200 202 204
213 207 205 201 196 190 187 183 183 180 176 175 170 167 167 163 163 159 158 155 153 149 147 144 142 141 140 138 138 137 139 139 137 137 136 135 133 132 132 130 130 129 128 128 130 131 131 132 132 134 134 135 136 138 141 143 147 147 149 151 154 155 155 157 158 160 161 164 165 166 167 169 169 171 173 174 175 178 179 180 182 183 185 188 189 191 194 197 199 201 203 205
220 211 208 201 195 190 188 188 188 183 181 178 174 171 169 167 165 163 161 158 155 152 148 145 144 142 141 138 138 137 137 138 138 137 134 134 132 131 130 130 128 128 129 129 130 131 130 130 132 133 134 136 136 139 139 143 147 148 151 152 155 155 156 158 160 162 162 164 165 167 167 170 171 171 173 175 176 176 179 180 182 182 184 186 190 191 193 196 198 200 202 204
221 213 208 202 196 193 191 192 189 185 182 178 174 172 170 167 164 163 164 161 156 153 150 145 143 140 139 137 137 136 135 136 137 137 134 133 132 130 130 129 128 126 129 128 129 129 129 131 131 133 134 136 136 137 139 143 147 150 150 153 154 156 158 160 162 162 163 165 166 167 168 169 171 171 174 175 176 177 179 180 181 182 183 187 188 191 194 196 197 200 203 204
209 216 210 203 197 193 188 187 187 183 180 175 173 170 168 167 164 162 162 161 157 153 149 146 142 140 139 136 136 135 134 135 136 136 133 131 131 130 129 128 127 126 127 127 128 129 129 130 132 133 135 136 138 139 142 143 147 151 152 154 155 157 159 160 162 163 164 166 167 168 169 170 172 173 174 175 176 177 178 181 181 181 184 186 187 190 193 196 197 199 201 202
203 226 215 206 198 192 189 187 184 182 180 177 175 172 168 167 164 162 162 160 157 153 150 147 144 141 139 137 136 135 135 135 135 135 134 133 131 130 129 129 127 128 128 127 128 128 129 130 130 132 136 136 138 140 142 144 147 150 152 154 156 159 160 160 162 164 164 166 167 169 170 171 173 173 174 177 177 178 179 181 181 182 183 185 186 190 192 194 198 199 200 203
193 215 219 208 199 195 192 193 190 187 183 180 175 171 169 167 164 161 160 159 155 155 151 147 144 142 139 137 136 135 134 134 134 133 133 133 131 129 129 127 127 127 126 126 127 128 128 130 131 133 137 137 140 141 144 145 147 151 153 156 157 159 160 161 164 165 166 167 168 169 171 173 173 174 175 175 177 179 179 181 181 181 183 184 185 188 192 193 197 198 198 200
193 204 211 207 201 200 197 200 195 190 185 180 175 173 170 168 164 161 160 157 155 152 151 148 145 143 140 139 136 135 135 134 133 132 132 131 130 129 128 129 128 127 127 127 128 129 128 129 131 134 136 137 139 143 145 147 150 153 154 157 160 160 162 163 164 165 167 168 169 170 172 172 173 175 175 176 178 180 179 181 181 183 185 186 187 189 191 191 195 196 198 198
186 196 202 206 204 203 205 202 195 186 183 179 174 172 170 168 165 164 161 158 157 154 152 149 147 144 143 140 137 137 136 136 136 134 133 133 131 130 129 128 127 127 127 127 128 128 129 129 133 135 137 139 142 145 147 150 153 156 156 159 160 162 162 163 164 167 167 169 169 171 173 174 173 175 177 178 179 180 183 182 181 185 186 186 187 190 193 193 194 195 196 200
