inputs/cropped_bioclim_tortoise/wc2.1_2.5m_bio_13_band1.asc
ncols        480
nrows        504
xllcorner    -120.000000000000
yllcorner    24.000000000000
cellsize     0.041666666667
[rows 48 to 95 of 504, columns 96 to 191 of 480]
23 23 24 24 26 28 31 32 34 36 37 36 37 40 41 41 40 40 39 38 38 40 41 42 43 42 41 41 40 40 40 39 39 38 38 38 37 37 37 37 37 38 39 39 40 40 39 39 39 38 37 37 36 35 34 33 32 31 31 31 30 30 30 31 31 31 32 32 32 32 32 32 32 31 30 30 30 30 31 37 45 31 31 32 32 33 36 38 38 38 41 47 47 47 47 46
22 23 24 24 25 25 27 28 30 30 32 34 34 35 38 37 38 38 39 37 37 39 39 40 41 40 40 40 39 39 39 38 38 38 37 37 37 37 37 37 37 39 40 39 39 39 39 38 38 37 36 36 35 34 33 32 32 31 31 30 29 30 31 32 32 32 32 33 32 32 32 32 32 32 31 30 30 30 29 30 32 31 32 32 33 35 37 40 42 41 43 49 53 52 49 47
23 23 23 24 25 26 27 27 29 30 30 33 34 37 38 37 38 37 37 38 36 37 38 38 39 37 39 39 38 38 38 37 37 37 37 37 37 37 37 36 37 37 37 38 38 38 38 38 37 36 36 35 34 33 33 32 31 31 30 30 29 30 31 31 32 32 33 33 33 34 34 34 33 32 32 31 30 29 29 31 31 32 33 34 35 37 38 41 43 43 44 49 53 50 48 47
23 23 23 24 25 26 27 30 32 30 30 32 34 34 35 36 36 36 35 36 36 38 38 39 39 39 35 37 37 36 36 36 36 35 36 36 36 36 36 36 36 36 37 37 38 38 38 38 38 37 35 34 34 34 34 33 32 32 31 30 29 30 30 31 32 33 33 33 34 35 35 35 34 33 32 31 30 30 31 32 33 33 36 37 37 37 40 44 43 44 43 46 50 50 48 48
23 23 24 24 25 25 26 29 31 30 31 31 32 33 34 34 34 36 35 36 36 37 38 39 39 35 34 35 36 36 35 35 35 35 35 36 36 36 36 36 36 37 38 38 38 38 38 37 37 37 36 35 33 33 33 33 32 31 31 30 30 30 30 31 32 32 32 32 34 35 35 36 36 34 32 32 32 33 33 34 34 35 38 43 43 41 39 41 42 43 43 46 51 50 49 48
23 23 24 25 26 26 26 28 31 32 34 33 33 32 32 33 33 34 34 35 35 36 37 37 37 34 33 34 34 34 34 34 34 34 35 36 36 36 36 36 36 37 38 38 38 38 38 37 37 37 37 35 33 33 33 32 31 31 30 31 31 31 31 31 32 32 32 32 33 35 35 36 35 34 33 34 34 33 34 36 35 35 40 45 45 44 42 43 43 43 43 47 53 51 50 50
26 25 25 26 28 27 28 29 32 32 33 34 34 34 33 33 32 33 33 33 34 35 35 35 35 34 34 32 33 33 33 33 33 33 34 36 36 36 36 35 36 37 37 37 38 39 38 37 36 35 35 34 33 32 32 31 30 30 30 30 31 31 32 32 32 32 32 32 32 34 35 36 35 34 35 37 37 39 39 38 37 37 40 43 46 45 44 47 47 44 43 46 51 53 50 50
29 27 27 27 28 29 30 30 32 33 34 34 34 34 35 35 34 33 32 32 33 33 34 34 34 34 33 31 31 31 31 31 31 32 33 34 35 35 35 35 35 35 36 37 37 37 37 36 35 34 33 32 31 31 30 29 29 29 29 30 30 30 30 31 32 32 33 34 34 35 36 36 35 36 37 38 41 42 40 38 38 39 40 43 45 45 47 50 49 46 44 46 49 52 50 50
33 31 32 31 30 30 31 30 32 33 34 35 35 35 34 35 34 34 34 33 33 33 33 33 33 33 32 31 30 30 31 31 30 30 31 32 33 33 33 34 34 35 35 36 37 36 36 35 34 33 32 31 30 29 29 29 29 30 30 30 29 30 31 32 33 34 34 35 37 37 36 36 36 37 39 39 43 45 41 40 41 40 42 43 44 46 48 50 51 46 45 45 47 49 49 49
35 35 34 33 32 31 30 30 31 32 33 34 35 35 34 34 34 33 34 34 33 33 33 33 33 33 31 31 31 31 31 31 31 31 31 30 30 31 32 32 33 34 35 35 36 36 35 34 33 32 31 29 29 28 29 30 30 30 31 32 32 33 34 35 35 36 37 38 39 38 38 38 38 39 39 40 42 45 45 45 43 41 42 44 45 46 48 48 50 47 46 46 47 48 49 49
36 37 36 35 34 32 32 31 31 31 32 33 33 33 33 34 35 34 33 33 33 33 32 32 31 31 31 30 30 30 30 30 30 29 29 30 30 31 31 32 32 33 34 35 35 35 34 33 32 31 30 29 28 28 29 30 30 31 33 34 35 36 36 36 37 39 39 40 40 40 42 41 41 39 40 40 42 44 46 48 44 42 42 43 46 48 47 47 47 47 47 46 48 50 50 50
36 36 36 36 35 33 33 32 31 31 32 33 33 33 33 34 34 34 34 33 32 32 32 32 31 30 30 30 30 30 29 30 30 30 30 30 30 30 30 31 31 32 33 33 33 33 32 31 31 31 31 30 30 30 30 31 32 32 34 36 38 38 40 40 40 41 42 42 42 43 45 45 44 41 41 42 42 44 47 48 45 43 43 44 48 47 47 46 47 47 48 47 47 50 51 51
37 36 36 36 35 34 33 34 33 31 32 34 33 33 33 33 34 34 34 33 32 32 31 31 30 29 29 29 29 29 30 30 31 31 31 31 32 31 31 31 32 32 33 32 31 31 31 32 33 33 33 32 32 31 32 33 34 37 41 39 42 41 42 43 43 43 44 44 43 45 45 46 45 44 42 43 43 44 48 49 50 44 44 45 47 46 48 48 48 48 48 48 48 50 52 52
38 37 36 35 35 35 33 33 32 31 33 34 35 34 33 32 33 33 34 33 32 31 31 30 30 29 30 30 30 30 31 32 33 33 32 32 33 33 32 32 32 33 33 32 32 32 32 33 33 34 34 33 34 34 34 35 38 41 41 42 44 43 44 45 45 45 45 45 45 46 47 46 47 45 43 43 43 45 49 49 49 45 45 45 47 46 47 49 50 49 49 49 49 50 51 52
41 38 36 36 35 34 33 34 33 32 33 34 35 34 34 32 32 32 33 32 32 31 30 30 31 32 32 31 31 32 32 33 33 33 33 33 33 33 34 34 35 35 35 34 35 35 35 35 35 35 35 35 35 35 37 41 43 43 43 44 44 45 46 47 47 47 46 46 45 46 46 47 46 46 45 43 44 46 48 47 47 45 44 46 46 47 47 49 51 51 49 48 48 50 51 52
41 37 36 36 36 34 34 33 31 32 33 33 34 34 34 32 32 32 32 32 33 32 32 32 32 33 34 33 33 33 33 33 34 34 34 35 35 35 36 38 37 38 38 38 41 39 36 36 37 37 37 37 37 38 42 46 47 47 45 45 44 44 47 49 49 48 49 47 46 46 46 46 46 46 46 44 45 47 47 46 45 45 46 47 46 47 48 50 51 50 50 50 50 51 52 52
41 38 36 35 35 34 34 31 30 32 33 33 33 33 33 33 32 32 32 33 33 33 33 33 34 34 34 35 34 35 35 35 35 35 36 36 38 39 39 40 39 39 40 43 43 42 39 37 38 39 38 39 39 41 45 49 52 51 48 45 44 45 49 51 52 51 48 48 47 47 46 46 47 46 46 45 45 45 46 46 46 45 46 47 47 47 48 50 52 50 50 50 51 52 53 53
40 39 36 35 35 34 34 32 33 32 33 33 33 33 33 34 33 33 34 34 34 34 34 35 35 36 36 36 36 36 35 35 35 36 36 37 39 42 42 43 44 42 43 45 45 44 41 40 39 41 40 41 42 43 46 47 46 46 46 45 46 48 50 51 51 49 48 47 46 46 45 46 46 46 46 46 46 45 45 45 44 45 47 48 48 48 48 48 50 50 50 51 52 53 54 54
40 40 38 36 35 33 34 33 34 34 33 32 33 33 33 34 34 34 34 35 36 36 36 36 36 37 37 37 36 36 36 36 37 36 37 38 39 42 43 44 46 45 44 47 47 45 43 42 40 41 42 42 43 44 47 49 47 45 45 45 45 45 47 50 50 49 47 45 46 45 45 46 46 46 46 46 46 44 44 44 43 45 47 48 49 48 48 49 49 50 50 51 52 52 54 53
40 40 40 38 36 34 34 32 34 34 34 34 34 34 35 35 35 35 35 36 37 37 37 37 37 38 37 37 38 37 37 38 38 38 39 39 40 42 43 44 46 47 46 48 46 45 43 42 41 40 40 41 42 45 49 53 52 46 45 46 46 45 46 49 49 48 46 45 47 47 46 46 45 45 45 45 44 43 44 44 45 45 46 47 48 48 48 49 49 49 50 51 52 53 53 54
41 40 40 38 36 34 34 33 35 35 35 35 35 36 35 35 35 35 35 36 37 37 38 39 39 40 41 42 41 37 36 37 39 41 41 40 40 41 42 44 46 47 48 47 44 41 40 41 41 41 41 44 44 45 50 47 45 45 44 45 44 45 46 48 49 47 46 46 49 50 47 46 46 45 44 44 44 44 44 44 45 45 46 46 47 48 48 49 49 49 50 51 51 53 52 54
43 41 40 37 37 36 36 34 36 37 36 36 36 36 36 36 36 37 37 36 38 39 40 40 41 43 45 45 42 37 37 38 40 42 41 40 40 41 41 42 44 45 47 47 44 42 41 41 41 40 42 45 46 43 46 44 44 44 43 43 44 44 46 48 47 46 46 45 48 50 48 45 44 44 43 43 44 44 43 42 43 44 47 45 46 47 48 49 49 49 50 50 51 53 53 54
46 44 41 38 36 37 37 37 36 37 37 37 38 37 37 37 37 38 38 39 39 40 42 43 44 46 46 44 39 37 37 38 40 41 40 39 39 40 40 42 45 45 46 45 44 41 40 40 40 40 42 46 45 43 43 44 44 44 44 43 43 43 44 44 45 45 44 44 46 46 45 44 43 43 43 42 43 44 44 44 44 47 47 45 46 48 50 50 50 50 51 51 51 52 54 55
48 45 45 42 39 39 37 37 36 38 38 38 39 38 38 38 38 39 39 40 41 43 45 46 46 46 44 43 39 38 38 38 39 40 40 39 39 39 40 42 45 44 44 43 41 39 38 39 40 40 41 45 43 41 42 43 42 42 42 42 43 43 43 43 43 43 43 43 43 43 43 43 43 42 42 42 42 43 43 44 44 46 46 46 46 47 48 50 51 51 51 51 52 53 53 54
50 44 43 46 45 42 39 38 37 39 41 40 40 40 40 40 41 41 41 42 44 46 49 45 44 43 42 42 40 40 39 40 39 39 40 40 41 41 41 42 44 42 40 40 39 38 38 39 38 40 42 45 43 40 42 43 41 41 42 43 46 45 44 45 44 44 43 43 43 43 43 42 43 43 42 42 42 42 42 43 43 45 45 45 46 47 49 50 50 50 50 51 51 53 53 54
47 46 44 48 49 42 40 36 39 43 45 45 43 43 44 44 44 45 45 44 45 48 48 43 41 40 41 41 41 40 40 40 39 39 40 41 43 42 41 40 42 41 39 38 37 37 37 37 39 41 44 46 46 41 40 41 40 41 43 45 47 50 52 50 48 47 45 43 42 42 42 42 43 43 42 41 41 41 41 42 43 44 45 45 45 46 48 50 51 51 50 51 52 53 54 56
45 46 48 49 48 43 41 38 38 42 46 50 48 45 47 50 46 52 52 48 47 47 45 41 40 40 41 41 41 41 40 39 39 39 40 43 45 46 42 40 39 39 38 37 37 36 36 37 39 41 43 44 43 42 40 44 45 45 46 48 51 52 52 52 50 47 44 42 42 41 41 41 41 40 40 40 40 41 41 43 43 43 44 45 45 46 48 49 51 51 50 50 53 54 55 56
40 41 42 49 51 42 39 40 40 39 41 45 52 47 62 57 46 53 57 49 44 43 40 40 40 41 41 41 41 40 40 40 40 40 40 42 45 45 41 39 37 37 36 36 35 35 36 38 39 38 40 41 40 42 41 42 43 43 44 44 43 43 43 42 42 42 41 41 41 40 40 40 40 40 40 40 40 41 41 43 42 42 43 45 44 44 47 49 50 51 52 52 53 54 54 55
40 39 40 42 45 43 43 44 46 42 43 55 56 51 58 61 52 58 56 44 40 39 39 39 39 41 42 43 41 41 40 41 42 41 40 41 43 41 39 38 37 37 37 36 36 36 38 42 41 39 37 38 38 44 43 43 41 39 39 38 38 39 39 39 39 39 39 39 39 40 39 39 39 39 39 39 40 40 40 41 41 42 44 45 44 44 46 48 49 51 52 52 52 53 54 55
40 40 41 43 44 43 44 45 49 47 43 58 50 58 59 63 60 53 46 40 38 38 38 39 39 40 41 43 41 40 40 41 42 40 40 41 41 39 38 37 38 37 37 37 37 38 39 40 39 37 36 35 37 41 44 42 39 38 37 37 37 37 37 37 38 38 38 38 39 39 38 38 38 38 39 39 40 40 40 40 41 41 44 45 44 44 46 48 49 50 52 52 52 52 53 55
40 39 41 44 42 42 43 43 46 42 41 44 45 51 50 54 55 47 41 38 37 38 38 39 41 40 40 40 40 40 40 41 42 40 39 40 39 38 37 37 38 38 38 38 38 39 39 36 35 35 34 34 36 41 45 39 36 36 36 36 36 36 36 37 37 38 37 37 38 38 38 37 37 37 38 38 39 39 39 39 40 41 45 45 43 43 45 48 49 49 51 51 52 53 51 54
46 47 47 42 40 40 40 41 46 43 41 40 44 46 45 52 50 43 38 37 37 36 37 39 42 40 39 39 39 41 42 42 41 40 39 38 37 36 37 38 38 38 37 37 38 40 39 35 33 33 33 34 37 42 44 36 35 35 35 35 35 36 36 36 36 37 37 37 37 37 37 36 37 37 37 38 38 38 38 39 40 43 44 43 43 42 46 48 49 48 50 50 52 53 52 52
52 49 47 42 40 41 42 42 45 43 40 39 41 43 43 47 41 39 38 38 37 37 38 40 40 40 39 38 38 39 39 40 42 41 38 37 36 35 36 38 39 39 36 35 35 37 37 35 33 32 32 33 35 39 37 35 34 35 34 34 35 35 35 36 35 36 36 36 36 36 36 37 37 37 37 37 38 39 38 39 40 43 43 43 42 43 45 48 48 48 50 51 51 53 55 50
52 47 43 40 40 41 45 45 44 44 40 39 40 41 41 40 38 37 37 39 40 40 41 40 39 38 38 38 37 38 39 40 42 39 37 37 35 34 35 35 37 39 37 34 34 36 36 35 33 32 32 32 34 37 37 34 33 33 33 34 34 34 35 35 35 35 36 36 36 36 36 36 37 37 37 36 37 38 38 39 40 42 42 44 42 43 44 46 46 47 50 51 52 53 56 53
53 53 42 40 39 40 43 42 41 42 41 39 39 40 41 40 37 36 36 36 40 44 47 44 39 38 37 37 37 37 38 39 40 37 36 35 34 34 34 33 34 36 35 34 33 35 36 35 33 31 31 31 33 36 35 33 32 32 32 33 34 34 34 34 33 34 35 35 36 35 35 36 37 37 36 36 37 37 37 38 40 41 44 44 42 43 44 45 46 47 50 51 52 54 56 57
65 55 42 41 40 43 42 40 42 44 41 40 39 39 41 43 38 36 36 36 39 44 47 45 40 37 37 37 36 37 37 39 37 35 35 34 34 35 34 32 32 32 32 32 33 35 35 33 31 30 30 31 33 35 34 33 32 31 31 32 32 32 32 32 33 34 35 35 36 35 35 36 37 36 36 36 37 38 37 38 39 41 44 46 44 44 45 46 47 48 50 52 53 55 56 58
57 46 41 40 40 41 42 40 39 41 41 40 40 39 41 43 38 36 36 36 37 42 46 46 43 38 36 36 36 36 37 37 35 34 34 34 36 37 34 32 31 31 31 31 33 33 33 31 30 29 29 29 30 30 32 33 30 30 30 31 31 31 32 32 32 33 35 37 38 36 34 35 36 35 36 36 36 37 38 39 39 41 43 44 45 44 45 46 47 49 50 51 52 55 56 58
53 44 40 39 39 41 44 41 39 39 40 40 42 43 40 40 38 37 36 36 37 38 41 45 45 38 36 36 36 35 35 35 34 33 33 34 36 35 33 32 33 34 32 29 30 30 31 30 28 28 28 28 28 28 28 28 28 29 29 30 30 30 31 31 31 32 34 37 36 36 34 34 36 36 36 36 36 36 37 39 40 41 42 43 46 45 45 46 48 49 51 52 53 54 57 56
48 46 39 39 39 40 43 42 40 39 39 40 44 47 42 39 39 37 36 37 37 38 38 39 40 38 36 36 36 34 34 34 33 33 33 33 33 33 33 34 35 36 33 29 29 28 28 28 28 27 27 27 27 27 28 28 29 29 29 29 29 30 30 30 31 32 34 35 35 34 33 34 35 35 35 35 36 36 37 38 39 41 42 45 47 47 47 48 49 50 51 52 53 55 57 57
50 47 39 39 38 38 41 41 39 38 38 41 43 44 42 40 40 38 37 37 37 37 38 37 41 40 37 36 35 34 34 34 34 32 32 32 33 33 33 35 37 33 30 28 28 27 27 27 27 27 27 27 27 27 27 27 28 28 27 27 28 29 29 30 30 31 32 33 33 33 33 33 35 36 35 35 36 37 37 38 39 41 42 44 46 47 47 49 50 50 51 53 55 57 59 61
48 44 38 38 38 39 39 39 38 38 39 40 41 42 42 41 40 39 38 39 38 36 36 38 42 39 36 36 35 36 36 35 33 32 32 32 33 34 35 37 34 30 28 27 27 27 27 29 28 26 26 26 26 26 26 27 27 27 27 27 27 28 29 30 30 30 30 31 32 32 32 33 34 35 35 35 36 37 37 38 39 41 42 43 46 49 49 49 50 50 52 54 57 59 60 63
43 40 38 38 38 38 39 39 40 40 40 39 40 41 42 41 39 38 38 38 38 36 36 36 36 37 35 34 34 36 39 35 33 32 32 32 32 34 36 36 32 29 27 26 26 26 28 34 29 26 26 26 26 26 25 26 26 26 26 27 27 27 28 29 29 29 29 30 31 31 32 32 33 33 35 35 36 37 37 38 39 41 42 43 45 49 48 48 49 50 52 55 57 59 60 63
40 37 37 37 38 38 40 42 43 42 41 39 40 40 41 40 39 39 38 38 37 36 36 35 35 37 36 34 35 36 37 34 33 33 32 32 33 34 37 38 32 28 26 26 27 27 29 35 29 26 25 25 25 25 25 25 26 26 26 26 27 27 28 30 29 29 30 31 31 31 32 32 33 34 34 35 36 36 37 38 39 41 42 43 45 47 47 48 50 52 52 55 56 58 60 64
39 37 37 39 38 38 41 44 45 44 42 40 39 40 40 39 39 39 39 38 37 36 35 34 35 36 33 34 37 34 33 33 34 34 34 33 32 34 35 36 32 28 27 26 26 27 30 35 29 26 25 25 24 25 25 25 26 26 26 26 28 27 29 30 29 29 29 30 30 31 31 32 33 34 35 36 36 37 38 38 39 41 42 43 44 46 47 48 50 51 52 54 56 58 60 63
46 40 38 38 38 40 43 44 45 43 41 39 40 42 41 40 40 40 39 38 38 36 34 34 33 33 32 33 36 34 32 33 36 37 38 35 33 32 32 31 30 30 28 27 26 27 29 35 26 24 24 24 24 24 24 24 25 25 25 26 27 27 29 28 28 28 28 29 29 30 31 32 33 34 36 36 36 37 38 38 39 40 42 43 45 46 47 49 50 51 52 54 56 58 60 61
47 41 38 38 39 42 47 44 42 41 40 39 42 43 41 40 41 41 40 39 38 36 35 34 32 32 33 34 34 33 32 33 34 36 37 34 32 32 31 31 33 36 30 27 25 26 29 32 24 23 23 23 24 25 24 25 25 25 25 26 27 26 28 27 29 29 28 28 29 30 31 32 32 34 36 36 36 37 38 39 39 40 42 43 44 46 47 49 49 51 52 54 55 57 59 61
40 38 37 39 41 44 45 42 40 38 39 39 43 42 40 40 41 42 41 40 41 44 38 37 33 34 37 40 37 32 32 32 33 38 36 33 31 31 31 33 35 36 29 26 26 31 39 30 24 22 22 23 23 24 24 25 24 24 25 26 26 26 27 27 28 28 27 28 29 30 31 32 33 34 36 36 36 37 38 39 40 41 42 43 44 45 47 48 49 50 52 53 54 55 57 58
38 37 39 39 42 44 45 40 38 37 38 39 41 40 39 40 41 41 40 40 46 58 43 37 34 34 36 41 39 33 31 31 32 39 39 32 31 30 31 34 35 30 27 25 26 37 41 28 23 22 22 23 23 23 24 24 24 27 25 30 25 25 25 26 26 27 27 28 29 30 31 33 33 34 35 35 36 36 38 38 39 41 42 43 44 45 46 48 49 50 52 52 53 54 55 56
