inputs/cropped_bioclim_tortoise/wc2.1_2.5m_bio_19_band1.asc
ncols        480
nrows        504
xllcorner    -120.000000000000
yllcorner    24.000000000000
cellsize     0.041666666667
[rows 45 to 89 of 504, columns 0 to 95 of 480]
56 65 73 73 71 67 64 67 73 73 75 73 71 71 74 74 75 74 76 78 79 69 67 70 73 69 66 65 66 69 68 69 72 69 73 89 93 84 84 95 95 93 93 90 76 72 74 72 75 77 77 72 72 70 61 66 74 77 83 88 88 90 91 92 93 96 98 104 102 105 108 115 115 123 138 159 150 135 152 134 118 87 73 68 66 60 57 52 49 50 54 60 64 66 69 71
55 61 72 72 67 63 61 70 75 74 75 70 69 74 74 74 75 75 76 76 79 78 72 71 74 74 68 64 64 64 68 73 75 70 73 78 90 97 91 90 87 83 75 72 74 75 73 73 75 75 78 72 69 64 62 60 69 73 82 85 87 90 90 90 91 97 103 103 103 105 105 115 129 120 135 152 160 155 152 123 99 84 75 73 67 60 55 52 49 49 49 52 57 60 63 65
53 70 75 72 68 62 60 73 77 76 73 67 73 76 76 75 75 75 75 76 76 75 75 73 78 81 73 64 64 64 64 64 69 75 77 86 93 103 99 91 89 76 70 67 71 72 75 73 72 70 69 67 64 61 58 60 66 72 77 80 85 90 90 89 89 95 102 103 98 97 102 111 127 124 129 134 144 157 158 147 122 112 88 75 67 59 53 51 49 49 49 47 47 49 54 59
70 81 75 70 67 63 64 80 78 73 69 73 76 73 75 75 72 72 72 74 74 75 75 73 74 78 74 61 65 65 66 68 71 78 85 90 94 97 102 99 79 69 70 82 85 78 75 73 70 69 67 64 64 61 59 63 66 69 77 80 84 87 87 86 88 92 92 92 94 94 97 102 109 117 121 124 139 162 168 167 164 125 95 78 73 67 59 52 52 51 52 50 48 47 48 52
82 99 76 69 69 66 70 77 77 68 68 73 73 73 74 72 72 71 72 71 70 70 72 75 75 78 70 60 62 68 72 77 75 75 85 97 103 107 110 83 67 67 67 94 97 88 79 73 70 67 67 64 64 61 60 60 66 66 65 68 76 80 83 85 86 87 89 94 97 94 95 97 108 117 118 114 130 138 149 148 161 140 116 95 78 72 65 57 60 58 55 53 51 48 47 49
71 80 74 71 69 73 73 73 70 68 64 66 71 73 71 70 67 68 71 71 70 67 67 73 77 76 63 60 64 70 79 89 87 85 87 97 106 108 86 63 67 69 71 84 92 89 81 72 67 64 66 64 63 60 56 58 60 60 62 65 68 74 79 85 88 89 87 91 99 101 97 94 101 109 105 106 114 121 129 132 132 133 131 116 89 75 72 70 68 63 60 58 54 49 49 51
76 76 73 72 74 76 71 68 64 61 61 60 68 69 67 64 63 66 66 66 67 67 67 68 73 71 57 58 65 74 83 93 102 95 95 106 113 105 63 63 67 67 81 92 92 89 82 72 67 63 61 61 61 60 54 52 52 59 65 65 70 81 87 86 86 89 94 98 103 112 106 98 106 103 103 105 108 112 115 120 114 115 119 134 119 91 101 89 81 72 65 62 57 54 54 54
76 73 71 71 72 71 70 61 57 57 57 58 64 65 64 63 63 62 62 63 62 62 65 68 67 67 61 60 67 77 89 99 110 107 107 114 114 68 64 60 62 74 89 92 92 90 85 75 75 67 61 59 59 59 55 56 53 56 64 68 68 75 82 90 88 92 94 98 102 113 113 103 118 118 112 113 111 114 115 108 108 114 114 111 107 103 122 105 97 83 69 63 60 57 57 54
79 70 67 65 63 65 64 58 57 57 57 61 64 64 63 61 60 61 61 62 62 61 62 63 61 68 74 64 71 86 96 108 120 133 129 128 79 62 64 59 63 66 68 69 69 74 74 68 68 65 61 58 58 56 55 58 58 60 62 65 70 77 81 84 84 87 91 94 97 103 106 108 125 136 136 121 124 126 126 114 113 116 123 122 118 130 126 125 108 89 80 69 65 63 60 54
78 67 63 62 61 61 60 57 56 56 57 63 62 62 62 60 59 59 59 59 59 58 58 60 62 69 75 71 68 85 103 116 129 146 146 109 63 62 70 69 56 66 67 66 62 60 58 62 63 63 58 57 56 56 56 57 58 59 62 67 73 80 80 78 84 90 89 89 92 94 97 104 125 141 148 132 136 136 136 126 120 127 123 125 124 133 141 131 114 109 102 99 88 73 70 62
68 65 63 62 61 59 59 56 56 68 70 62 62 61 60 60 59 59 57 57 58 58 58 58 65 72 75 75 71 73 96 113 126 151 162 87 60 58 63 66 59 68 68 64 63 60 57 57 57 57 56 56 56 56 57 57 59 60 63 67 71 79 80 83 84 82 89 88 89 94 95 100 112 120 128 131 139 137 137 131 123 130 123 123 131 131 130 132 128 125 127 117 98 93 80 76
71 68 67 63 60 59 59 58 63 82 67 64 62 62 62 62 60 60 58 57 57 57 57 57 63 73 75 74 72 70 74 90 124 153 154 80 57 54 55 60 70 69 63 60 58 59 59 57 56 56 56 56 56 56 57 58 60 63 65 65 68 74 82 93 90 85 82 87 91 93 95 97 100 105 114 119 128 131 130 120 120 123 120 123 130 130 127 125 125 125 119 110 105 100 88 85
77 73 73 65 62 60 59 63 77 70 65 64 64 62 63 62 61 59 56 56 56 56 56 56 56 70 73 75 75 78 78 88 106 132 109 62 54 54 55 62 68 63 59 57 55 57 57 58 57 56 56 57 58 61 60 59 63 68 69 68 72 76 82 87 90 86 83 85 90 91 90 94 98 101 106 111 115 118 115 107 107 112 118 119 123 125 126 125 124 122 116 117 116 106 96 88
91 79 69 65 63 62 77 79 71 69 66 64 63 62 62 59 56 56 56 56 55 55 56 56 56 65 77 78 81 84 88 94 102 93 79 54 52 53 54 60 62 59 57 55 55 55 57 57 57 57 57 59 64 65 65 60 60 63 69 72 76 78 81 85 87 89 87 83 84 85 88 90 95 103 107 107 110 110 107 107 110 112 112 115 116 118 120 119 119 121 118 117 114 106 99 92
96 85 71 67 65 94 124 89 78 75 68 66 64 63 60 58 56 56 56 56 55 55 55 56 56 59 76 85 85 88 99 112 94 60 63 52 53 53 54 62 61 56 55 55 55 55 59 58 57 57 57 60 65 76 75 64 61 65 71 78 80 82 85 87 88 88 87 81 80 87 88 97 98 111 111 109 110 107 107 104 101 104 109 114 116 116 117 116 117 121 116 114 115 108 105 99
90 80 72 68 67 107 125 105 94 81 71 67 63 62 60 59 59 58 57 57 57 55 53 54 55 56 56 76 86 95 103 113 67 54 54 52 53 53 56 56 55 54 54 55 55 56 59 59 57 57 59 66 67 73 74 64 64 71 81 84 85 85 86 88 87 85 81 87 86 86 89 99 107 114 119 116 104 99 100 97 99 101 109 112 116 119 114 113 113 112 113 114 115 115 112 109
90 83 73 70 78 128 113 110 90 79 74 70 64 63 63 65 64 63 59 59 59 59 57 53 54 55 56 63 70 72 86 76 60 52 53 52 52 53 57 55 54 54 54 56 56 57 62 64 60 64 64 65 69 70 74 66 75 80 83 86 86 85 85 85 85 86 79 82 87 89 90 96 102 112 126 128 118 111 99 93 93 98 102 105 110 112 112 111 109 111 111 115 115 115 115 112
96 90 75 73 105 134 93 88 84 80 75 73 64 66 70 89 86 68 64 63 62 60 59 53 53 53 55 63 65 63 71 73 57 52 52 52 56 61 60 57 55 56 56 57 59 61 62 67 69 75 75 68 70 73 76 76 82 85 86 88 89 86 85 86 88 90 85 88 88 88 91 99 104 110 114 112 114 109 96 87 89 96 98 98 101 104 106 106 109 109 108 112 115 115 116 115
101 97 81 77 85 98 91 86 85 83 78 73 66 70 70 83 93 81 66 62 62 59 59 58 53 53 56 66 65 69 81 69 54 52 52 55 61 65 63 59 57 57 57 60 64 73 76 77 77 76 93 78 75 73 82 89 86 87 87 90 90 89 88 88 88 89 88 91 92 91 88 96 102 102 93 91 99 98 90 85 86 90 99 99 100 100 103 105 108 107 107 106 112 113 115 115
109 110 97 78 75 83 92 89 86 83 80 73 69 74 73 83 84 73 66 63 64 59 59 56 54 53 68 81 73 73 69 61 54 53 54 57 59 68 68 63 65 59 61 64 70 83 94 97 82 80 91 96 81 76 85 96 103 93 90 93 93 91 89 88 87 89 90 91 91 92 93 91 91 93 93 85 90 96 97 86 88 90 97 97 96 98 100 104 107 104 102 101 103 105 107 110
114 120 112 80 76 79 87 94 87 85 82 73 69 69 69 79 71 69 64 62 61 61 59 58 56 56 72 76 75 72 62 57 54 54 55 57 58 64 74 66 65 61 68 69 78 91 105 110 80 73 75 88 83 76 82 96 106 96 95 94 94 93 92 92 89 91 92 92 92 92 95 95 96 91 82 82 89 91 94 85 85 90 92 90 92 96 99 103 104 102 99 98 98 102 104 107
115 122 110 81 80 82 86 95 92 87 79 72 69 69 72 82 76 69 66 62 62 62 63 62 59 65 66 67 66 76 62 59 55 54 57 60 61 64 68 65 64 65 68 71 77 91 102 111 84 75 72 72 73 73 80 95 106 100 97 98 100 99 98 98 95 93 94 95 95 95 95 95 95 94 82 90 92 90 89 89 83 85 87 87 91 94 99 102 102 98 96 95 95 98 104 107
112 115 93 83 84 86 86 96 96 90 82 72 69 69 73 76 77 71 69 65 63 65 66 62 68 64 63 62 60 78 75 68 59 56 56 58 64 67 67 70 73 78 77 80 88 99 106 117 103 96 77 71 70 71 84 98 100 105 103 101 105 106 103 102 101 97 97 97 97 97 97 92 92 89 81 86 91 91 90 87 83 86 91 90 91 94 96 99 102 99 95 94 94 96 105 109
120 107 89 86 82 83 96 99 96 90 82 72 72 75 78 79 76 77 79 77 70 69 65 76 79 68 63 60 59 73 97 74 71 58 56 58 60 67 76 86 88 105 91 91 95 103 112 120 118 123 93 74 69 69 79 96 93 110 107 106 107 111 108 103 100 101 101 99 98 99 96 93 92 93 86 86 88 89 91 91 91 91 93 93 91 88 91 97 99 96 96 93 92 99 110 112
120 96 91 90 86 83 94 96 96 89 80 73 72 83 83 78 77 79 80 86 91 74 67 75 78 76 63 58 59 66 98 100 112 67 59 59 63 72 88 98 98 118 108 99 101 100 105 109 115 121 98 75 70 70 75 82 86 110 113 110 107 109 106 103 103 102 100 98 97 96 93 92 91 91 88 93 88 86 90 89 88 91 91 91 87 88 91 96 100 94 96 91 91 103 116 118
112 106 100 95 87 86 107 106 95 88 80 75 80 90 87 81 77 79 80 79 79 78 85 77 60 58 55 60 60 62 84 95 87 62 59 61 63 72 86 98 109 123 122 103 96 88 85 85 88 91 100 86 70 69 73 76 82 98 111 112 108 107 105 105 105 102 100 98 96 94 93 91 89 86 88 92 88 83 88 87 83 84 86 85 85 85 91 98 101 94 91 91 91 107 118 121
116 110 113 105 89 89 117 106 96 91 81 76 86 90 86 83 80 80 75 72 69 70 78 72 61 58 54 58 56 60 77 78 77 60 61 62 69 77 81 87 112 127 132 100 88 82 80 81 86 81 83 83 73 70 72 75 78 86 102 102 106 110 107 110 107 105 102 97 98 95 93 91 88 86 92 92 89 88 85 88 85 83 85 87 88 88 93 97 100 95 91 90 91 104 125 130
117 113 116 119 97 92 111 105 95 96 83 78 89 95 92 90 87 83 77 71 70 75 70 67 64 56 57 54 56 60 71 71 62 62 63 67 76 97 89 97 95 109 125 101 88 85 84 87 90 89 81 79 73 71 71 73 75 82 89 93 99 100 106 111 109 106 102 97 95 93 90 89 87 87 95 92 89 88 88 84 81 87 88 88 89 91 92 97 100 95 90 90 91 97 122 131
120 119 117 129 107 98 106 103 100 95 86 81 89 88 90 95 93 82 72 67 74 78 77 67 60 53 53 55 56 59 64 62 65 63 68 69 77 98 93 91 83 86 88 94 91 92 96 93 90 86 81 79 74 73 72 72 77 85 92 96 111 104 98 104 107 105 102 101 97 95 93 89 87 87 89 94 93 89 88 84 80 82 87 88 89 89 91 92 97 92 89 90 89 92 106 114
122 121 120 128 112 109 109 100 107 97 91 88 89 89 99 99 94 80 73 73 70 64 64 60 54 53 53 54 56 58 59 64 65 66 70 75 91 108 112 86 75 72 75 91 98 98 98 96 87 83 85 85 83 72 72 74 79 94 107 107 114 117 111 109 117 109 103 102 99 97 94 90 89 89 87 87 90 89 89 87 84 81 85 86 85 86 92 92 92 90 89 92 95 101 101 106
124 126 126 121 111 112 112 97 111 105 97 91 86 92 107 107 94 85 81 80 77 72 60 52 60 70 63 55 56 58 60 70 70 69 69 75 91 103 107 98 78 72 72 83 94 103 103 106 90 86 89 91 89 72 72 75 82 97 109 120 127 121 119 115 131 115 106 102 99 97 94 91 89 89 89 87 85 86 86 86 84 82 84 86 86 86 86 92 89 88 92 98 106 114 109 108
125 129 130 121 111 110 106 98 113 108 98 90 87 87 89 93 89 87 85 80 77 66 59 57 60 78 76 58 58 59 62 80 101 83 69 71 80 98 97 98 80 74 72 75 102 109 107 100 90 85 86 82 79 72 73 77 85 102 122 127 122 119 112 109 125 116 106 103 102 97 94 91 89 88 87 87 86 86 86 86 84 84 82 81 83 84 81 84 89 89 89 95 109 127 123 116
130 127 126 114 108 107 102 106 113 105 97 95 90 92 91 89 93 89 86 89 76 68 78 66 67 79 62 58 61 62 64 84 88 78 69 69 73 84 89 92 83 74 74 72 85 107 99 96 86 84 81 72 70 73 76 80 90 99 120 122 116 111 108 104 113 113 106 102 99 97 94 93 90 88 86 86 86 89 89 86 84 84 82 80 81 80 78 83 89 84 87 94 111 133 127 113
130 129 124 112 108 106 109 116 108 100 96 97 91 94 90 90 94 96 91 80 75 83 86 80 86 69 58 60 67 72 79 102 107 85 69 69 71 78 86 89 86 77 74 72 75 94 91 83 78 78 72 70 71 73 80 87 98 113 129 117 107 111 116 109 107 107 104 101 99 97 96 93 91 88 87 87 88 86 87 88 86 83 82 83 83 83 78 81 81 84 88 94 112 129 137 117
129 132 124 112 109 112 117 111 101 96 96 102 97 91 87 90 87 89 91 89 91 89 86 79 83 62 61 65 82 99 124 122 88 75 69 69 71 76 82 83 86 79 73 72 73 81 84 81 77 72 70 69 72 76 87 101 117 137 137 123 108 107 114 111 109 104 99 99 101 99 96 92 91 89 86 86 86 86 86 85 83 83 80 80 83 83 81 83 83 84 88 100 142 125 117 111
126 132 129 113 109 108 110 105 98 95 96 99 96 91 94 103 95 89 88 84 86 85 96 89 77 69 64 69 94 113 136 100 87 75 69 69 69 72 74 78 82 78 72 72 71 76 92 96 75 70 69 69 72 78 94 105 115 129 122 125 121 119 103 97 101 101 100 98 98 96 94 91 91 88 86 85 86 85 85 83 83 81 83 83 83 83 83 81 83 83 86 104 107 100 103 112
124 128 126 114 109 106 105 103 98 97 96 97 100 98 87 98 98 93 93 85 80 86 92 85 82 85 74 71 82 106 92 81 94 76 69 68 68 70 70 74 81 79 74 73 71 71 85 90 74 70 69 70 71 79 101 117 130 108 99 100 114 114 101 93 96 100 98 94 93 93 91 91 88 88 84 85 85 85 84 83 83 83 84 85 84 84 80 81 82 84 90 115 97 96 109 119
119 138 134 116 109 106 105 104 106 103 99 100 104 98 88 85 87 87 95 92 85 81 82 85 96 102 83 75 78 87 74 75 89 85 71 69 69 68 69 70 79 77 71 69 69 70 82 85 75 69 69 69 71 78 104 130 120 100 93 90 93 102 93 91 97 107 100 95 94 91 88 87 84 83 85 85 85 85 84 83 82 84 83 87 85 85 80 87 87 87 87 94 92 97 114 124
114 138 137 116 109 107 104 103 114 116 109 102 96 89 86 81 83 87 90 92 89 88 81 92 107 111 87 79 71 70 70 74 84 77 67 67 68 72 69 69 74 72 69 69 69 70 82 80 71 69 69 69 70 75 94 119 126 96 88 88 85 88 93 94 98 99 94 89 84 84 86 81 84 82 85 86 85 84 84 84 83 83 84 87 87 88 84 98 99 95 91 100 100 104 110 135
111 128 132 117 109 106 103 101 112 111 105 99 91 86 83 83 83 92 87 87 81 75 79 108 134 123 93 72 68 66 68 69 73 70 67 67 71 80 71 68 68 68 69 69 69 68 74 71 69 69 69 68 70 80 106 133 118 95 86 83 82 84 87 93 94 90 85 83 77 80 85 77 84 88 85 87 87 85 85 87 87 84 87 90 93 101 89 88 88 88 87 95 91 94 112 151
110 129 119 113 114 110 104 103 107 109 97 95 91 88 85 86 87 92 84 79 72 72 78 98 110 91 81 67 66 66 67 67 67 67 67 67 71 83 73 70 70 68 68 68 68 67 70 68 68 68 67 68 72 86 123 130 100 88 83 79 78 82 80 82 82 80 79 79 75 76 80 91 91 85 84 88 89 87 85 89 89 89 98 111 104 110 93 104 102 95 91 85 84 87 102 122
110 127 117 112 112 113 109 103 101 109 100 96 94 87 86 93 95 89 74 69 69 79 84 98 110 90 70 64 67 67 65 65 65 65 66 67 76 90 78 80 75 69 68 68 66 67 67 68 69 66 67 67 72 80 100 120 98 85 78 77 76 82 84 79 76 75 74 74 75 78 83 93 98 95 88 92 90 88 87 90 95 101 101 103 98 107 106 110 110 104 101 85 82 84 91 107
118 142 129 119 117 109 110 106 101 100 102 99 95 91 86 83 89 79 69 66 72 100 91 89 87 80 70 64 66 67 63 65 64 65 65 73 106 110 93 93 76 69 66 66 64 65 66 73 73 69 66 67 76 79 82 95 91 78 74 74 78 91 87 79 75 73 75 77 75 79 89 105 111 107 98 96 100 94 92 94 94 92 89 89 89 98 106 129 130 121 107 89 81 84 91 121
118 129 142 131 133 126 107 104 107 108 105 105 102 95 92 89 79 76 70 68 71 92 96 91 77 70 69 65 63 66 63 64 64 64 65 79 92 110 126 92 73 66 66 66 64 65 68 80 82 70 66 66 76 87 83 76 74 71 71 71 75 85 85 75 72 73 77 85 79 79 89 98 111 117 102 99 114 103 98 87 80 79 80 83 88 97 107 128 110 104 91 84 82 86 105 134
108 147 144 130 122 114 104 100 101 105 102 97 95 92 90 89 79 80 75 68 65 76 108 101 78 70 68 64 62 62 63 63 64 64 71 92 86 102 115 80 68 65 65 65 64 65 68 78 85 69 66 66 75 93 82 72 69 68 68 70 75 85 79 73 73 79 79 82 76 76 81 95 112 118 110 105 109 99 85 78 76 79 83 85 85 88 102 108 104 91 84 83 85 94 111 117
