inputs/cropped_bioclim_tortoise/wc2.1_2.5m_bio_16_band1.asc
ncols        480
nrows        504
xllcorner    -120.000000000000
yllcorner    24.000000000000
cellsize     0.041666666667
[rows 164 to 204 of 504, columns 184 to 275 of 480]
94 87 90 108 129 132 108 92 95 107 134 139 137 137 140 146 148 144 168 185 185 180 178 159 119 102 94 91 87 75 67 70 71 76 81 107 130 115 98 71 66 63 63 64 65 63 61 64 70 74 77 80 89 82 78 75 76 70 74 79 79 79 81 85 82 86 104 100 100 104 103 102 104 107 109 114 115 114 115 118 120 111 107 115 120 121 120 120 119 127 124 118
103 98 103 121 146 133 113 99 95 102 116 135 145 147 153 157 157 152 178 185 183 183 171 150 124 107 100 93 87 77 69 72 73 76 86 121 162 133 100 80 70 66 64 65 64 62 59 67 69 72 78 85 89 83 75 69 69 75 80 84 85 83 83 88 86 87 97 106 102 104 107 105 104 109 119 120 124 117 114 116 114 109 111 107 114 120 118 116 118 120 123 123
112 116 125 150 150 133 120 107 99 107 133 143 152 157 161 161 165 167 181 181 165 167 177 163 137 111 99 94 87 73 71 72 76 77 90 117 153 144 101 78 68 64 65 67 71 72 56 63 65 71 76 82 79 77 72 76 82 85 87 89 91 88 91 91 93 93 93 106 106 107 110 106 115 117 111 122 125 123 118 116 121 114 109 111 110 111 113 118 118 118 121 124
115 139 156 161 147 136 121 111 104 115 143 157 152 157 158 158 156 165 170 160 139 140 147 147 131 109 103 99 95 79 73 76 82 82 89 100 119 116 95 75 69 65 62 61 64 70 59 62 69 80 85 79 74 73 68 82 87 92 97 98 98 93 97 97 96 100 102 106 111 109 118 115 123 123 118 119 124 124 127 127 123 117 110 107 107 109 112 116 121 124 127 127
116 138 156 152 144 134 124 116 110 123 150 166 162 161 159 150 135 139 136 136 122 115 119 113 106 99 91 87 88 87 75 80 83 89 88 93 126 127 95 77 69 65 64 64 61 67 58 63 74 79 75 76 71 78 79 83 91 93 97 103 106 102 101 102 108 105 114 114 115 123 125 123 124 120 120 119 119 122 125 126 122 128 125 116 112 110 110 113 119 126 137 145
117 130 144 149 139 132 118 111 112 133 162 170 157 157 160 134 120 118 115 108 109 104 96 96 92 92 85 84 88 91 77 79 78 79 79 86 123 133 104 94 83 69 63 63 62 64 60 60 67 73 74 70 82 85 90 95 97 98 98 104 113 112 113 113 108 118 153 130 130 136 128 126 124 123 120 119 118 119 123 128 128 133 137 131 122 122 116 113 115 118 129 153
120 134 148 144 143 129 117 111 116 136 163 170 143 128 135 118 109 107 101 97 97 95 92 86 87 88 79 82 88 91 81 71 72 71 72 74 85 93 111 142 100 75 63 59 62 59 56 59 63 68 71 70 83 91 98 106 108 113 113 115 133 136 124 121 117 121 140 150 159 146 133 127 124 123 121 120 120 121 122 123 126 131 137 144 131 144 135 129 123 124 132 150
116 133 145 138 135 125 116 113 120 132 150 155 136 114 112 109 101 108 93 92 88 87 87 81 81 86 75 80 88 91 84 71 71 72 67 66 66 73 88 100 79 66 60 58 60 60 55 60 65 66 73 71 80 87 94 106 108 118 121 137 137 141 131 128 127 135 160 166 187 165 137 128 124 123 123 122 121 120 119 120 123 128 134 141 133 153 151 148 141 133 132 136
121 127 140 136 127 119 115 116 126 134 151 129 115 109 104 98 92 92 95 88 85 81 81 78 77 81 77 77 82 88 91 78 67 67 63 63 64 67 67 70 69 70 74 64 56 54 55 58 63 68 73 79 84 94 93 99 105 117 118 122 140 143 123 124 122 127 158 161 169 160 135 126 123 117 123 122 123 122 120 119 123 127 132 137 131 140 155 158 155 148 142 141
119 127 131 127 123 121 116 120 127 142 165 143 118 109 101 94 90 85 89 87 82 79 77 75 73 74 77 78 79 82 85 81 67 68 65 61 61 64 63 65 71 78 69 62 58 55 57 62 70 67 73 78 86 93 106 117 110 130 131 119 129 141 118 112 112 114 124 132 136 135 128 123 121 113 119 121 122 123 119 120 121 124 127 131 137 140 144 158 161 167 163 148
122 124 126 123 120 119 123 124 129 140 162 142 117 109 104 101 95 89 84 84 83 82 81 79 73 71 74 79 74 78 78 82 76 66 66 64 61 62 62 62 73 77 60 58 58 54 60 68 73 72 71 77 84 91 98 114 125 116 131 126 136 135 118 106 103 109 117 121 120 121 123 121 115 109 114 115 118 117 120 119 118 121 122 125 132 139 138 150 157 161 164 162
131 131 125 123 121 116 110 108 118 126 144 125 114 111 113 101 96 93 83 80 79 79 79 81 75 71 70 71 76 75 71 78 85 69 65 63 61 64 60 59 61 64 64 58 54 60 57 64 69 75 74 75 80 85 92 106 122 129 139 135 135 122 115 102 98 105 108 114 112 110 115 112 111 109 107 112 113 118 117 118 118 120 120 121 125 131 134 145 151 161 162 162
136 131 128 128 122 108 100 100 105 115 113 115 126 122 114 106 98 99 91 83 79 76 75 73 72 71 71 68 70 74 69 73 81 81 63 62 59 59 56 57 58 59 57 55 56 65 61 59 64 74 84 86 78 82 90 103 102 111 129 140 123 115 120 102 94 94 103 106 108 106 108 108 103 104 103 105 107 110 119 120 119 121 119 121 125 127 130 137 148 157 160 158
144 136 136 131 120 104 97 100 99 102 107 118 133 127 116 107 106 106 104 99 86 79 77 73 73 77 75 68 67 69 70 71 78 84 65 58 56 56 55 55 56 55 55 58 61 67 71 62 66 73 84 91 85 82 88 91 96 103 114 128 121 107 107 97 93 88 96 99 102 101 102 102 101 96 97 100 102 110 112 113 119 116 122 123 125 129 132 138 140 144 154 154
142 138 134 119 109 101 94 93 95 100 108 114 114 110 112 110 100 102 96 92 86 79 75 73 72 72 70 68 67 67 68 71 74 80 71 57 56 53 54 54 54 55 57 62 66 69 72 75 65 72 71 74 81 91 98 92 96 101 105 109 112 104 96 89 89 87 88 92 97 95 96 97 98 91 91 94 101 106 105 112 112 118 122 125 128 129 132 136 139 143 141 145
140 140 126 115 108 101 92 90 93 93 98 102 105 98 103 109 102 96 94 92 91 87 86 77 73 73 74 71 69 67 66 65 70 71 74 61 54 52 52 54 54 56 59 62 65 69 69 72 76 77 73 78 78 86 86 88 94 97 101 102 98 97 93 86 81 89 86 88 90 89 93 92 94 92 86 91 95 98 99 102 106 113 116 122 122 128 129 130 132 134 136 139
144 144 133 116 105 99 94 89 89 93 96 98 96 92 99 100 96 95 98 91 90 94 96 94 79 70 69 66 67 67 65 61 64 66 69 69 60 53 52 53 54 56 58 61 64 67 73 76 82 85 81 74 75 78 81 86 91 96 99 98 94 92 88 83 78 85 84 84 85 84 87 89 88 87 84 88 91 91 94 96 107 109 113 113 120 123 123 124 123 127 134 138
145 138 121 114 108 105 96 92 97 93 96 93 90 88 88 92 89 89 91 91 90 91 88 89 94 84 69 66 63 63 64 63 60 64 65 67 64 56 55 54 54 57 60 64 67 71 76 77 79 76 73 70 73 76 83 86 92 98 98 95 90 84 80 75 75 81 82 76 81 81 81 85 84 84 84 83 85 88 90 98 102 105 105 108 112 117 124 121 117 119 124 131
129 121 114 108 110 110 99 90 99 92 96 91 85 86 86 86 87 84 83 85 85 88 86 82 88 96 88 70 66 62 64 64 61 58 61 61 67 58 54 57 56 57 60 63 68 70 76 78 73 63 65 68 72 78 83 87 94 98 97 93 87 82 75 72 75 75 75 75 78 76 81 83 83 81 80 82 88 90 91 93 94 96 101 111 119 123 123 117 114 114 115 118
115 112 108 106 104 103 97 89 90 90 91 88 87 84 88 90 90 88 81 76 79 81 87 87 79 93 104 96 77 65 62 62 58 57 58 57 62 57 55 58 60 60 63 65 68 72 72 70 62 62 64 67 73 77 80 86 92 95 93 88 85 78 74 71 71 73 72 75 73 75 78 81 81 79 79 82 87 88 87 88 90 92 98 102 102 112 112 114 112 111 112 113
111 107 103 108 103 100 92 90 87 87 86 91 90 83 89 90 88 87 81 77 73 75 80 80 75 84 89 99 105 80 64 59 58 58 56 55 57 57 57 61 61 66 66 67 67 64 61 57 60 61 64 66 67 73 80 86 87 92 86 75 77 76 73 68 69 74 69 72 72 72 72 78 77 77 79 84 86 86 84 85 89 91 96 100 111 118 112 105 105 106 111 116
112 112 111 102 96 97 97 93 84 85 84 86 87 79 82 87 83 77 75 78 76 69 75 73 66 73 67 73 96 105 87 67 59 59 58 57 61 61 61 57 57 66 70 63 57 56 55 58 61 61 66 69 73 70 74 80 86 83 72 69 68 73 74 68 68 67 68 69 69 72 70 72 72 76 76 79 82 81 84 86 88 94 103 119 151 147 116 106 106 118 135 143
116 118 115 104 98 97 100 87 82 80 84 81 83 80 77 80 78 74 72 75 77 71 67 71 61 63 70 61 77 99 100 94 67 58 56 58 60 61 59 57 56 56 58 54 64 57 56 60 62 63 67 71 75 78 70 70 79 75 70 65 67 70 70 65 65 68 75 73 74 75 72 72 76 73 73 76 78 81 82 84 88 93 101 119 146 128 109 102 116 136 139 141
121 121 111 107 99 92 90 87 84 80 84 79 76 77 73 75 74 73 71 70 71 75 67 61 60 62 66 59 64 73 85 97 65 58 55 55 57 54 56 54 56 64 55 60 57 57 57 61 63 65 68 70 73 78 80 74 71 71 67 63 68 69 67 67 68 68 72 75 77 76 73 76 77 76 75 75 75 80 81 81 86 89 94 103 113 106 98 98 119 123 126 126
118 113 113 105 96 89 89 91 84 78 77 75 72 71 71 69 75 75 73 65 62 67 69 66 61 60 64 59 60 63 66 70 58 55 59 58 58 58 61 58 68 74 58 70 60 60 61 64 64 64 67 70 73 77 80 76 74 68 64 62 70 71 65 69 70 70 69 74 78 79 75 77 80 80 78 78 75 75 77 78 81 85 88 93 93 92 91 97 110 114 114 114
117 115 111 103 97 94 91 92 84 75 74 75 74 73 71 67 68 72 72 67 62 63 65 62 60 57 61 57 58 57 56 57 55 58 62 64 65 64 65 64 69 75 62 74 63 58 63 68 64 65 67 70 72 75 75 71 72 70 64 64 67 68 67 71 74 72 71 73 77 78 76 79 87 84 86 79 79 75 78 80 81 83 85 85 88 87 87 92 102 112 108 108
116 113 106 101 101 101 99 87 84 82 77 76 78 78 77 71 65 65 63 63 62 59 62 59 57 57 56 60 63 60 59 65 59 63 86 107 84 74 69 67 78 80 66 68 66 64 68 67 66 67 67 70 73 77 73 71 69 68 65 64 68 68 70 73 74 74 74 75 76 76 79 81 84 82 82 79 80 76 77 78 78 79 81 82 84 84 86 88 93 95 98 100
111 107 101 100 104 105 102 85 84 80 78 78 81 79 79 81 69 65 63 60 59 59 59 59 57 57 57 58 63 69 64 71 62 73 119 134 91 80 73 70 79 86 72 71 71 69 82 68 68 71 71 70 72 74 72 69 68 67 65 66 70 74 72 71 73 74 75 76 79 78 81 81 81 79 79 82 81 78 75 75 78 78 78 80 81 81 85 92 96 103 102 107
108 105 104 104 108 107 99 89 89 86 85 82 79 75 84 84 75 69 65 63 59 59 59 59 60 59 58 59 60 63 71 76 62 72 81 84 81 78 80 74 83 88 79 71 76 74 87 71 67 70 71 71 74 74 70 68 68 67 67 67 73 74 72 71 71 73 77 78 78 78 80 82 81 81 81 82 80 78 78 76 74 77 80 81 81 82 84 89 93 96 99 97
106 105 107 112 113 109 97 94 96 94 94 91 88 87 83 77 73 69 65 63 61 61 61 62 60 61 62 60 60 62 64 73 66 68 77 81 81 81 83 78 83 91 74 71 79 85 80 69 67 69 72 71 77 73 71 69 68 68 71 70 77 74 71 71 72 72 75 79 81 83 83 83 81 81 82 83 80 79 81 78 75 77 78 78 81 82 82 86 86 88 89 93
108 109 113 117 116 114 103 99 99 101 99 98 96 96 96 96 74 67 66 62 64 64 63 64 65 61 60 62 62 62 65 66 67 69 70 79 84 86 88 85 86 96 90 77 84 100 78 74 71 69 72 74 80 77 79 75 72 72 73 74 73 71 71 71 74 74 74 76 78 84 89 87 87 86 87 89 89 85 85 80 77 75 75 75 76 78 80 82 82 86 90 91
111 115 120 125 120 121 108 105 104 106 106 103 101 103 101 95 70 61 63 66 67 67 65 67 70 67 59 59 61 59 62 62 62 65 67 70 72 80 91 88 93 100 99 82 101 90 79 79 77 73 76 78 82 79 78 75 74 72 72 71 71 71 71 74 75 77 77 75 77 79 82 84 88 103 112 120 134 110 93 84 79 75 77 77 75 75 79 79 80 83 85 87
116 126 130 130 129 121 105 113 112 112 109 107 107 110 96 74 63 66 70 71 72 74 72 69 72 70 63 63 67 70 69 66 69 66 65 68 72 77 89 93 102 105 108 103 113 102 88 84 87 84 75 76 76 75 74 73 72 72 72 72 73 73 71 71 75 77 79 78 77 80 82 84 90 100 121 155 160 143 102 87 80 76 78 77 77 78 75 78 79 80 82 84
124 139 140 137 132 118 99 108 114 116 111 110 114 95 74 64 63 72 79 79 79 78 75 74 73 74 70 65 66 72 73 74 74 74 72 72 69 77 88 102 105 105 107 105 107 106 90 83 84 80 75 75 75 72 72 72 71 74 72 74 74 72 74 73 72 75 81 84 81 81 80 84 89 99 132 157 139 111 96 87 82 77 78 78 79 78 75 74 75 77 80 82
134 146 149 144 137 120 102 91 88 86 95 111 103 73 68 67 68 83 84 80 82 82 79 77 75 77 74 70 68 70 73 74 75 78 76 70 75 78 86 97 98 98 101 98 101 109 89 80 79 77 75 76 74 74 75 76 75 77 75 72 72 74 75 75 71 74 79 81 83 88 84 83 86 98 121 120 109 96 89 84 82 80 78 77 80 80 78 78 77 76 78 80
148 152 155 153 146 120 113 92 86 83 82 81 76 72 69 72 76 91 88 84 83 83 84 82 77 77 77 73 71 72 73 75 78 78 76 72 73 83 93 94 94 95 101 98 98 101 84 89 85 81 78 76 74 77 78 78 78 75 73 72 74 75 77 77 73 71 74 80 87 88 90 87 92 96 101 98 98 90 84 84 85 81 81 81 81 81 79 79 78 80 78 79
154 157 158 160 150 126 119 101 88 82 79 76 75 72 75 76 79 93 93 88 84 83 84 84 80 76 77 74 71 73 75 78 78 81 79 81 80 91 91 89 91 93 100 104 98 92 109 120 114 113 88 78 79 80 78 76 76 74 74 75 75 76 77 77 74 72 75 75 80 82 87 87 90 103 98 90 88 85 83 86 84 83 81 82 82 81 79 79 79 80 82 79
157 160 161 163 152 137 125 114 89 84 81 79 79 75 79 79 84 95 95 93 88 84 86 85 82 78 78 74 73 77 76 81 86 89 86 91 86 86 85 87 88 92 93 96 94 106 107 110 113 117 107 85 82 82 78 76 78 78 76 76 76 77 76 75 78 72 74 77 78 80 83 84 95 106 98 90 86 86 87 89 87 84 81 83 82 80 81 80 80 81 79 81
155 161 164 167 162 151 130 111 91 86 84 84 76 79 83 84 82 93 100 98 91 82 85 85 87 85 83 81 80 81 81 90 91 94 89 89 84 83 83 85 87 90 90 93 101 102 100 104 107 113 116 101 84 80 79 79 81 79 79 78 79 78 78 78 81 75 75 75 80 81 82 88 105 121 100 98 100 94 91 94 91 89 84 83 81 82 82 79 79 79 77 81
155 162 166 170 167 160 138 118 94 89 85 76 79 84 85 89 89 84 100 98 91 82 82 85 87 85 82 82 82 83 84 89 90 85 84 81 81 80 81 82 85 87 97 106 101 94 94 102 102 105 113 109 93 89 84 84 84 82 79 80 81 80 79 81 82 74 77 75 76 77 80 83 92 132 124 145 135 107 103 106 119 106 90 86 83 83 81 81 81 79 78 80
158 162 168 172 171 167 147 118 97 92 84 75 85 85 88 90 91 89 87 98 89 78 77 82 80 76 77 79 80 82 86 90 86 81 79 77 77 77 80 81 88 98 108 103 95 91 93 95 100 103 110 113 113 116 100 105 90 85 82 83 83 82 82 82 78 75 77 78 77 79 81 83 88 97 127 156 145 145 132 141 151 119 99 90 87 85 84 82 81 80 79 81
