inputs/cropped_bioclim_tortoise/wc2.1_2.5m_bio_13_band1.asc
ncols        480
nrows        504
xllcorner    -120.000000000000
yllcorner    24.000000000000
cellsize     0.041666666667
[rows 288 to 335 of 504, columns 288 to 383 of 480]
90 94 100 108 108 104 89 84 80 77 76 72 67 63 61 59 56 58 76 71 66 63 60 58 57 56 57 59 62 65 69 72 71 74 53 48 47 47 46 46 45 45 44 44 44 45 46 48 51 58 70 84 104 117 124 121 120 119 114 112 109 104 98 94 94 96 92 87 83 82 78 76 75 72 70 68 67 66 64 63 62 61 61 60 60 59 59 59 59 60 60 62 61 62 64 65
89 93 97 102 104 109 91 82 78 75 73 71 66 64 61 59 56 59 78 73 66 63 60 58 57 56 57 59 61 63 67 71 67 69 59 49 48 47 47 46 46 45 44 44 44 44 45 47 49 56 80 96 107 120 125 124 119 115 115 112 107 102 98 94 93 92 92 86 82 80 78 76 74 72 70 69 67 66 64 63 62 61 60 60 59 59 59 60 60 61 62 62 62 63 65 66
86 90 92 92 98 105 90 82 79 75 71 69 65 63 61 58 56 59 66 71 66 62 60 58 57 56 57 58 60 62 65 68 73 77 70 52 48 48 47 47 46 46 45 44 43 42 43 45 48 52 78 104 118 127 125 121 119 118 113 108 104 103 99 96 98 91 89 86 83 81 80 77 74 72 70 69 68 67 65 63 62 61 61 60 60 60 60 60 60 61 62 62 63 63 65 66
83 83 86 87 94 105 90 82 78 76 72 69 66 63 60 58 55 58 61 63 65 62 59 58 57 56 57 58 59 61 63 65 70 71 65 54 50 48 48 47 47 46 46 45 43 42 43 44 47 55 81 97 119 129 125 122 117 113 111 108 106 102 100 99 100 93 90 84 82 80 78 76 74 72 71 70 68 66 65 65 63 62 61 61 61 61 61 61 61 61 62 63 64 64 65 66
87 80 80 83 89 93 91 82 80 74 71 71 65 63 60 58 55 57 62 64 65 62 59 58 58 57 57 58 59 60 62 65 69 70 77 56 51 49 48 48 48 47 47 46 45 43 43 45 46 55 99 109 122 126 124 123 119 116 114 109 105 102 101 100 98 92 87 85 84 81 78 76 74 73 72 69 68 66 65 65 63 62 62 62 62 62 61 61 62 63 64 65 65 65 66 67
82 82 76 78 82 87 89 81 78 75 70 67 65 62 60 58 56 55 59 61 67 62 59 58 59 58 57 58 59 60 61 63 65 68 71 57 52 50 49 49 49 49 48 48 46 45 45 46 47 50 84 107 122 128 129 126 119 117 114 108 105 102 100 97 96 93 88 86 84 82 79 76 75 74 72 70 68 66 65 64 64 63 63 63 62 63 62 62 63 64 65 66 66 66 67 67
82 83 76 75 77 81 84 79 75 75 71 67 65 63 61 59 57 55 56 58 59 61 59 57 58 59 58 58 58 59 60 61 63 67 73 62 54 51 50 50 50 49 49 48 48 47 47 47 47 49 67 101 110 119 123 126 122 118 113 108 105 102 100 98 100 97 91 87 85 82 80 77 75 73 71 70 68 66 65 65 65 64 64 64 63 64 64 63 64 65 66 66 66 66 67 67
79 85 76 74 74 77 81 78 76 72 69 66 64 62 61 59 58 57 56 56 56 56 58 58 59 59 59 59 59 59 59 61 62 65 77 72 55 52 51 51 51 50 50 49 49 48 48 48 49 50 52 83 98 103 112 118 121 117 112 107 104 101 99 98 99 95 91 89 87 83 80 78 77 75 73 71 69 67 66 65 65 65 65 65 64 64 64 65 65 66 66 67 66 66 67 67
73 74 73 71 73 75 77 75 72 69 67 64 63 64 62 60 59 60 58 57 58 57 56 56 59 59 59 59 60 59 60 60 62 64 75 72 57 54 52 52 51 51 51 51 50 50 49 49 50 51 54 66 82 90 104 105 112 113 111 106 102 97 93 91 90 92 95 91 89 87 83 80 77 75 73 72 69 68 67 67 66 66 66 65 65 65 65 65 66 68 67 67 66 66 66 67
69 69 69 70 71 73 76 72 69 67 65 63 62 64 61 59 59 60 61 62 64 61 59 56 58 59 60 60 60 60 60 61 61 64 71 75 63 57 53 53 52 52 52 51 51 51 51 51 52 53 55 61 69 82 100 99 99 98 101 101 98 93 90 88 88 84 82 83 88 90 86 82 79 77 74 73 71 70 69 69 68 68 67 66 66 66 66 66 68 68 67 67 66 66 66 66
66 66 67 68 69 71 83 72 67 65 63 61 61 61 59 59 60 62 67 72 69 65 62 58 58 60 60 60 60 60 60 61 62 65 73 79 81 59 53 53 53 53 53 53 53 52 53 52 53 54 56 61 69 82 90 90 91 93 91 98 99 94 93 89 90 86 80 78 85 94 90 87 82 78 76 74 72 71 71 71 70 69 68 67 67 68 66 67 67 67 68 67 67 67 67 67
62 63 63 64 67 73 88 70 64 62 61 60 60 61 58 59 61 66 70 74 69 64 62 60 58 58 60 61 63 61 60 61 62 66 75 78 74 59 54 54 54 54 54 54 54 55 54 53 53 54 57 61 68 77 79 81 84 83 87 90 94 92 87 83 87 88 81 75 82 96 93 90 85 83 79 76 73 73 72 72 71 70 69 70 71 69 67 67 67 67 68 67 67 68 69 70
60 60 61 62 64 66 66 66 61 59 58 58 58 62 59 59 61 64 68 70 69 64 62 62 60 59 57 61 64 63 61 61 63 66 77 73 64 57 55 54 55 54 55 55 56 58 56 55 54 55 58 62 66 68 71 73 73 74 77 85 88 85 82 78 82 82 75 71 75 98 95 92 89 84 79 77 74 74 74 73 72 72 72 74 73 70 70 69 69 69 69 69 68 69 70 70
58 58 58 59 60 60 59 61 61 57 56 56 56 59 60 59 60 63 65 65 63 63 62 63 61 66 60 58 62 63 61 62 63 67 74 67 61 56 55 55 55 55 55 56 58 61 58 56 56 57 61 69 67 65 66 68 68 69 69 70 80 82 79 73 77 76 71 67 67 86 96 93 89 84 81 78 77 76 75 74 74 74 73 76 75 73 72 72 71 71 70 70 69 69 70 70
57 56 56 56 56 56 57 56 58 55 54 54 54 58 60 59 60 61 62 62 61 62 63 63 61 64 63 57 58 60 61 62 64 70 74 63 59 56 55 56 56 56 56 57 58 60 58 57 57 59 65 71 69 66 65 65 65 66 65 64 65 75 78 72 72 70 67 63 62 69 84 92 90 87 85 82 81 78 76 75 76 76 77 79 78 76 74 73 73 72 71 70 70 69 69 70
56 55 54 53 53 53 53 54 54 53 53 53 53 54 60 60 59 59 61 60 60 61 62 61 61 62 61 57 57 59 61 62 65 71 87 76 62 56 55 56 56 56 56 57 57 58 58 57 58 60 65 70 71 70 68 67 67 67 64 62 61 62 71 72 68 67 64 61 60 60 65 79 90 90 87 84 80 79 78 77 77 78 80 81 79 77 77 75 73 73 73 71 70 70 69 69
55 54 53 52 52 52 51 52 52 51 51 51 52 52 54 57 57 57 58 58 59 60 61 61 61 61 60 57 57 58 60 62 64 71 87 84 64 57 55 56 56 56 56 57 57 57 58 58 59 61 64 70 71 70 68 68 67 65 64 62 61 61 64 67 68 65 63 62 60 59 61 65 71 86 87 83 81 81 81 79 78 78 79 81 79 79 78 76 74 73 73 72 71 70 69 67
54 53 52 52 52 51 51 51 52 51 51 50 51 51 52 54 55 56 56 57 58 59 59 60 60 60 59 58 57 57 58 60 62 67 80 77 60 57 55 55 56 56 56 56 57 57 59 59 60 61 63 69 71 69 67 66 65 65 64 63 62 63 62 62 68 67 65 62 59 59 60 63 67 71 85 87 85 85 83 81 80 80 82 80 79 79 78 78 75 73 72 72 72 71 69 68
53 52 53 52 52 52 51 50 51 53 51 50 50 51 52 53 54 55 56 56 57 58 59 59 59 59 59 59 57 57 57 58 60 63 69 68 61 57 55 55 55 56 56 56 56 57 58 60 62 64 64 69 70 69 68 65 64 63 64 63 64 63 62 60 63 65 64 63 58 58 60 63 71 72 76 91 89 85 84 84 83 84 84 84 84 83 82 80 76 74 73 72 71 70 69 68
52 52 52 51 52 52 51 50 52 58 51 49 50 50 51 52 53 54 55 56 57 59 59 58 58 58 58 59 58 57 56 56 58 61 61 61 58 56 55 55 55 55 55 55 55 56 58 60 63 65 66 70 70 68 67 66 64 63 63 62 62 63 62 60 60 63 62 60 58 58 59 64 77 78 75 91 90 88 86 85 86 86 86 86 88 86 82 78 75 74 74 73 71 69 68 68
52 52 51 51 51 51 52 52 60 60 52 49 49 50 51 52 53 53 55 56 57 57 57 57 57 58 58 58 58 57 55 55 56 58 58 57 56 55 55 54 55 55 54 54 54 55 57 61 62 64 67 71 69 67 66 65 64 65 65 64 63 62 60 60 60 61 59 59 59 58 59 65 76 82 76 85 92 91 89 87 89 88 87 84 81 78 76 75 74 74 73 72 70 69 67 67
52 52 51 51 52 52 51 53 63 65 53 49 49 50 51 52 52 53 54 56 57 57 57 57 57 57 57 58 58 57 55 54 54 56 58 56 55 55 54 53 53 54 54 54 54 55 57 59 62 65 68 69 68 66 66 66 65 67 68 68 64 62 60 59 59 60 58 59 60 59 59 63 73 84 81 84 91 95 94 93 88 86 83 80 78 78 77 76 74 73 72 71 70 69 67 67
53 52 52 51 51 51 51 53 68 66 52 49 49 50 50 51 52 53 56 59 58 56 56 56 56 57 57 57 57 57 56 54 53 54 56 57 55 54 53 53 52 53 52 52 53 53 59 61 65 69 68 68 68 66 66 66 67 69 70 66 63 61 59 59 59 58 57 58 59 59 59 61 69 77 87 87 93 99 94 87 84 82 81 79 78 79 78 76 75 74 73 72 71 69 68 67
55 54 52 52 51 51 51 51 54 54 51 49 49 49 50 52 52 54 56 61 60 56 56 56 56 56 56 56 56 56 56 54 53 52 54 57 55 53 52 52 51 51 51 51 52 52 58 65 68 69 67 67 67 65 65 65 70 68 70 73 64 60 59 57 57 57 55 56 57 57 59 60 63 76 89 92 97 97 85 83 82 81 80 79 79 79 78 76 75 74 73 71 70 69 68 67
56 54 54 52 52 52 52 51 51 51 50 49 49 49 50 51 52 54 57 61 59 56 56 55 55 55 55 55 55 55 55 53 52 52 54 60 59 52 51 50 50 50 50 50 51 52 54 64 67 68 66 65 65 64 63 63 64 65 67 68 63 61 58 57 56 55 55 55 57 57 59 60 62 70 94 100 100 85 82 82 82 81 80 78 78 79 78 77 75 74 73 72 71 70 69 67
58 56 54 53 54 55 55 53 51 51 50 50 49 49 50 51 52 54 58 60 58 57 57 55 54 54 54 55 55 54 54 53 51 51 53 60 60 51 49 49 49 49 49 49 50 52 53 58 66 67 67 66 64 63 62 61 61 64 64 62 61 59 58 56 56 55 54 55 56 57 58 60 62 67 92 110 106 84 81 81 81 80 79 78 77 77 77 77 75 74 73 72 71 71 69 67
58 57 55 54 56 57 60 55 52 51 50 50 49 49 50 51 52 54 57 58 56 55 56 56 53 54 54 54 54 54 53 52 50 49 51 58 63 49 48 48 48 48 48 48 51 53 53 56 62 66 66 65 64 62 61 60 60 62 61 61 60 62 60 57 55 54 54 55 56 57 58 60 62 65 77 100 85 81 80 79 79 79 78 77 77 76 75 74 74 74 73 73 72 71 69 68
58 56 55 55 56 58 58 55 53 51 51 50 50 49 50 51 52 53 56 55 54 53 54 55 54 53 53 53 53 53 52 52 49 48 49 54 59 47 46 46 46 46 47 47 48 50 52 57 62 63 65 65 65 63 60 59 58 58 58 57 59 62 58 56 55 55 55 55 56 57 58 59 61 65 71 76 79 79 78 78 78 78 77 76 76 76 76 76 75 76 74 74 73 71 69 67
59 59 56 55 56 56 55 54 52 51 51 51 50 50 50 51 51 52 53 53 52 52 52 53 53 53 52 52 52 52 51 51 50 48 47 49 54 45 45 45 45 45 46 46 46 48 50 57 61 61 63 63 63 63 60 59 58 57 56 56 56 56 56 55 55 55 55 55 56 57 58 59 61 64 69 70 74 79 78 79 79 78 78 77 77 77 77 76 77 76 74 73 72 70 69 67
59 58 56 55 55 55 55 54 53 52 51 51 50 50 51 52 51 50 51 51 51 52 52 51 52 52 52 51 51 51 51 50 50 49 48 46 44 43 42 43 44 44 44 45 45 46 47 51 56 58 60 60 61 62 59 58 57 57 56 55 55 55 55 55 55 56 56 56 56 57 58 59 60 63 66 68 72 79 79 79 78 78 78 78 78 78 77 77 76 75 73 73 72 70 69 68
61 58 56 56 56 55 55 55 54 52 52 51 51 50 50 51 51 50 50 50 51 52 51 51 51 51 51 51 51 50 50 49 49 49 49 46 43 42 41 41 41 43 44 44 45 45 46 47 55 57 58 56 58 60 59 57 56 57 57 56 55 54 55 55 55 55 56 56 56 57 58 59 60 62 65 67 71 77 79 79 79 79 79 78 78 79 78 77 76 75 74 73 71 70 69 68
64 58 56 57 57 56 56 56 55 53 52 52 51 51 50 50 50 50 50 50 51 51 51 51 51 50 50 50 50 50 49 49 48 49 55 52 44 42 41 41 41 42 44 45 45 46 46 46 49 52 54 53 56 58 58 58 58 58 56 55 55 55 55 55 55 55 55 56 57 58 59 59 60 62 64 66 69 76 80 79 79 79 79 78 78 78 77 76 76 75 74 73 70 70 70 68
73 60 57 59 58 57 56 57 56 54 53 54 52 51 51 50 50 50 50 50 50 51 51 51 50 50 50 49 49 49 49 48 47 47 50 52 45 42 42 42 42 43 44 46 46 46 47 47 48 48 49 51 54 57 60 58 58 57 57 57 56 56 56 56 56 56 56 57 58 60 60 59 60 61 63 65 68 75 79 79 80 79 80 79 78 76 76 75 75 74 73 73 71 70 70 69
69 60 58 58 57 56 56 57 56 54 54 54 53 52 51 51 50 50 50 50 50 51 50 50 50 50 49 49 49 48 48 48 47 46 46 46 44 43 43 44 43 44 44 46 47 47 47 47 48 48 48 49 52 57 62 61 60 59 58 56 55 55 55 55 56 56 58 61 60 61 61 59 60 61 62 64 67 76 76 79 81 80 80 79 77 76 76 76 76 75 74 74 72 71 71 70
61 59 59 58 57 57 56 56 55 55 54 54 54 53 52 51 51 50 50 50 50 50 50 50 50 49 49 49 48 48 48 48 46 46 45 46 45 44 44 45 45 44 45 46 47 47 48 48 48 48 48 49 52 58 61 61 60 59 58 57 57 56 57 56 57 57 58 62 65 64 64 61 60 61 62 64 65 70 72 75 81 80 79 78 77 76 76 77 76 75 75 73 72 72 71 70
59 59 63 63 58 57 57 56 56 55 55 55 54 53 53 52 51 51 50 50 49 50 50 50 49 49 49 48 48 47 48 48 46 46 46 46 46 46 46 46 46 46 45 46 47 48 49 49 49 49 49 49 51 57 59 60 60 59 58 59 58 58 57 56 58 59 59 60 63 66 70 73 68 65 64 63 65 67 69 72 78 80 79 78 77 76 75 75 75 74 73 72 72 71 70 70
59 60 61 65 62 58 57 57 56 56 56 55 54 54 53 53 52 52 51 50 49 49 50 50 49 49 49 48 48 47 47 46 46 46 46 47 47 47 47 47 47 47 47 47 47 49 49 50 50 50 49 49 49 51 54 60 62 62 60 59 58 58 57 57 59 60 60 61 63 66 70 74 79 73 71 64 64 66 68 71 76 82 80 79 77 75 75 75 74 74 73 72 72 71 70 70
60 60 61 63 66 64 59 58 58 57 56 56 55 55 54 53 53 52 51 51 50 49 49 50 49 49 48 48 48 47 47 47 46 46 46 47 48 49 48 48 49 49 48 48 48 49 50 50 50 50 50 49 49 48 50 53 58 63 62 59 59 59 59 58 59 61 61 62 63 66 71 76 80 85 78 64 64 66 68 70 73 79 80 79 77 76 75 76 75 75 74 73 72 71 70 70
61 61 61 62 62 62 61 59 59 58 57 56 56 56 55 54 54 53 52 51 51 50 49 49 49 49 49 48 48 48 48 47 47 47 47 48 49 50 51 51 50 50 49 49 49 50 50 51 51 50 50 49 49 48 49 51 54 58 61 60 60 60 58 59 61 62 62 63 64 67 70 75 79 85 82 65 64 65 67 70 73 76 78 78 77 77 76 77 76 75 74 73 72 71 70 70
62 61 62 63 64 63 63 62 61 59 57 57 57 56 56 56 56 56 54 52 51 51 50 49 49 49 49 49 48 48 48 48 48 49 50 50 49 50 52 54 53 52 51 51 51 51 51 51 51 50 50 50 49 48 49 50 53 59 60 58 60 60 59 60 62 63 63 65 66 68 70 74 77 82 79 68 64 65 66 68 71 74 76 77 77 77 78 77 76 74 73 72 71 71 70 70
62 62 63 63 64 65 64 64 64 61 59 58 57 57 57 57 58 57 56 53 52 51 50 50 49 49 49 49 49 49 49 49 49 50 51 53 51 52 53 54 57 54 54 53 52 52 52 52 51 50 50 49 49 48 47 49 50 52 55 55 57 59 60 61 63 64 66 67 68 71 72 75 79 81 76 67 64 65 66 67 69 71 73 76 75 76 76 76 75 74 73 72 71 71 71 71
64 64 64 65 65 65 66 65 64 63 60 59 58 58 58 58 59 58 56 54 53 52 51 50 50 50 49 50 49 49 49 49 50 50 51 51 52 53 54 55 59 57 55 57 53 52 53 54 53 51 50 49 49 48 47 48 49 50 51 53 58 65 62 61 61 62 65 70 70 71 73 76 79 83 79 66 68 68 67 67 68 71 74 75 75 74 75 75 74 74 74 72 72 72 72 71
64 64 64 65 66 67 66 65 64 62 61 59 60 61 60 58 59 58 56 57 54 52 51 51 50 50 50 50 50 50 50 50 50 50 51 52 52 53 55 56 57 60 58 56 54 53 53 56 58 52 51 50 49 47 46 47 47 48 53 55 57 64 62 62 60 61 63 67 69 73 75 78 79 85 73 68 73 72 67 67 67 69 74 76 78 77 75 74 73 73 73 72 73 72 72 72
65 65 65 65 66 69 69 68 67 62 61 60 60 61 60 58 58 59 58 56 55 53 52 51 51 50 50 50 50 50 50 50 50 51 52 52 53 53 54 55 57 59 59 56 54 53 54 56 57 56 52 50 49 47 44 45 46 47 50 57 63 60 60 60 59 60 61 65 67 68 70 72 76 81 73 69 72 69 66 67 68 69 71 76 79 81 80 79 76 74 73 74 74 74 74 73
66 65 65 65 66 69 72 69 66 63 61 60 60 61 62 59 57 56 57 57 56 54 52 52 51 51 51 50 51 51 51 51 51 51 52 53 54 54 54 56 57 58 59 56 55 54 54 56 59 59 54 51 48 46 44 44 44 46 49 60 65 60 61 59 59 59 60 63 66 65 67 70 72 72 72 75 68 67 67 67 68 69 70 73 76 78 79 79 79 77 75 75 76 76 76 75
66 66 65 65 66 67 70 71 66 64 61 60 60 62 63 60 57 56 56 56 60 56 53 52 52 52 51 51 51 51 51 51 51 52 53 55 54 54 55 56 56 57 58 58 56 55 54 56 59 64 63 53 49 46 46 45 43 44 46 56 63 57 57 59 60 59 59 61 63 64 65 67 70 71 70 73 67 67 67 68 68 69 70 72 74 75 76 76 76 76 76 76 77 77 77 77
67 66 66 65 66 66 69 78 75 68 62 60 60 60 60 62 59 56 56 56 60 58 54 53 53 52 52 51 51 51 51 52 52 53 54 54 54 54 56 58 57 57 58 61 58 56 55 56 58 63 72 63 52 48 48 46 45 43 44 48 51 59 58 55 58 59 59 61 62 63 64 65 68 69 67 67 67 67 67 68 68 69 70 72 73 75 76 77 77 77 77 77 77 78 79 78
68 67 66 66 66 66 68 70 74 73 64 60 59 59 60 61 59 57 56 56 56 58 56 54 54 53 53 52 52 51 52 52 53 56 60 57 54 54 55 62 57 56 58 61 62 58 57 56 57 61 69 62 57 52 50 48 46 43 43 45 48 56 64 56 54 57 58 61 65 65 64 64 66 69 66 66 66 67 69 69 69 69 71 72 74 75 76 77 77 77 77 77 78 81 83 79
