inputs/cropped_bioclim_tortoise/wc2.1_2.5m_bio_17_band1.asc
ncols        480
nrows        504
xllcorner    -120.000000000000
yllcorner    24.000000000000
cellsize     0.041666666667
[rows 204 to 254 of 504, columns 96 to 191 of 480]
35 31 29 25 25 25 27 26 27 26 23 22 20 19 19 20 25 34 30 31 37 41 33 25 21 19 16 16 16 16 16 16 17 18 17 15 15 14 12 15 15 16 18 20 22 24 31 27 25 24 24 25 25 34 46 46 47 51 50 48 47 49 48 47 53 56 55 55 56 54 52 51 51 49 49 48 48 48 48 44 35 35 37 52 56 60 65 69 73 76 78 79 78 75 63 49
32 42 44 37 42 33 32 31 32 34 29 25 22 19 19 18 20 23 26 31 32 35 28 24 20 17 16 16 16 16 17 16 18 20 17 15 15 15 15 15 15 16 18 19 19 21 22 23 23 21 22 23 27 38 50 52 50 49 51 51 50 49 47 48 51 57 55 57 56 54 51 54 53 52 50 49 47 47 48 44 33 36 41 40 45 56 61 70 74 77 79 81 80 76 61 47
22 33 49 45 49 54 45 42 42 38 32 29 25 21 18 18 18 20 24 33 31 26 27 25 20 16 16 16 17 16 17 19 23 21 20 18 18 14 12 12 13 17 19 22 23 20 20 19 21 19 21 23 29 38 49 54 52 51 51 54 54 49 48 47 50 56 57 57 63 55 50 52 54 52 49 49 47 45 47 44 35 33 31 30 32 39 46 64 72 74 76 79 81 77 67 50
18 24 38 47 43 56 67 61 54 47 42 35 29 22 19 18 16 16 16 17 20 20 20 20 19 17 17 19 17 17 20 20 19 16 16 18 15 12 12 13 15 21 23 29 25 23 21 19 18 19 20 23 32 37 43 52 52 49 48 48 48 47 47 47 48 53 60 63 57 52 45 51 53 50 39 47 48 42 35 33 32 36 44 45 35 31 47 58 67 71 74 77 79 80 77 60
16 19 27 39 39 52 66 70 73 58 53 38 27 23 21 19 16 15 15 15 15 15 16 16 16 16 17 18 20 20 24 24 18 16 15 14 14 12 12 13 16 21 24 28 26 25 19 16 16 19 20 23 33 36 38 47 49 49 50 48 46 46 46 46 46 44 47 55 54 45 44 53 52 45 36 36 39 30 32 35 33 44 45 40 30 37 53 53 55 60 68 76 77 77 76 74
17 17 21 27 34 48 65 82 64 56 43 33 29 25 25 18 16 15 15 15 14 12 12 13 14 16 16 17 17 17 21 21 17 14 14 14 14 14 12 13 17 21 25 29 32 28 20 16 16 17 19 23 33 36 41 47 46 49 49 49 50 48 46 43 42 42 41 53 55 42 44 43 45 35 31 32 32 35 31 36 43 47 44 29 35 46 42 39 36 44 64 70 71 71 72 73
16 17 20 26 31 38 55 69 74 61 45 38 38 35 27 21 16 14 14 14 13 12 12 12 15 15 13 13 15 16 15 17 15 16 15 16 15 14 12 14 17 20 26 31 29 25 19 15 16 18 19 24 32 35 47 51 49 49 49 51 50 43 43 46 37 42 37 48 48 39 36 32 32 34 35 37 45 39 38 32 42 47 47 36 32 29 29 28 32 43 61 53 56 68 68 63
17 16 18 20 23 31 40 41 56 49 50 44 37 32 25 20 16 14 14 13 13 12 12 13 15 12 12 12 12 13 12 14 15 15 14 14 14 12 12 14 16 21 25 29 23 19 16 15 16 16 20 29 39 44 47 52 50 49 51 51 50 41 32 34 32 36 32 36 33 29 35 43 36 43 35 43 45 43 39 36 33 42 47 49 44 33 44 41 29 38 41 39 52 59 48 49
16 17 16 17 20 23 26 32 39 43 40 40 26 22 20 18 16 14 14 13 13 13 12 12 13 12 10 11 11 10 10 11 11 11 14 11 11 12 11 11 14 24 25 23 19 15 15 16 16 17 25 32 35 45 48 50 48 49 51 52 52 50 37 29 32 34 28 28 36 38 43 49 40 43 45 48 46 45 42 44 36 38 44 48 48 47 51 48 31 26 27 38 38 38 34 43
16 16 16 17 18 19 22 26 33 33 33 40 26 22 23 17 15 14 12 12 11 12 12 12 12 11 10 10 10 11 10 11 14 14 15 11 11 11 11 11 11 15 16 16 15 14 19 16 16 18 25 35 34 38 43 46 47 47 51 51 51 52 43 31 27 27 25 32 44 45 49 49 48 45 48 48 47 46 45 46 41 36 44 45 47 48 50 49 47 37 29 27 26 26 30 30
15 16 16 16 17 17 18 20 24 25 29 33 30 20 20 17 16 14 13 12 12 11 11 11 12 12 14 13 10 10 11 14 18 18 15 14 11 12 12 11 12 12 14 19 15 15 20 19 22 28 23 21 25 29 33 37 43 44 42 48 47 48 43 30 30 34 31 47 49 48 54 52 52 48 48 48 46 46 46 46 46 38 39 44 45 47 48 49 51 51 43 44 46 43 36 26
15 14 15 16 17 16 17 19 21 23 26 30 30 21 18 16 16 15 14 13 12 13 12 12 12 12 15 16 11 10 10 13 18 22 15 14 11 11 14 12 12 12 13 15 15 16 21 20 27 32 32 29 26 23 30 31 36 42 35 42 45 45 32 25 33 43 39 52 49 52 52 52 51 50 48 48 47 46 45 45 46 43 43 40 44 44 48 49 50 50 49 50 52 53 51 37
14 14 14 15 15 16 17 17 19 21 31 39 35 24 20 16 16 15 14 13 13 15 15 16 15 14 15 14 14 13 10 12 16 22 17 14 11 14 14 14 15 15 16 16 16 22 22 22 32 36 36 35 32 22 24 30 36 33 32 36 46 46 33 26 26 37 42 49 49 54 52 53 52 50 48 47 46 46 46 46 46 44 43 41 44 45 46 49 49 49 49 51 52 52 53 55
15 15 14 15 15 15 15 16 17 20 25 38 38 26 21 18 18 16 15 15 14 15 19 16 13 12 12 13 13 14 11 11 14 18 15 14 13 15 15 15 18 18 19 18 19 25 23 26 36 38 36 36 28 26 19 30 34 28 36 45 47 42 40 30 25 31 40 48 48 54 52 52 51 50 47 47 47 46 46 46 46 44 44 43 43 44 44 45 48 48 50 51 52 51 52 53
15 16 15 15 15 15 15 15 17 21 24 31 26 23 25 21 19 17 16 16 15 16 20 15 11 11 12 12 12 14 11 10 11 15 15 14 14 15 18 18 19 20 19 19 22 26 26 28 34 34 38 36 35 33 23 27 28 27 34 33 39 46 42 29 24 32 49 51 51 53 52 51 51 49 47 47 47 46 46 46 46 44 44 43 43 43 44 43 44 46 49 50 51 50 51 53
15 16 17 17 17 15 14 14 14 16 19 26 23 20 23 21 17 16 16 16 15 16 16 12 10 11 12 12 14 15 11 10 10 11 14 14 15 16 18 20 24 23 22 19 20 25 29 35 33 36 38 38 35 29 27 23 22 23 29 30 36 45 35 27 23 35 51 50 56 52 52 51 50 48 47 45 46 46 45 45 46 44 43 43 43 43 43 44 43 44 48 49 49 49 49 49
15 22 20 20 19 17 14 14 14 13 16 21 23 19 17 16 15 15 15 15 16 16 12 11 11 12 13 14 15 15 11 10 11 11 14 14 15 17 19 22 25 28 24 21 20 23 32 38 41 39 38 37 36 36 34 27 22 27 23 28 33 36 32 25 24 36 49 48 51 48 49 51 50 48 48 45 44 44 44 44 44 44 43 44 43 43 43 44 44 44 46 49 49 49 48 48
20 28 27 20 17 15 15 14 13 13 15 17 22 19 15 15 15 15 15 16 15 12 11 12 12 13 16 16 16 12 11 11 12 14 15 15 15 17 19 22 25 28 26 23 20 21 24 29 34 39 38 36 36 36 31 30 24 33 30 23 24 25 25 22 31 37 40 46 50 47 47 50 49 48 49 46 44 44 44 44 45 44 44 43 43 43 44 45 44 44 44 44 45 47 47 47
19 29 33 22 17 17 17 15 13 13 13 16 23 19 14 13 15 16 16 16 16 12 12 12 12 13 17 17 16 12 10 8 11 15 17 15 15 16 18 21 23 26 24 22 21 20 20 22 24 29 33 37 37 33 36 35 31 30 31 31 32 28 28 27 28 31 36 45 49 47 45 48 50 49 49 48 49 46 44 43 44 44 42 42 43 43 44 44 44 43 43 44 44 45 47 47
13 18 18 17 16 18 19 20 17 13 13 13 19 21 14 13 14 16 17 21 20 16 14 12 12 16 21 20 16 12 10 8 11 13 15 16 15 16 18 21 22 24 23 22 22 20 21 21 20 23 27 36 39 37 36 34 28 32 34 33 32 30 28 34 35 36 41 45 48 47 44 48 52 50 48 48 49 48 48 45 44 46 43 43 43 43 43 43 43 43 43 43 43 45 47 48
11 11 13 13 15 15 17 19 20 16 14 15 18 18 13 13 15 20 22 29 24 18 17 15 14 15 17 20 17 13 11 8 11 11 14 18 17 16 17 20 22 22 22 23 23 20 22 21 21 22 27 36 40 39 37 32 35 36 34 35 34 29 32 37 40 40 40 43 45 46 44 48 50 50 50 48 48 50 51 47 47 47 42 43 43 43 43 43 42 43 44 44 45 45 47 48
10 11 14 14 15 15 15 17 19 20 22 19 16 13 13 13 16 23 25 35 31 21 20 17 16 16 17 18 18 12 11 8 8 11 15 20 19 17 16 18 20 22 26 28 23 20 20 21 21 22 23 27 36 38 37 37 37 35 34 34 31 31 35 41 41 42 42 42 42 43 44 50 50 49 48 48 49 49 50 48 47 47 44 42 42 43 43 44 43 44 45 45 44 45 49 50
11 13 15 15 15 15 15 17 21 26 28 19 15 13 13 14 16 21 24 34 30 24 22 21 17 16 17 17 17 12 11 8 8 12 15 23 20 18 18 18 20 22 26 32 25 20 21 21 22 22 22 24 28 32 38 42 40 37 36 33 32 33 38 40 38 39 39 39 42 42 44 50 48 47 45 46 49 51 49 47 45 45 46 43 43 44 46 46 45 48 47 46 46 46 49 50
12 15 16 16 16 16 16 18 24 39 33 20 15 13 13 14 14 18 21 28 26 25 21 19 18 17 17 17 14 13 11 8 8 12 15 19 20 19 18 19 20 22 28 37 28 23 22 22 22 22 22 24 25 27 37 42 38 33 32 32 34 35 37 38 39 40 40 40 40 42 42 44 47 46 45 45 49 48 46 46 45 45 44 42 44 46 46 48 48 49 49 48 48 50 52 51
14 17 18 20 18 17 18 18 20 24 26 24 19 15 13 13 13 15 17 21 25 26 21 18 18 17 17 16 13 12 11 8 8 11 12 17 19 19 18 19 20 23 29 35 29 25 23 21 22 22 23 24 24 25 33 35 33 31 31 31 33 37 37 38 38 40 41 42 39 37 38 41 48 46 45 43 45 49 47 47 46 45 46 46 46 46 47 49 49 48 49 50 51 51 51 53
12 18 18 18 20 18 18 18 19 21 27 27 25 18 13 13 13 14 17 21 25 25 21 17 17 16 17 16 13 12 11 8 8 8 11 15 19 19 19 19 21 23 27 32 35 33 26 22 21 23 23 24 25 26 28 32 30 30 31 32 33 35 38 39 40 40 41 40 39 37 36 37 42 47 45 43 45 48 48 46 45 45 46 45 44 46 47 49 49 50 50 51 51 52 54 55
14 14 14 17 20 20 18 19 20 21 24 27 25 17 14 14 14 15 18 22 26 22 20 17 16 14 14 14 14 12 11 9 8 8 11 12 16 19 19 21 21 23 23 27 36 33 28 24 23 23 23 25 28 28 28 31 30 32 32 34 34 37 41 41 41 40 39 37 39 40 39 36 38 46 45 41 43 44 49 47 46 45 44 43 45 46 47 50 50 51 52 52 54 56 57 57
9 11 12 14 18 22 20 21 21 22 26 28 22 17 14 15 17 19 23 27 26 22 21 17 14 14 14 14 14 14 12 11 9 8 10 12 16 19 23 23 23 23 23 23 28 33 27 24 23 24 24 26 29 31 28 28 30 33 36 36 38 41 41 40 41 38 38 36 38 40 39 40 39 42 38 37 39 43 47 46 44 44 43 43 45 48 48 49 52 51 52 55 56 56 56 61
7 8 11 14 18 22 22 22 23 27 27 27 20 18 17 18 20 23 26 25 25 25 22 18 14 14 14 13 14 17 16 14 12 8 10 12 15 19 23 21 21 20 20 23 27 32 26 24 23 24 25 27 29 34 31 28 28 33 38 41 39 39 40 40 40 38 37 37 40 43 41 41 37 35 35 36 38 43 43 43 43 41 42 42 44 48 49 49 53 53 54 55 57 57 57 58
7 7 8 12 15 19 20 22 26 30 29 24 22 22 23 30 35 30 25 23 23 23 20 19 14 13 14 14 16 19 21 16 12 9 9 12 15 20 25 20 20 21 21 21 24 30 27 24 23 24 26 27 29 34 31 28 28 29 34 39 38 37 37 40 40 39 37 37 39 41 41 39 36 37 36 36 39 43 43 43 41 41 41 42 44 46 48 50 53 55 56 56 57 58 58 58
7 7 8 11 14 18 19 23 26 26 26 23 23 26 32 35 35 30 24 23 22 21 20 21 14 13 13 14 16 19 19 15 13 9 9 12 14 18 22 20 20 20 20 21 23 26 25 25 25 25 26 28 28 31 29 30 28 28 32 37 36 35 37 37 38 38 38 37 40 42 41 40 38 36 37 37 38 44 44 41 39 39 39 39 42 45 48 50 54 55 58 58 58 59 58 58
6 7 8 11 13 15 19 24 22 21 20 19 22 29 34 32 30 27 25 23 21 21 19 20 14 13 12 13 14 16 15 15 12 9 9 12 13 16 20 20 20 20 20 20 20 23 24 26 25 27 28 28 28 28 28 28 28 27 33 36 34 33 35 37 36 39 39 37 40 41 41 41 40 38 34 34 35 38 38 38 37 38 39 41 42 45 46 51 55 56 60 59 59 58 59 59
6 7 9 13 14 17 19 19 17 15 15 19 23 32 31 31 27 26 24 22 21 19 19 18 14 12 12 12 14 15 15 14 10 10 9 12 13 16 20 21 20 18 19 20 21 21 22 25 27 33 34 37 33 30 28 28 26 27 28 31 33 35 37 36 36 37 38 38 38 40 41 41 40 38 38 40 39 35 35 38 39 40 41 42 42 43 47 50 54 56 58 60 60 59 60 60
5 6 8 14 14 19 21 15 13 13 15 19 27 33 31 31 26 24 22 21 20 19 18 18 14 13 13 13 14 15 13 13 9 10 10 12 13 16 17 23 20 18 18 18 20 21 24 26 28 34 43 41 33 32 28 27 26 28 29 30 33 36 37 34 33 36 36 37 38 40 41 42 41 40 40 43 40 37 36 39 42 42 44 44 44 43 46 49 53 57 58 60 60 61 61 61
6 7 7 8 13 14 15 13 11 12 14 21 28 29 28 27 22 22 24 20 19 19 17 18 15 14 13 13 13 14 13 10 9 9 9 12 14 17 17 21 21 18 18 18 19 21 21 26 31 35 46 40 34 30 28 26 26 28 31 33 33 33 36 34 34 36 36 37 37 39 40 41 44 42 43 41 41 39 36 37 40 42 46 46 45 44 44 46 50 54 55 59 60 61 61 63
6 6 7 8 10 10 10 9 9 12 17 24 27 28 23 20 20 20 20 20 17 16 15 16 15 15 13 13 13 14 14 9 9 10 10 11 14 17 17 21 20 18 18 18 19 21 21 25 31 33 40 36 31 29 27 25 25 30 32 33 30 30 32 32 36 37 37 38 39 38 40 42 45 44 44 41 41 40 38 38 39 40 43 46 47 44 43 46 46 48 53 57 59 60 60 63
8 7 7 7 8 8 8 8 10 14 23 30 21 23 19 18 18 16 16 16 16 16 16 15 14 13 13 13 12 13 10 9 10 10 10 10 13 14 17 21 21 18 18 18 18 19 22 26 35 40 37 35 32 29 26 26 25 26 26 29 31 30 32 34 39 41 39 39 41 40 41 42 46 49 46 44 41 40 40 39 39 38 40 41 44 44 43 43 44 46 49 51 56 60 61 56
8 10 8 7 7 8 10 10 11 15 27 28 18 16 16 16 15 15 15 15 16 16 15 14 14 13 13 12 10 10 9 9 9 10 9 10 10 13 14 18 21 21 18 18 19 19 22 24 31 35 37 35 32 28 26 24 23 23 28 33 35 33 33 37 43 43 42 40 41 42 41 44 45 45 45 42 40 40 39 40 37 38 39 39 41 44 44 43 43 44 45 47 50 51 53 54
11 8 7 7 8 10 11 11 14 18 27 24 16 15 15 13 13 13 13 13 14 14 14 14 13 13 13 13 10 10 9 9 9 9 10 10 10 12 14 17 18 19 21 18 19 19 21 23 28 30 37 37 36 32 27 23 23 23 26 32 36 33 33 36 38 39 40 42 41 40 41 44 46 45 42 41 41 39 40 40 37 37 37 38 40 42 43 43 42 42 41 42 46 49 51 60
10 9 7 7 8 11 15 17 17 22 29 19 15 13 12 11 11 11 11 11 12 13 15 15 13 13 14 14 13 10 10 9 9 9 10 10 10 11 14 14 15 18 20 18 18 19 20 22 23 30 32 41 35 32 26 24 23 23 26 31 37 35 34 32 34 36 40 40 38 39 39 43 46 46 44 41 40 40 40 41 39 39 41 40 41 41 42 42 43 45 44 45 46 46 43 48
10 8 7 8 10 22 30 32 26 22 19 15 12 11 10 10 9 10 10 11 12 13 14 13 12 12 13 13 13 13 13 10 9 9 10 10 10 10 12 14 14 15 15 15 16 19 19 21 23 26 32 37 32 32 27 23 23 21 23 28 33 36 33 31 31 34 36 34 35 39 42 42 43 44 43 42 40 40 40 41 41 41 42 42 41 42 42 44 47 48 48 48 50 47 41 42
11 12 10 11 13 17 27 28 22 19 16 12 11 12 15 13 9 9 9 10 13 15 15 13 12 10 12 13 13 13 13 10 9 9 9 10 10 10 10 12 12 14 14 14 16 19 19 19 22 23 32 38 34 30 26 23 22 20 23 25 31 35 34 32 31 31 32 33 36 38 42 43 43 43 41 43 43 42 39 40 40 41 42 42 43 43 42 43 47 50 51 56 56 47 41 39
8 9 10 11 11 14 16 16 16 16 12 11 14 16 16 11 9 8 9 10 15 18 16 13 11 10 11 13 13 13 13 11 10 10 9 9 9 10 10 10 12 12 14 14 15 17 19 20 21 23 26 32 32 27 23 22 20 20 21 23 26 31 34 33 32 32 32 36 36 39 40 41 41 38 38 42 43 42 41 40 40 41 42 42 43 43 42 43 44 49 53 58 59 53 42 37
7 7 8 8 11 11 11 11 12 12 11 9 9 10 9 9 8 9 10 12 15 16 14 13 10 10 13 13 13 12 12 12 11 10 11 12 10 10 12 12 13 13 14 15 17 16 17 19 20 22 23 26 28 26 26 25 22 20 19 22 26 29 32 32 32 30 32 32 36 38 39 39 39 38 39 40 40 41 42 41 41 42 42 43 43 44 44 43 44 49 52 58 62 59 48 40
5 7 7 7 7 8 9 8 8 9 9 8 8 8 8 8 9 9 12 14 16 15 13 12 10 10 12 13 13 11 11 12 12 13 14 12 10 8 11 13 13 14 15 15 17 16 17 18 19 20 22 23 23 26 27 28 25 20 19 20 26 29 29 30 27 27 31 30 33 35 35 37 36 35 36 37 39 40 41 41 43 43 48 43 43 44 45 44 44 47 50 55 59 60 53 43
4 4 4 4 5 5 7 8 6 6 7 8 7 7 7 7 9 10 15 16 16 14 13 10 10 9 11 13 10 10 10 11 13 14 14 12 10 8 9 10 13 18 18 18 18 17 17 18 19 20 20 23 23 24 24 26 25 19 19 20 23 24 26 24 23 26 28 30 33 32 33 35 33 33 36 38 38 39 40 40 42 44 48 46 44 44 46 45 45 46 48 52 56 55 56 51
4 4 4 4 4 4 4 5 6 6 5 6 6 6 6 7 9 12 21 21 17 14 13 10 10 9 10 10 10 10 10 10 12 13 15 14 10 9 8 10 12 15 20 22 20 18 16 17 18 19 20 21 23 23 23 21 19 19 19 19 21 21 22 22 23 29 29 30 30 30 29 30 33 33 36 38 39 41 39 39 41 45 49 46 45 46 47 47 46 45 47 49 50 53 54 53
4 3 3 4 4 4 4 4 5 5 5 6 6 6 8 7 8 10 14 17 19 15 12 10 9 9 9 9 9 9 10 10 10 12 13 10 10 8 8 9 10 14 16 19 19 18 17 16 17 17 19 20 20 22 20 19 18 16 17 21 21 19 22 23 25 29 29 29 29 27 27 27 29 33 35 37 38 42 41 38 40 47 50 49 46 49 48 51 49 45 45 48 47 47 47 48
6 7 4 4 4 4 4 4 5 5 5 6 6 6 9 7 7 9 14 18 14 15 10 9 8 9 9 9 9 9 9 10 10 10 10 10 9 8 8 8 9 11 12 14 15 17 16 16 15 17 18 17 20 21 19 18 16 16 19 23 23 22 22 24 27 26 25 26 28 26 23 27 32 34 33 34 36 37 39 38 39 43 48 49 49 51 52 52 49 45 45 46 46 44 44 47
6 4 4 4 4 4 4 4 4 5 5 5 6 6 6 6 7 8 10 14 13 10 9 7 8 9 9 10 9 9 9 9 9 10 9 9 9 8 8 8 8 9 10 12 14 15 14 14 15 17 16 17 18 19 19 18 18 16 19 21 23 26 26 26 25 23 23 25 23 22 26 28 32 34 34 36 36 36 36 37 40 41 45 44 50 54 55 53 49 45 44 42 42 42 41 43
6 6 7 5 8 8 5 4 4 5 5 5 6 6 6 6 6 7 9 13 10 9 7 7 7 9 10 11 13 10 9 9 8 10 10 10 10 10 9 9 9 8 9 10 11 14 14 12 14 15 15 16 18 19 19 19 21 18 15 18 19 23 24 26 26 23 22 19 22 22 28 29 33 33 33 35 36 36 36 37 39 40 41 42 49 55 55 54 51 46 43 42 41 40 40 42
