inputs/cropped_bioclim_tortoise/wc2.1_2.5m_bio_14_band1.asc
ncols        480
nrows        504
xllcorner    -120.000000000000
yllcorner    24.000000000000
cellsize     0.041666666667
[rows 116 to 173 of 504, columns 288 to 383 of 480]
25 27 28 29 30 30 31 32 33 33 35 37 36 36 37 39 40 39 38 40 40 42 39 36 31 28 26 33 40 38 33 39 39 39 37 30 24 20 20 25 22 26 35 35 36 36 34 33 31 30 30 29 31 35 40 43 44 38 33 30 26 23 20 20 16 15 15 14 14 13 13 12 12 12 11 11 10 10 10 9 9 9 8 8 8 7 7 7 7 6 6 6 6 6 6 6
24 26 27 28 29 30 31 31 32 33 34 35 35 35 38 38 39 40 39 40 43 43 41 38 33 30 26 28 35 33 36 36 37 37 37 35 34 23 22 22 20 22 28 30 33 31 29 30 28 27 29 31 32 32 33 37 43 43 33 30 27 24 21 18 16 15 15 15 14 14 13 13 12 12 11 11 10 10 10 9 9 9 9 8 8 8 7 7 7 7 6 6 6 6 6 6
24 26 26 27 28 30 31 31 31 32 33 33 34 34 35 36 36 38 42 42 44 42 40 38 36 33 30 27 27 27 34 34 32 35 36 37 32 18 14 16 16 18 21 23 27 27 30 31 30 27 30 31 32 35 36 41 46 41 35 30 27 24 21 18 16 15 15 15 14 14 14 13 13 12 12 11 11 10 10 9 9 9 9 8 8 8 8 7 7 7 7 7 6 6 6 6
24 26 26 27 28 29 30 31 31 31 32 33 33 34 35 38 38 36 38 43 42 41 40 39 37 33 31 31 30 27 33 31 34 34 32 31 30 25 17 21 20 22 23 24 25 27 31 31 29 28 29 29 30 34 38 44 47 40 32 30 26 23 18 17 16 16 16 16 15 15 14 14 13 12 12 11 11 11 10 10 9 9 9 9 8 8 8 8 7 7 7 7 7 7 6 6
25 27 28 28 29 29 30 30 31 31 32 33 33 33 35 38 41 39 38 42 42 40 41 38 34 32 35 36 35 25 23 27 34 33 23 17 26 30 22 20 26 29 26 25 27 29 30 32 31 29 28 28 29 30 35 45 40 35 31 27 25 23 21 19 17 16 16 16 16 15 14 14 13 13 12 11 11 11 10 10 10 9 9 9 8 8 8 8 8 7 7 7 7 7 7 7
26 27 27 28 29 29 30 30 30 30 31 32 35 36 36 38 41 41 41 42 39 37 35 32 29 26 27 30 27 20 19 23 24 22 18 19 25 32 27 21 27 32 29 27 28 29 30 32 34 32 30 28 29 30 34 44 37 31 30 27 25 24 22 18 16 16 15 16 15 15 15 14 14 13 12 12 11 11 11 10 10 9 9 9 9 8 8 8 8 8 8 8 7 7 7 7
26 27 27 28 28 29 29 29 29 30 30 31 35 34 36 39 36 38 41 41 40 38 34 31 25 22 21 20 19 19 18 19 25 19 24 26 25 31 30 25 25 29 32 30 28 28 30 32 36 37 31 31 30 31 36 43 34 31 30 28 26 27 25 22 19 15 14 15 15 15 15 14 14 13 12 12 11 11 11 10 10 10 9 9 9 9 8 8 8 8 8 8 8 8 7 7
26 27 27 27 28 28 28 28 28 29 30 31 31 32 32 34 34 37 37 37 40 40 32 28 27 22 21 21 20 22 26 21 18 27 33 33 30 33 33 29 28 25 29 34 32 29 29 34 42 41 36 40 37 38 40 45 38 33 31 30 27 26 24 21 17 14 14 15 15 15 15 14 14 13 12 12 11 11 11 10 10 10 9 9 9 9 9 9 8 8 8 8 8 8 8 7
26 26 26 27 28 28 28 28 28 29 29 30 32 36 33 36 35 34 32 30 32 32 29 24 21 21 30 30 31 30 28 26 24 20 26 33 35 34 38 33 31 28 27 26 28 30 31 32 40 41 43 42 41 42 45 40 33 30 29 26 25 25 24 23 16 14 14 15 15 15 14 14 14 13 13 12 12 11 11 10 10 10 9 9 9 9 9 9 9 9 8 8 8 8 8 8
26 26 26 26 27 27 27 27 27 27 28 28 32 36 36 38 36 35 35 32 27 26 25 22 20 25 33 34 34 30 26 21 24 27 26 27 31 33 38 42 39 34 30 27 25 28 36 31 34 38 43 42 39 38 34 29 29 25 24 25 21 19 19 16 14 13 14 14 15 15 15 14 14 13 13 12 12 11 11 10 10 10 9 9 9 9 9 9 9 9 9 9 9 9 8 8
25 26 26 25 25 26 25 26 26 26 27 28 30 35 35 37 36 35 32 32 29 25 23 21 20 24 27 27 31 29 22 18 20 31 33 31 30 31 34 38 43 41 35 29 26 27 38 35 41 43 44 42 44 41 35 30 33 29 23 21 23 20 16 15 14 13 13 14 14 15 15 14 14 13 13 12 12 11 11 10 10 10 10 9 9 9 9 9 9 9 9 9 9 9 8 8
25 25 25 26 25 26 26 27 26 27 27 26 28 31 31 35 36 32 34 31 27 24 23 21 20 20 20 20 19 20 23 21 20 28 31 32 32 30 31 36 40 43 40 34 29 25 31 40 39 43 41 39 36 37 33 31 31 29 30 31 28 22 19 14 13 13 12 13 14 14 14 14 14 14 13 12 12 11 11 10 10 10 9 9 9 9 9 9 9 9 9 9 9 9 8 8
25 25 25 25 26 26 26 27 27 28 28 28 26 27 28 32 32 31 29 29 27 24 23 21 19 16 15 16 16 18 24 26 21 19 21 23 29 29 28 29 30 33 40 41 35 25 25 30 35 39 41 44 45 42 38 36 36 34 31 24 19 20 16 13 13 13 12 13 14 14 14 14 14 13 13 12 12 11 10 10 9 9 9 9 9 9 9 9 9 9 9 9 9 8 8 8
24 24 25 25 24 24 25 26 27 27 27 27 27 29 26 26 27 26 26 25 25 24 22 21 19 18 20 21 19 19 23 28 27 24 29 27 27 24 29 31 33 29 34 39 35 26 23 24 26 30 34 38 42 44 40 41 43 37 30 23 18 18 16 13 13 13 12 12 14 14 14 14 14 13 13 12 11 11 10 9 9 9 8 8 9 9 9 9 9 9 8 8 8 8 8 8
24 23 23 23 23 22 23 23 25 25 26 27 27 28 29 29 28 27 26 25 26 26 25 24 22 23 31 31 28 24 28 31 32 32 31 34 31 28 28 31 33 32 34 36 30 28 24 26 27 35 40 38 42 34 35 38 41 40 34 31 28 25 20 15 14 14 12 12 13 14 14 14 14 13 12 12 11 10 9 8 8 8 8 8 8 9 9 8 8 8 8 8 8 8 8 8
23 22 21 21 21 22 22 23 24 25 27 27 27 26 26 25 29 26 25 25 25 25 25 27 32 29 27 32 34 30 31 32 35 38 35 38 34 30 27 28 30 34 34 33 31 36 26 25 28 31 39 41 38 32 28 31 37 34 27 19 21 19 21 19 14 14 13 12 12 13 14 13 12 12 12 11 11 10 9 8 8 8 8 8 8 8 9 8 8 8 8 8 8 8 8 8
21 21 21 22 24 24 24 24 25 25 26 25 25 25 23 24 28 27 25 24 24 24 25 26 33 35 31 30 31 32 31 34 36 41 39 40 39 35 30 27 31 35 37 34 32 38 29 28 33 34 39 39 31 29 28 23 32 33 24 19 15 15 13 12 13 13 13 12 12 13 13 13 12 12 12 12 11 10 9 8 8 8 8 8 8 8 8 8 8 8 8 8 8 8 8 8
24 23 23 23 22 24 24 25 26 26 25 24 21 21 22 23 25 27 27 25 24 23 25 30 30 33 36 36 36 35 34 34 34 37 41 39 43 35 29 30 28 32 39 35 36 44 32 30 38 39 33 30 28 27 29 32 25 17 13 16 14 12 11 10 11 11 12 12 12 13 12 12 12 12 13 12 11 10 10 9 8 8 8 8 8 8 8 8 8 8 8 8 8 8 8 8
23 24 26 27 23 22 23 24 25 25 22 20 21 20 20 21 23 25 27 27 25 24 24 28 27 26 28 32 32 33 33 32 33 35 40 41 35 31 34 31 29 34 34 35 42 44 33 38 35 37 30 23 20 20 28 31 33 32 24 15 12 10 10 10 10 11 10 12 12 12 12 12 12 12 13 13 11 11 10 9 9 8 9 8 8 8 8 8 8 8 8 8 8 8 8 8
22 26 26 24 23 22 22 22 24 24 21 19 19 19 20 20 21 23 25 25 24 24 23 23 26 29 30 29 29 29 28 29 31 32 33 38 37 39 35 30 30 36 35 37 45 44 34 40 34 29 26 19 17 17 21 19 25 33 33 28 18 12 10 10 9 10 10 12 12 12 12 12 12 12 12 12 11 11 10 10 9 9 9 8 8 8 8 8 8 8 8 8 8 8 8 8
22 21 21 22 21 20 21 21 21 21 22 19 18 19 23 21 21 24 24 24 24 25 25 25 24 26 29 30 33 32 33 32 30 31 34 38 38 38 33 29 30 33 31 41 43 39 30 34 31 27 21 18 16 15 15 14 22 30 28 28 23 24 15 11 14 11 11 12 11 12 12 12 12 12 12 11 11 11 10 10 9 9 9 9 8 8 8 8 8 8 8 8 8 8 8 8
23 23 23 23 22 22 21 20 18 19 18 20 18 16 25 24 20 22 24 31 33 27 26 25 26 27 25 28 31 33 35 36 34 33 33 36 37 32 29 28 29 31 37 42 38 32 27 28 26 20 20 16 15 15 15 12 14 21 30 26 25 25 23 19 10 9 11 11 11 13 12 11 11 11 11 11 11 10 10 10 9 9 9 8 9 8 8 8 8 8 8 7 7 7 7 7
22 23 22 22 21 20 20 19 18 17 17 17 16 16 26 25 21 20 23 24 35 31 29 30 29 29 28 28 30 31 32 35 38 37 38 37 40 33 29 28 28 30 35 45 42 31 27 26 21 18 21 15 15 17 17 12 11 11 21 29 33 20 17 10 8 10 10 10 11 12 13 12 12 11 11 10 10 10 10 9 9 9 9 8 8 8 8 8 7 7 7 7 7 7 7 7
21 21 21 21 19 20 19 18 17 17 21 19 16 17 21 28 19 20 23 30 32 36 36 31 32 31 30 29 30 31 33 34 39 40 39 41 45 36 28 27 27 29 35 43 39 32 27 23 19 16 18 12 13 15 13 12 12 17 18 12 16 26 14 8 8 9 9 10 10 11 13 14 13 11 10 10 10 10 10 9 9 9 9 9 8 8 8 8 7 7 7 7 7 7 7 7
21 21 22 24 22 24 26 23 20 16 16 17 19 21 18 18 21 21 22 34 33 36 41 35 39 36 31 31 32 30 35 38 39 39 43 42 40 36 30 27 24 28 34 41 39 29 27 20 17 14 12 10 12 13 12 12 13 20 21 14 9 17 17 8 8 8 9 9 9 10 12 14 13 12 10 10 10 10 10 9 9 9 9 9 8 8 8 8 7 7 7 7 7 7 7 7
24 26 25 28 25 24 27 27 22 17 16 17 19 21 22 22 18 21 24 32 35 38 38 37 39 34 35 31 32 33 34 35 36 38 39 41 42 44 33 27 24 27 34 38 35 27 22 19 13 12 10 10 9 11 11 9 11 18 20 11 9 9 12 8 8 10 9 9 10 10 13 15 14 12 10 10 10 10 10 9 9 9 9 9 8 8 8 7 7 7 7 7 7 7 6 7
29 29 27 27 27 27 28 27 23 17 17 17 19 21 22 22 23 31 27 26 29 31 35 37 39 36 37 39 33 36 38 39 40 39 40 36 36 35 30 30 25 22 28 36 32 26 22 17 12 10 9 8 8 8 9 8 8 8 11 19 10 8 8 9 9 11 11 11 12 11 12 15 14 12 10 9 10 10 10 9 9 9 8 8 8 8 8 7 7 7 7 7 7 7 7 7
26 24 25 21 22 26 23 24 27 20 18 20 17 18 22 22 21 32 34 30 35 38 35 35 38 37 39 42 34 38 37 37 41 41 39 40 43 43 40 37 27 22 23 34 34 31 28 18 11 8 8 7 7 6 7 6 7 7 9 14 10 8 8 8 10 12 12 12 13 13 11 14 15 14 10 10 9 9 10 10 10 9 8 8 8 8 8 8 8 7 7 7 7 6 6 6
21 21 20 20 20 20 19 20 19 19 20 21 19 17 20 22 22 23 26 26 32 35 33 33 34 38 40 38 40 38 36 33 33 37 39 41 38 37 37 40 37 29 19 24 32 35 28 17 11 7 6 6 8 7 7 7 6 7 7 11 13 8 8 8 9 10 12 13 12 13 12 13 14 14 11 9 9 9 9 9 8 8 8 8 8 7 7 7 8 7 7 7 6 6 6 6
20 20 21 21 21 20 19 20 19 20 22 22 22 22 22 22 22 23 26 24 29 34 30 31 30 31 33 33 36 37 38 34 32 31 33 39 40 42 42 42 42 38 24 13 19 28 24 18 12 8 8 8 7 9 8 8 8 8 7 7 10 9 9 9 9 10 11 12 13 15 15 12 14 15 11 9 9 9 9 8 8 7 8 8 7 7 7 7 7 7 7 7 6 6 6 6
16 18 20 20 20 21 20 20 22 21 21 22 22 22 22 22 23 24 25 25 31 34 34 30 28 31 29 32 34 34 34 37 34 32 30 32 36 39 39 41 42 41 24 11 11 12 16 17 16 13 10 8 9 11 10 10 9 10 9 8 8 10 10 10 11 10 13 15 16 19 21 16 12 11 10 9 9 9 9 8 8 8 7 7 7 7 7 7 7 7 7 7 6 6 5 6
14 16 18 19 20 20 20 20 19 19 20 21 22 21 23 23 23 29 32 28 28 30 31 30 29 28 29 32 31 34 32 33 35 32 29 30 32 34 37 39 42 36 23 11 8 11 12 14 13 18 11 10 10 11 11 12 11 19 19 16 13 12 11 10 11 10 12 14 17 29 37 25 15 12 9 9 9 9 8 8 8 8 7 8 8 7 7 7 7 7 6 6 6 5 5 6
12 14 15 17 17 18 18 18 19 19 21 23 22 22 32 29 23 24 26 29 32 30 31 30 33 30 27 29 34 33 31 35 35 32 30 31 31 37 39 37 36 31 23 10 8 7 9 12 14 16 16 12 12 12 14 17 15 13 18 14 12 11 10 10 10 10 12 14 17 25 32 27 21 17 11 9 9 8 8 8 8 8 7 7 7 7 7 7 6 6 6 6 5 5 5 5
11 12 14 15 17 17 17 18 18 20 21 21 27 25 26 24 24 25 29 33 28 27 27 27 30 33 29 27 32 30 31 29 30 32 31 33 33 39 41 39 36 38 36 17 9 7 8 12 17 16 14 12 14 16 17 19 18 11 9 11 10 11 10 10 10 10 12 15 18 19 22 25 26 18 11 10 8 8 8 8 8 8 8 8 7 7 7 6 6 6 6 6 6 5 5 5
11 12 14 16 17 18 18 18 18 19 20 21 21 23 30 27 29 28 33 37 33 30 26 24 27 28 27 24 26 26 28 30 35 36 34 35 35 41 42 40 39 38 36 19 10 8 7 9 16 20 13 11 13 17 22 22 13 11 10 10 12 13 10 10 10 10 11 13 16 18 16 18 20 17 13 11 8 8 8 8 7 7 7 7 7 7 7 7 6 6 6 6 6 6 5 5
11 12 13 15 17 18 18 19 19 19 19 21 22 26 28 32 30 28 32 38 35 31 28 24 24 26 29 24 26 27 29 33 36 40 37 40 38 41 39 36 41 39 40 25 13 9 7 9 22 20 15 12 11 13 16 15 12 12 11 9 10 12 10 10 9 10 10 12 14 16 15 16 16 16 12 9 8 8 8 8 8 8 8 7 7 7 7 6 6 6 6 6 6 6 6 6
11 12 12 14 18 19 19 19 19 19 19 20 26 30 31 27 24 30 31 34 32 29 30 25 23 21 23 22 26 29 29 35 37 37 33 35 34 39 40 40 44 44 43 30 15 9 8 9 14 18 20 14 11 11 14 13 11 11 10 9 9 10 10 10 11 11 9 11 14 14 14 15 15 12 10 9 8 8 8 8 8 8 7 7 7 7 6 6 6 6 6 6 6 6 6 6
11 11 12 15 16 18 20 20 20 19 19 21 24 27 30 25 25 28 29 29 29 28 26 24 22 17 17 22 25 28 30 29 30 30 32 30 32 35 40 42 42 40 40 26 15 9 8 9 12 13 18 12 12 17 25 25 24 16 10 10 9 9 10 10 11 10 9 10 13 12 12 10 11 10 9 9 8 8 8 8 8 8 7 7 7 7 6 6 6 6 6 6 6 6 5 5
10 11 11 12 15 17 19 20 22 21 19 20 22 26 27 24 22 25 25 25 26 25 23 23 18 17 19 21 21 24 25 25 25 27 30 31 32 35 37 40 37 34 25 17 13 9 7 7 8 12 21 11 17 22 18 13 19 15 10 10 10 8 9 9 9 9 9 10 12 11 10 9 10 9 9 9 8 8 8 8 8 8 7 7 7 7 7 6 6 6 6 6 6 5 6 5
10 10 10 11 13 16 18 21 20 21 21 24 26 26 24 26 20 21 23 22 23 20 17 17 15 15 18 17 18 19 20 22 22 27 28 28 28 29 31 37 36 32 29 18 12 9 8 7 7 9 10 8 11 15 14 11 12 12 11 11 10 9 8 9 9 8 9 9 10 9 9 9 9 9 8 9 8 9 8 8 8 8 7 7 7 7 7 6 6 6 6 6 6 5 5 5
11 10 10 10 12 15 17 19 23 24 22 25 25 24 23 23 18 18 18 17 15 14 15 14 15 15 17 18 17 18 18 19 18 20 25 29 29 28 28 34 37 38 36 30 18 15 17 16 9 8 7 7 9 13 13 10 10 10 9 10 9 9 8 8 9 8 7 8 8 8 8 8 9 9 9 9 8 8 8 8 8 8 7 7 7 7 7 6 6 6 6 6 6 5 5 5
13 12 11 11 12 15 18 20 20 19 19 19 21 22 20 20 19 17 16 15 15 14 15 16 16 18 19 23 19 17 17 18 17 16 18 19 28 28 24 32 35 38 43 36 21 17 22 31 23 17 10 7 7 9 12 8 8 8 8 9 9 10 9 8 9 8 8 8 7 8 8 8 8 8 8 8 9 8 8 8 8 8 8 7 7 7 7 6 6 6 6 6 5 5 5 5
17 14 13 12 13 16 19 23 23 24 20 17 19 23 23 22 20 19 16 17 16 18 16 16 21 22 24 24 23 18 19 21 23 21 19 20 22 23 21 29 32 34 37 30 22 21 14 17 33 37 20 10 7 7 9 8 7 8 9 10 11 10 11 9 9 9 8 8 8 8 7 7 8 8 8 8 8 8 8 8 8 8 8 8 7 7 7 6 6 6 6 6 5 5 5 5
20 18 16 15 14 15 18 23 26 26 20 21 20 24 24 24 23 21 19 19 18 22 21 21 23 24 27 27 25 22 23 23 27 29 26 29 29 28 27 29 30 36 37 36 37 35 20 12 14 30 43 21 10 7 7 8 8 8 10 10 10 10 10 10 13 11 8 8 8 8 8 8 8 8 8 8 8 8 8 8 8 8 8 8 7 7 7 7 6 6 6 6 6 5 5 5
24 22 20 18 16 15 19 24 30 27 21 27 24 27 27 26 25 24 19 20 21 21 25 26 27 26 30 32 27 24 29 31 29 30 32 35 37 32 34 36 31 32 41 36 32 40 25 12 9 10 24 27 14 11 10 9 8 8 10 11 10 10 11 11 13 13 10 8 8 8 8 8 8 8 8 8 8 8 8 8 8 8 8 8 7 7 7 7 6 6 6 6 6 5 5 5
27 26 24 22 20 18 19 24 29 32 26 28 29 29 29 30 28 24 18 21 19 17 22 26 29 29 33 35 28 24 24 26 31 34 34 33 31 34 36 35 28 29 36 35 24 33 23 13 10 8 9 20 34 24 26 15 9 9 11 10 10 10 11 11 12 13 15 11 9 8 8 8 8 8 8 8 8 8 8 8 8 8 8 8 7 7 7 7 7 6 6 6 6 5 5 5
29 28 27 25 22 19 18 22 26 29 29 29 32 32 30 34 31 19 20 25 25 22 22 26 29 30 32 29 25 24 28 28 27 30 33 29 26 27 27 26 20 21 25 31 30 19 17 11 9 8 8 10 26 42 45 29 14 10 10 11 11 11 11 12 12 12 16 17 12 9 8 8 8 8 8 8 8 8 8 8 8 8 8 8 7 7 7 7 6 6 6 5 6 5 5 6
28 30 28 27 24 22 19 20 22 26 30 30 33 36 33 34 25 23 27 30 30 26 23 27 28 29 30 26 27 27 26 26 28 31 30 27 21 20 22 16 12 16 23 21 25 18 18 16 11 7 7 9 15 27 41 42 25 13 10 10 10 11 11 13 14 14 15 18 13 10 9 9 8 8 8 8 8 8 8 8 8 8 8 8 8 7 7 7 6 6 6 6 5 5 5 6
29 29 27 23 23 22 20 23 24 28 32 35 37 39 36 35 26 25 36 39 35 31 25 26 29 31 28 30 31 28 26 27 30 31 28 25 18 16 19 13 14 11 15 11 16 22 11 8 7 7 7 8 10 22 35 45 39 18 12 10 11 11 12 13 15 16 15 15 18 14 11 9 10 9 8 8 8 8 8 8 8 8 8 8 8 8 7 7 7 7 6 6 6 5 5 5
29 29 29 27 25 27 23 28 30 29 36 40 40 43 40 37 27 27 41 42 38 34 29 25 32 32 34 35 32 31 33 32 33 30 26 20 17 21 19 14 16 13 7 6 6 6 7 6 6 6 7 7 8 15 32 43 45 27 13 11 11 11 12 15 16 20 22 19 18 17 13 10 9 8 8 8 8 8 8 8 8 8 8 8 8 8 7 7 7 7 7 6 6 5 5 5
30 31 31 30 30 30 29 25 32 34 36 43 42 41 40 37 26 29 39 37 35 29 26 29 35 40 38 36 33 34 33 33 33 29 26 23 24 30 29 25 25 21 10 8 5 5 5 5 6 6 6 7 7 9 25 35 43 40 23 13 11 11 11 13 14 17 23 25 21 17 14 10 9 8 8 8 8 8 8 8 8 8 8 8 8 8 7 7 7 7 7 6 6 6 6 5
31 34 38 38 35 38 38 29 34 41 41 40 37 35 33 30 26 34 41 33 32 32 32 36 35 45 43 38 37 37 31 30 30 33 29 31 33 33 32 34 33 21 13 7 5 5 5 5 5 6 6 7 7 7 9 17 33 47 37 22 13 11 11 12 13 15 20 26 28 27 17 13 10 9 8 8 8 8 8 8 8 9 9 8 8 8 8 8 7 7 7 7 6 6 6 6
30 32 33 38 40 41 37 37 33 41 41 41 39 43 40 37 33 31 38 36 36 41 42 39 43 44 45 42 42 37 35 32 33 38 37 34 36 32 30 33 31 15 9 6 5 5 5 5 5 6 6 6 6 7 7 9 22 47 46 33 16 12 12 12 13 14 16 18 27 25 18 13 11 10 9 8 8 8 9 9 9 9 9 8 8 8 8 8 8 7 7 7 7 7 6 6
31 30 30 32 33 37 42 37 39 41 42 43 39 42 42 36 29 38 40 36 39 44 43 43 42 44 41 47 43 39 39 34 39 43 42 38 33 29 28 31 19 12 7 5 5 5 5 5 5 5 5 6 7 6 7 8 14 33 43 38 24 15 13 13 13 15 14 16 21 29 29 20 12 9 9 8 8 8 8 9 9 9 9 9 9 9 8 8 8 7 7 7 7 7 7 7
33 32 31 36 40 42 40 39 39 42 39 44 42 37 35 34 40 38 37 34 36 41 44 37 38 35 37 42 42 44 42 41 45 43 39 39 33 28 23 27 17 11 7 5 5 5 5 5 5 5 5 6 6 7 7 8 9 18 39 32 33 21 14 12 13 14 12 12 13 17 25 30 18 10 8 8 8 8 8 9 9 9 9 9 9 9 9 9 8 8 7 7 7 7 7 7
41 37 33 36 37 41 36 37 41 39 36 43 43 44 44 43 41 36 37 34 31 39 42 37 28 26 31 33 35 40 40 43 42 40 38 34 34 28 23 17 12 9 6 6 5 5 5 5 5 5 6 6 6 6 7 7 8 9 18 29 38 22 14 11 11 13 11 10 10 11 15 23 16 10 8 8 8 8 9 9 9 9 9 9 9 9 9 9 8 8 8 8 7 7 7 7
37 36 35 37 43 38 36 34 35 38 41 43 40 44 42 39 38 35 33 32 27 30 40 36 23 24 24 22 28 36 39 41 42 32 30 28 30 28 23 14 10 7 6 6 5 5 5 5 5 5 6 6 6 6 6 7 7 8 10 14 20 22 15 12 10 9 9 10 9 9 10 15 15 9 8 8 8 8 8 9 9 9 9 9 9 9 9 9 9 8 8 8 8 8 8 7
33 35 38 43 41 40 40 38 37 44 42 41 38 41 36 32 39 33 32 29 26 24 29 28 31 33 38 26 26 31 37 36 39 34 24 19 27 20 15 12 9 7 6 6 6 6 5 6 5 5 6 6 6 6 6 6 7 7 10 10 20 23 14 12 10 9 8 8 8 8 8 11 9 8 8 8 8 8 9 9 9 9 9 9 9 10 9 9 9 9 9 8 8 8 8 8
