inputs/cropped_bioclim_tortoise/wc2.1_2.5m_bio_18_band1.asc
ncols        480
nrows        504
xllcorner    -120.000000000000
yllcorner    24.000000000000
cellsize     0.041666666667
[rows 462 to 503 of 504, columns 285 to 379 of 480]
443 447 457 492 454 457 474 503 507 523 545 582 590 573 573 595 616 557 541 543 537 530 533 554 567 554 554 541 538 507 498 482 471 480 476 477 469 472 464 458 454 449 441 436 433 438 439 430 428 412 399 384 369 354 347 338 335 330 333 339 351 337 328 317 316 317 204 203 202 199 201 198 186 185 189 196 199 205 209 207 205 201 196 192 193 192 184 173 166 156 144 136 134 135 138
428 434 438 447 458 458 470 486 501 514 532 551 558 554 556 588 616 557 538 539 533 532 529 529 559 561 547 534 529 515 503 487 484 501 483 476 475 472 467 463 465 467 455 453 442 435 431 421 418 413 409 396 382 363 348 339 334 330 331 335 354 356 345 316 202 203 202 202 201 196 193 196 189 182 185 183 185 190 202 207 204 200 196 190 188 190 188 179 170 163 150 143 146 147 152
415 418 421 425 440 460 482 487 489 500 518 549 554 559 558 551 577 566 539 538 564 558 527 532 572 562 555 554 555 538 509 502 502 509 504 491 475 481 479 470 467 469 468 465 452 439 428 418 408 402 418 409 395 378 366 345 338 338 332 329 340 356 348 312 306 200 200 200 200 198 195 197 193 180 183 176 175 180 192 201 204 200 196 191 185 184 184 180 173 164 155 147 148 151 168
399 405 409 417 428 440 458 483 487 490 509 540 554 560 559 547 551 584 552 538 542 552 533 527 578 571 559 640 563 539 522 529 528 501 497 491 490 497 485 479 474 472 480 474 459 447 437 423 409 402 419 430 410 401 405 377 350 339 340 351 348 343 332 307 303 197 198 198 197 195 192 193 195 181 177 172 169 172 180 193 202 202 197 192 184 177 175 177 176 167 152 145 141 146 164
386 389 395 403 414 429 444 474 473 487 508 533 555 561 565 560 546 543 543 554 541 544 540 532 544 563 573 561 560 543 539 548 543 522 503 483 511 502 496 490 488 485 482 486 478 460 444 431 416 411 399 425 434 422 416 376 351 342 338 353 376 354 323 302 298 297 196 195 195 194 191 187 193 184 176 182 170 163 174 180 196 201 196 190 182 175 168 170 169 165 151 142 140 138 145
372 378 382 387 397 420 443 449 461 486 527 537 550 562 571 564 557 556 561 554 555 570 551 536 546 575 575 567 570 558 549 545 547 530 533 475 499 504 512 503 499 490 486 486 478 475 462 447 430 428 403 409 425 428 422 366 343 334 332 367 397 399 358 306 296 293 193 193 193 192 188 185 185 184 176 186 176 161 164 172 191 199 191 184 181 177 169 161 158 157 147 140 145 135 139
357 366 375 377 383 399 425 444 469 498 513 535 546 561 574 573 568 551 548 558 560 561 553 546 535 545 564 580 576 567 567 565 553 547 494 498 529 527 522 517 507 503 496 489 483 482 481 467 444 435 416 415 402 403 395 362 329 334 331 378 426 427 403 321 294 291 190 190 191 191 186 185 185 183 187 188 176 162 159 172 183 184 186 171 177 180 170 164 160 152 145 140 144 134 134
460 353 368 388 382 400 429 448 485 513 533 542 547 560 578 582 584 563 563 587 566 562 555 555 552 580 592 592 587 584 575 572 571 534 457 538 538 545 534 492 516 516 511 504 496 493 489 481 463 446 427 407 392 381 363 342 318 332 346 366 430 428 411 345 298 293 288 187 189 187 186 186 187 186 185 186 175 165 160 168 173 173 180 162 162 181 177 170 170 158 148 141 138 134 132
447 343 364 412 388 397 419 450 475 503 524 542 554 555 570 582 585 586 589 591 580 571 580 554 591 606 609 589 604 590 576 585 577 564 465 318 318 327 314 340 530 523 519 512 506 502 495 484 473 453 436 418 389 364 344 329 316 318 337 346 383 429 411 355 306 294 287 185 185 186 187 185 188 187 182 187 184 173 166 156 151 168 172 159 152 173 181 171 166 158 151 143 138 135 133
433 450 355 372 380 397 416 442 470 485 514 540 551 556 563 577 592 588 589 600 577 591 577 566 554 561 598 559 583 540 550 518 481 467 323 319 324 332 337 338 335 546 537 525 517 514 501 489 479 470 462 442 429 375 347 332 323 315 308 315 352 419 405 335 304 288 284 282 280 280 301 289 186 193 186 187 191 177 169 162 156 154 154 145 144 155 175 175 164 162 156 149 142 139 136
419 435 335 351 371 397 414 434 459 493 497 516 544 554 552 571 582 578 577 590 593 594 579 575 568 549 571 541 546 507 499 507 530 560 609 600 598 584 560 556 555 533 535 534 527 517 505 498 484 475 463 459 450 411 371 348 326 319 314 307 312 334 339 316 300 284 283 284 282 288 300 319 303 292 193 190 200 200 180 178 169 160 147 142 142 148 162 181 171 169 164 155 149 143 139
407 424 322 338 367 398 410 419 443 461 476 509 529 555 553 567 581 575 581 589 596 599 576 561 569 562 546 533 523 549 604 568 535 572 589 612 620 611 594 570 584 581 562 555 549 537 517 503 491 479 467 464 458 444 397 362 344 328 318 315 307 311 319 304 298 295 301 290 285 298 309 345 331 295 194 192 205 323 326 306 185 175 159 148 143 144 154 179 176 171 161 159 154 146 141
397 416 319 327 369 393 401 414 419 438 466 482 524 552 559 555 558 572 587 594 580 593 573 567 564 562 548 538 561 600 565 509 514 624 643 633 631 629 612 609 603 594 585 576 566 551 536 521 510 505 483 463 455 452 430 399 392 365 354 338 313 306 309 297 294 304 307 292 290 312 347 374 374 304 195 191 196 317 344 328 311 181 168 154 147 145 150 165 166 161 164 155 152 147 143
387 416 321 328 351 398 394 394 411 424 447 455 495 536 556 557 551 560 578 592 591 580 574 599 600 593 564 568 597 605 512 503 562 651 621 620 581 620 629 617 620 613 607 595 583 563 549 536 521 508 492 472 459 449 448 414 409 389 380 391 328 310 303 299 289 297 314 315 319 301 323 398 394 329 194 195 307 327 346 351 345 301 170 167 155 148 157 163 152 158 166 162 151 146 144
378 390 405 305 324 368 373 382 391 402 417 432 469 510 548 556 549 553 564 578 587 575 573 584 566 581 552 546 538 530 514 512 366 584 504 341 349 394 655 628 617 615 625 614 604 586 566 548 532 525 511 485 467 460 459 432 431 403 414 410 388 334 310 299 293 296 315 323 308 299 301 347 407 370 317 199 324 339 343 341 335 315 183 182 167 152 150 149 148 149 149 155 149 149 147
375 382 394 407 300 318 335 360 366 380 394 416 453 499 535 536 539 548 559 570 579 582 579 572 568 577 557 550 541 548 386 363 351 509 353 403 426 673 675 645 636 621 624 618 624 604 579 559 545 536 510 503 485 482 468 461 439 431 440 444 442 370 326 307 299 297 315 333 307 297 295 305 363 394 377 327 328 329 323 322 325 201 191 178 170 155 152 156 153 156 162 154 160 156 151
-3.3999999521443642491e+38 379 385 395 408 300 318 337 343 358 373 395 446 488 516 522 523 532 545 565 574 574 576 574 571 569 579 559 552 538 549 525 520 513 345 397 377 564 648 686 669 656 639 620 635 619 600 571 559 547 520 508 490 485 481 482 450 446 451 457 457 399 342 318 306 302 313 342 313 298 294 295 302 325 361 360 342 339 327 212 210 207 201 187 168 162 161 157 165 164 172 164 165 162 157
355 360 378 384 397 411 332 340 330 337 353 375 421 447 472 493 501 496 513 535 553 563 562 563 565 565 563 556 550 541 536 534 343 345 569 586 377 650 685 670 683 399 647 646 637 632 629 595 567 554 533 513 496 484 485 475 460 453 453 461 467 404 350 328 315 308 310 340 325 306 296 298 299 302 304 312 329 362 353 325 213 211 208 198 176 169 169 164 172 175 176 172 174 169 162
350 356 372 377 385 396 301 337 309 444 332 354 390 420 468 456 473 475 485 519 548 561 543 547 553 563 557 548 544 541 542 545 365 601 670 723 649 673 703 688 587 340 370 668 645 629 585 600 571 543 548 532 527 499 484 466 465 468 452 444 467 455 370 342 325 316 314 318 347 342 319 306 305 305 306 307 310 317 340 345 211 206 203 196 182 182 182 174 179 183 188 182 179 174 166
344 349 361 365 376 383 394 406 412 423 440 330 353 385 410 440 432 443 461 493 521 542 536 536 553 551 559 550 549 551 542 544 547 597 693 724 734 732 714 713 374 329 408 630 619 660 346 341 523 577 569 558 535 508 505 484 465 464 451 440 455 462 441 390 339 325 324 336 361 409 373 325 314 311 311 311 311 312 315 336 336 211 205 195 189 188 182 173 176 179 186 186 180 172 166
337 343 355 359 363 369 376 385 392 404 417 432 325 347 368 394 413 422 448 468 475 516 532 527 545 538 538 539 549 558 561 554 549 360 593 712 721 651 684 402 344 336 425 380 336 372 330 318 574 592 573 570 556 531 507 505 476 479 459 452 457 465 445 444 387 336 330 350 396 436 429 358 326 320 316 313 312 311 312 317 332 322 208 204 197 190 183 177 175 178 182 184 178 172 166
328 336 345 350 355 357 363 369 375 384 395 410 427 322 344 366 391 401 427 438 460 481 508 510 518 531 541 546 560 595 383 361 369 364 625 703 744 375 358 374 333 359 425 345 323 325 326 324 516 583 585 572 561 550 520 505 494 476 470 462 471 486 466 474 438 364 337 345 387 438 417 370 338 329 320 316 311 309 308 318 329 332 209 205 201 195 187 185 180 183 186 186 182 178 172
326 332 -3.3999999521443642491e+38 343 346 348 352 357 361 367 377 392 410 426 323 343 361 379 399 419 445 475 486 496 511 527 545 548 557 578 367 356 352 358 379 645 683 420 353 333 337 362 345 343 360 338 338 586 617 617 593 566 560 554 536 509 496 483 481 475 480 482 493 483 427 379 353 343 375 432 422 374 351 340 339 321 311 305 304 307 345 342 218 206 199 195 189 185 184 187 190 191 188 181 178
-3.3999999521443642491e+38 325 326 335 338 341 342 346 350 354 361 378 394 412 309 328 348 380 402 451 436 458 491 503 498 516 536 561 559 567 357 569 564 352 357 350 410 433 351 345 366 343 341 386 683 679 662 669 629 540 324 525 570 568 548 516 512 507 492 490 493 492 484 470 433 392 372 356 370 401 445 408 371 391 389 339 313 304 301 301 212 230 219 203 199 196 192 188 188 189 191 195 189 188 191
-3.3999999521443642491e+38 -3.3999999521443642491e+38 323 325 330 334 335 340 342 346 354 366 383 400 416 432 336 360 400 456 456 442 483 515 503 510 524 545 554 568 569 562 563 566 353 354 377 392 348 361 342 348 369 386 703 692 684 610 557 323 327 585 594 579 563 517 523 517 507 497 495 489 482 464 426 422 387 370 380 392 453 447 417 400 373 367 336 310 302 304 307 208 211 203 203 200 196 191 193 196 192 198 205 211 207
-3.3999999521443642491e+38 -3.3999999521443642491e+38 318 319 323 327 329 333 337 342 350 361 375 389 403 418 318 341 380 387 412 430 465 490 498 520 540 534 552 568 566 557 552 565 342 556 337 347 354 339 348 357 372 378 680 700 377 340 330 324 319 570 607 591 562 494 532 536 523 507 501 485 478 485 483 445 404 387 391 391 433 466 432 405 394 390 374 338 321 311 313 208 208 208 208 203 199 197 195 202 202 206 220 216 202
-3.3999999521443642491e+38 -3.3999999521443642491e+38 317 316 318 323 326 328 333 339 347 356 367 380 394 407 422 325 348 372 384 411 439 479 494 509 537 539 549 565 568 555 546 553 559 347 365 378 383 348 335 338 340 353 380 375 355 367 603 571 580 621 622 608 546 493 538 534 518 511 499 485 484 482 476 438 411 401 396 405 411 476 445 417 410 400 382 348 220 219 215 214 213 209 212 209 204 202 197 202 206 215 230 218 205
-3.3999999521443642491e+38 -3.3999999521443642491e+38 -3.3999999521443642491e+38 -3.3999999521443642491e+38 318 322 325 328 331 214 342 352 360 372 385 396 412 311 331 352 373 395 417 452 468 489 527 554 542 554 578 563 550 553 575 359 355 364 418 416 351 345 371 351 347 345 350 368 609 661 576 582 629 619 484 497 488 555 550 532 503 508 505 498 487 450 427 424 399 404 403 448 485 443 420 402 380 360 224 222 223 213 209 211 215 214 211 206 202 202 205 218 242 228 213
-3.3999999521443642491e+38 -3.3999999521443642491e+38 -3.3999999521443642491e+38 -3.3999999521443642491e+38 -3.3999999521443642491e+38 -3.3999999521443642491e+38 320 328 331 335 340 347 355 365 376 387 401 417 318 337 359 380 397 422 446 484 498 541 567 527 567 564 567 565 574 356 362 370 412 412 377 358 392 377 367 365 346 358 593 596 541 316 509 495 289 498 541 555 563 559 520 517 505 507 506 489 443 436 409 395 401 418 467 459 430 405 394 358 226 229 217 214 211 212 230 236 218 212 205 203 208 215 224 219 213
-3.3999999521443642491e+38 -3.3999999521443642491e+38 -3.3999999521443642491e+38 -3.3999999521443642491e+38 -3.3999999521443642491e+38 -3.3999999521443642491e+38 -3.3999999521443642491e+38 323 329 333 338 345 353 362 370 379 391 404 417 324 346 367 401 406 446 474 472 519 518 514 531 562 581 587 586 357 364 368 411 401 392 383 397 418 650 707 617 349 350 338 554 575 492 503 511 527 588 561 567 565 541 524 517 513 506 480 449 447 436 400 392 402 452 448 424 411 411 375 381 228 218 216 213 212 224 231 233 216 209 206 208 213 219 211 207
-3.3999999521443642491e+38 -3.3999999521443642491e+38 -3.3999999521443642491e+38 -3.3999999521443642491e+38 -3.3999999521443642491e+38 -3.3999999521443642491e+38 -3.3999999521443642491e+38 320 324 330 340 344 349 360 368 371 381 391 405 423 330 352 373 393 426 449 452 473 500 560 533 565 586 358 362 364 369 369 401 374 380 382 417 654 667 686 678 621 634 662 660 660 628 633 635 618 599 588 582 573 559 536 525 519 512 505 488 483 444 413 394 396 445 457 420 408 391 407 415 379 220 217 214 212 214 219 223 218 210 205 205 211 213 213 203
-3.3999999521443642491e+38 -3.3999999521443642491e+38 -3.3999999521443642491e+38 -3.3999999521443642491e+38 -3.3999999521443642491e+38 -3.3999999521443642491e+38 -3.3999999521443642491e+38 -3.3999999521443642491e+38 -3.3999999521443642491e+38 328 332 337 343 352 -3.3999999521443642491e+38 366 372 382 394 410 426 446 357 377 394 414 434 453 490 535 529 579 360 368 359 364 370 364 373 380 408 407 404 394 615 611 691 713 695 691 682 676 665 655 644 634 617 604 592 582 570 552 534 515 508 503 503 493 461 427 405 395 423 467 438 419 402 400 411 388 220 216 213 213 212 211 214 215 209 204 203 205 208 206 201
-3.3999999521443642491e+38 -3.3999999521443642491e+38 -3.3999999521443642491e+38 -3.3999999521443642491e+38 -3.3999999521443642491e+38 -3.3999999521443642491e+38 -3.3999999521443642491e+38 -3.3999999521443642491e+38 -3.3999999521443642491e+38 -3.3999999521443642491e+38 -3.3999999521443642491e+38 337 341 346 353 360 364 371 383 399 416 435 345 370 397 411 442 480 497 533 542 567 351 357 595 361 368 379 379 394 424 709 709 681 703 700 716 706 632 662 684 678 669 660 650 638 618 608 592 580 577 556 531 516 508 499 500 499 475 442 410 407 423 451 468 437 418 408 396 365 220 215 213 211 210 210 210 212 209 203 202 202 202 201 200
-3.3999999521443642491e+38 -3.3999999521443642491e+38 -3.3999999521443642491e+38 -3.3999999521443642491e+38 -3.3999999521443642491e+38 -3.3999999521443642491e+38 -3.3999999521443642491e+38 -3.3999999521443642491e+38 -3.3999999521443642491e+38 -3.3999999521443642491e+38 -3.3999999521443642491e+38 -3.3999999521443642491e+38 340 343 348 353 356 363 375 390 408 426 445 357 382 415 501 561 562 555 555 555 583 358 356 590 358 365 374 382 401 411 672 650 627 691 717 712 630 677 672 682 673 663 654 643 613 604 596 589 572 551 532 520 512 507 504 500 480 465 419 415 434 444 468 453 435 432 411 231 219 214 213 212 211 208 208 208 206 201 200 207 202 199 199
-3.3999999521443642491e+38 -3.3999999521443642491e+38 -3.3999999521443642491e+38 -3.3999999521443642491e+38 -3.3999999521443642491e+38 -3.3999999521443642491e+38 -3.3999999521443642491e+38 -3.3999999521443642491e+38 -3.3999999521443642491e+38 -3.3999999521443642491e+38 -3.3999999521443642491e+38 -3.3999999521443642491e+38 -3.3999999521443642491e+38 -3.3999999521443642491e+38 347 350 354 358 368 383 401 419 436 347 369 427 478 533 609 587 574 563 570 591 356 592 583 353 374 392 419 415 406 395 661 671 622 647 593 648 648 687 662 667 658 647 625 608 592 585 573 549 533 520 517 506 515 497 482 460 434 418 451 426 424 451 444 434 414 231 218 214 213 211 209 208 206 205 203 201 202 205 204 201 201
-3.3999999521443642491e+38 -3.3999999521443642491e+38 -3.3999999521443642491e+38 -3.3999999521443642491e+38 -3.3999999521443642491e+38 -3.3999999521443642491e+38 -3.3999999521443642491e+38 -3.3999999521443642491e+38 -3.3999999521443642491e+38 -3.3999999521443642491e+38 -3.3999999521443642491e+38 -3.3999999521443642491e+38 -3.3999999521443642491e+38 -3.3999999521443642491e+38 -3.3999999521443642491e+38 350 353 359 368 380 396 414 429 447 354 377 422 509 536 588 592 561 541 574 349 351 582 347 385 418 681 413 380 390 397 384 374 373 578 666 698 692 578 574 649 620 605 580 563 569 561 552 529 521 526 500 516 511 473 447 436 426 435 422 414 428 439 416 400 242 228 215 211 210 207 206 205 204 201 201 202 203 204 204 204
-3.3999999521443642491e+38 -3.3999999521443642491e+38 -3.3999999521443642491e+38 -3.3999999521443642491e+38 -3.3999999521443642491e+38 -3.3999999521443642491e+38 -3.3999999521443642491e+38 -3.3999999521443642491e+38 -3.3999999521443642491e+38 -3.3999999521443642491e+38 -3.3999999521443642491e+38 -3.3999999521443642491e+38 -3.3999999521443642491e+38 -3.3999999521443642491e+38 -3.3999999521443642491e+38 -3.3999999521443642491e+38 -3.3999999521443642491e+38 364 373 382 395 410 424 441 345 365 393 453 480 512 545 543 525 531 560 579 571 347 375 393 428 404 377 369 376 371 383 386 641 688 665 677 629 518 543 327 543 571 491 526 549 545 537 519 519 515 533 518 488 448 431 439 436 415 412 423 434 396 377 384 239 215 210 208 206 205 203 202 202 201 203 205 204 203 204
-3.3999999521443642491e+38 -3.3999999521443642491e+38 -3.3999999521443642491e+38 -3.3999999521443642491e+38 -3.3999999521443642491e+38 -3.3999999521443642491e+38 -3.3999999521443642491e+38 -3.3999999521443642491e+38 -3.3999999521443642491e+38 -3.3999999521443642491e+38 -3.3999999521443642491e+38 -3.3999999521443642491e+38 -3.3999999521443642491e+38 -3.3999999521443642491e+38 -3.3999999521443642491e+38 -3.3999999521443642491e+38 -3.3999999521443642491e+38 -3.3999999521443642491e+38 376 385 395 407 422 435 452 356 377 407 437 452 509 573 547 500 514 550 571 349 375 395 412 391 362 369 389 383 390 625 684 647 361 561 574 344 328 322 319 335 493 529 536 550 528 520 513 510 525 521 497 459 438 435 444 416 405 407 423 396 241 240 224 213 210 208 205 204 202 203 203 202 202 207 204 204 204
-3.3999999521443642491e+38 -3.3999999521443642491e+38 -3.3999999521443642491e+38 -3.3999999521443642491e+38 -3.3999999521443642491e+38 -3.3999999521443642491e+38 -3.3999999521443642491e+38 -3.3999999521443642491e+38 -3.3999999521443642491e+38 -3.3999999521443642491e+38 -3.3999999521443642491e+38 -3.3999999521443642491e+38 -3.3999999521443642491e+38 -3.3999999521443642491e+38 -3.3999999521443642491e+38 -3.3999999521443642491e+38 -3.3999999521443642491e+38 -3.3999999521443642491e+38 -3.3999999521443642491e+38 -3.3999999521443642491e+38 400 409 422 435 449 347 371 390 410 424 498 576 540 494 500 521 587 369 374 378 390 375 351 378 382 402 393 387 384 380 361 355 350 339 334 347 556 587 579 585 566 560 542 515 505 514 521 507 489 467 449 438 442 424 401 400 418 411 247 236 225 215 217 211 207 203 203 202 202 202 203 205 205 203 203
-3.3999999521443642491e+38 -3.3999999521443642491e+38 -3.3999999521443642491e+38 -3.3999999521443642491e+38 -3.3999999521443642491e+38 -3.3999999521443642491e+38 -3.3999999521443642491e+38 -3.3999999521443642491e+38 -3.3999999521443642491e+38 -3.3999999521443642491e+38 -3.3999999521443642491e+38 -3.3999999521443642491e+38 -3.3999999521443642491e+38 -3.3999999521443642491e+38 -3.3999999521443642491e+38 -3.3999999521443642491e+38 -3.3999999521443642491e+38 -3.3999999521443642491e+38 -3.3999999521443642491e+38 -3.3999999521443642491e+38 -3.3999999521443642491e+38 416 425 436 447 340 360 379 392 402 428 477 487 490 488 509 564 592 366 600 359 360 580 349 386 389 399 388 372 369 361 354 343 341 358 540 641 639 601 582 580 561 526 509 505 504 506 492 488 480 463 459 448 426 404 398 405 424 393 239 228 222 215 214 208 203 203 203 202 202 202 202 204 203 203
-3.3999999521443642491e+38 -3.3999999521443642491e+38 -3.3999999521443642491e+38 -3.3999999521443642491e+38 -3.3999999521443642491e+38 -3.3999999521443642491e+38 -3.3999999521443642491e+38 -3.3999999521443642491e+38 -3.3999999521443642491e+38 -3.3999999521443642491e+38 -3.3999999521443642491e+38 -3.3999999521443642491e+38 -3.3999999521443642491e+38 -3.3999999521443642491e+38 -3.3999999521443642491e+38 -3.3999999521443642491e+38 -3.3999999521443642491e+38 -3.3999999521443642491e+38 -3.3999999521443642491e+38 -3.3999999521443642491e+38 -3.3999999521443642491e+38 -3.3999999521443642491e+38 -3.3999999521443642491e+38 438 446 458 347 364 377 389 411 435 471 508 475 486 519 549 360 597 595 591 582 365 377 379 375 374 374 351 347 353 363 359 573 618 646 653 617 588 570 546 516 508 502 503 501 490 492 489 472 467 456 455 412 397 398 401 399 236 232 219 213 208 204 203 204 203 202 202 201 200 202 201 201
-3.3999999521443642491e+38 -3.3999999521443642491e+38 -3.3999999521443642491e+38 -3.3999999521443642491e+38 -3.3999999521443642491e+38 -3.3999999521443642491e+38 -3.3999999521443642491e+38 -3.3999999521443642491e+38 -3.3999999521443642491e+38 -3.3999999521443642491e+38 -3.3999999521443642491e+38 -3.3999999521443642491e+38 -3.3999999521443642491e+38 -3.3999999521443642491e+38 -3.3999999521443642491e+38 -3.3999999521443642491e+38 -3.3999999521443642491e+38 -3.3999999521443642491e+38 -3.3999999521443642491e+38 -3.3999999521443642491e+38 -3.3999999521443642491e+38 -3.3999999521443642491e+38 -3.3999999521443642491e+38 -3.3999999521443642491e+38 450 459 468 353 366 380 398 418 473 487 465 484 507 512 590 588 574 353 588 361 356 374 363 354 348 362 365 364 361 368 563 593 645 613 625 593 558 518 525 507 496 491 484 481 487 489 484 478 469 474 429 411 395 394 251 241 226 216 209 206 204 203 203 202 201 204 203 201 201 200 200
