inputs/cropped_bioclim_tortoise/wc2.1_2.5m_bio_16_band1.asc
ncols        480
nrows        504
xllcorner    -120.000000000000
yllcorner    24.000000000000
cellsize     0.041666666667
[rows 0 to 40 of 504, columns 184 to 275 of 480]
140 140 141 141 141 141 148 151 143 143 156 164 166 165 160 158 163 168 171 177 182 182 186 189 188 192 196 193 195 198 196 197 195 196 193 192 190 187 171 157 167 161 158 159 161 164 173 181 177 176 176 179 187 187 186 192 193 192 193 186 184 186 189 194 199 202 200 198 195 189 186 189 207 199 171 136 118 109 106 113 112 111 112 117 118 115 113 113 114 116 120 116
140 139 139 140 142 145 157 146 138 142 156 163 165 160 158 156 162 166 170 182 182 185 191 199 196 196 194 197 200 204 201 201 200 201 196 195 194 187 176 160 161 163 163 168 164 160 163 170 169 171 176 181 187 182 184 188 188 191 188 183 180 182 185 188 195 198 198 199 197 195 193 194 205 183 149 122 114 110 108 103 105 108 116 116 115 114 111 108 110 110 112 109
138 138 137 143 150 150 141 134 135 146 156 164 163 162 161 163 161 160 167 186 186 188 196 206 208 207 205 202 206 209 208 206 206 204 203 200 197 189 181 181 176 180 184 187 184 163 162 166 168 168 170 176 177 180 186 184 187 189 184 182 182 186 187 190 193 193 195 200 199 197 197 198 193 154 125 115 110 105 104 101 100 102 106 114 113 114 104 105 104 104 106 107
134 134 136 142 155 153 140 134 134 144 154 158 157 161 166 168 171 166 162 177 195 198 208 212 217 213 212 214 216 215 212 213 212 210 208 206 203 196 191 194 191 195 193 189 183 176 169 166 179 176 170 169 172 177 179 183 186 191 187 186 188 183 180 186 194 194 193 193 191 193 192 192 173 134 120 112 108 107 106 102 100 101 106 114 111 108 105 103 102 102 102 103
136 138 146 141 141 152 143 131 134 139 146 155 160 164 167 170 173 175 178 178 187 208 207 208 223 224 223 223 222 218 216 216 217 215 214 209 209 202 199 200 200 199 197 193 190 188 182 170 180 181 181 177 171 172 176 180 186 188 184 182 182 184 184 186 188 188 187 192 189 182 186 177 191 142 122 116 112 113 108 105 100 100 110 114 103 99 99 100 97 95 95 99
134 136 138 148 151 148 134 126 129 138 142 149 156 164 170 169 173 188 190 196 205 214 201 208 223 229 228 224 221 216 214 212 215 218 218 216 214 210 205 202 203 202 201 198 195 192 182 180 184 183 180 181 179 170 172 177 182 183 185 184 182 180 181 182 183 184 187 187 185 186 181 187 186 154 139 127 117 117 122 118 111 109 113 107 101 96 94 95 95 96 94 96
129 128 132 133 130 124 122 124 129 131 137 149 151 159 166 177 184 189 198 206 214 213 204 212 220 232 231 228 226 222 219 214 214 218 219 219 217 213 208 205 205 204 203 199 193 189 191 189 186 184 182 178 176 170 168 175 179 180 183 183 180 178 183 177 172 179 183 182 182 183 185 191 183 166 146 152 144 144 137 124 114 107 103 101 97 94 92 93 92 92 93 91
131 126 119 117 117 116 122 126 119 120 125 137 143 153 165 180 189 196 204 211 218 224 222 226 235 239 237 234 232 228 224 221 220 223 225 224 220 217 212 214 211 209 207 202 196 195 193 191 187 186 182 178 175 169 166 174 180 181 184 185 185 184 184 176 171 174 177 178 178 179 182 188 183 168 160 158 166 164 139 121 112 104 101 99 96 94 92 92 92 92 89 87
119 116 115 114 112 112 111 113 109 115 125 135 146 157 166 176 187 201 208 213 220 225 229 238 241 238 240 240 238 233 230 229 230 228 226 220 217 215 216 215 214 212 207 204 199 198 196 193 190 186 182 180 175 171 168 170 177 182 183 185 184 182 179 177 178 178 180 179 178 181 183 186 188 183 178 166 166 161 141 121 112 108 108 101 100 96 93 91 90 90 88 87
116 113 112 112 110 110 109 108 109 126 139 146 153 162 171 179 191 200 210 219 226 229 236 240 244 244 242 246 245 243 240 240 237 235 233 227 224 223 219 216 217 214 211 206 204 200 196 194 191 187 181 178 176 171 172 173 175 179 180 181 184 187 181 179 185 187 183 180 178 177 179 182 185 184 179 169 153 138 131 122 111 111 123 115 111 99 94 91 89 88 87 85
119 118 119 122 118 116 115 126 132 142 159 166 167 171 182 188 195 202 209 209 211 219 237 241 244 247 250 250 248 245 242 238 238 237 236 231 227 227 225 221 220 217 213 208 206 202 197 191 188 185 182 179 175 173 171 170 169 177 186 186 188 187 181 178 182 188 188 186 181 173 173 176 176 181 179 167 147 130 124 115 111 113 116 130 131 115 99 94 91 89 86 86
118 115 115 120 125 126 124 145 143 138 149 160 168 175 183 192 198 206 214 215 220 230 242 247 247 247 252 250 245 246 243 238 238 240 239 236 234 232 229 227 221 219 216 212 208 203 197 192 188 186 184 179 175 170 167 167 167 173 178 185 181 181 177 172 173 174 177 176 176 172 164 160 157 151 163 166 151 125 120 118 114 114 113 114 114 111 105 100 96 94 91 88
125 116 111 110 112 113 116 121 131 133 135 144 160 168 178 183 191 201 212 222 231 237 243 249 251 251 253 254 251 246 242 237 239 243 241 240 238 233 228 226 223 220 217 214 209 204 198 193 188 186 184 180 175 172 166 166 167 164 166 170 170 169 165 161 160 160 158 153 151 150 145 146 142 138 133 135 147 130 122 119 114 118 114 110 108 104 102 98 95 93 91 89
125 117 110 106 108 119 126 127 116 122 126 137 147 158 169 176 185 195 207 218 226 235 246 252 253 253 253 254 253 249 243 243 240 240 240 241 241 237 232 232 227 223 220 215 211 206 201 195 190 186 184 179 175 170 167 171 168 164 166 159 162 160 161 162 160 159 156 155 154 155 154 158 161 151 138 136 140 135 127 119 120 117 112 111 107 104 103 100 100 98 95 93
122 118 110 107 108 109 114 120 124 119 123 133 145 158 169 177 186 195 203 214 226 235 244 251 252 252 252 254 254 250 245 244 243 240 240 242 241 238 237 234 230 227 224 219 215 209 201 196 191 185 181 178 173 175 173 170 165 169 172 164 172 169 167 162 165 173 171 169 171 172 171 164 156 151 149 148 149 137 134 132 128 122 118 116 110 106 106 109 107 102 98 97
114 115 108 106 106 107 108 109 111 113 121 132 145 160 172 182 193 206 210 218 217 225 234 244 246 249 254 254 253 252 252 248 245 243 242 242 243 244 240 237 234 230 226 220 215 208 204 198 191 185 180 177 172 170 176 168 168 173 167 168 180 173 160 157 168 184 183 173 167 167 158 152 154 158 159 161 162 154 147 146 140 127 122 117 115 111 116 111 108 104 102 93
100 102 102 99 99 100 104 107 109 114 120 132 145 158 172 184 195 203 211 211 212 219 228 234 238 243 250 254 253 254 255 250 247 247 247 245 240 240 236 235 236 232 226 222 218 209 205 199 191 185 178 173 171 171 175 174 176 172 166 170 176 167 160 161 171 179 168 161 155 145 143 150 160 162 168 170 172 163 155 156 153 134 126 122 125 121 118 111 109 109 112 112
94 93 93 94 95 96 99 105 109 114 120 130 142 151 160 173 187 198 208 206 211 216 224 231 229 231 243 252 253 253 255 254 253 252 250 242 235 233 232 233 237 227 214 217 217 212 205 200 194 187 181 173 167 164 171 170 171 175 174 172 170 166 165 169 166 162 158 152 148 155 156 159 165 172 174 173 172 171 167 165 159 147 134 131 128 126 118 113 111 118 114 106
92 91 92 92 93 94 97 102 106 109 114 124 133 142 147 151 166 176 195 207 206 210 216 221 220 218 235 245 248 248 244 238 245 251 248 248 240 236 236 237 239 231 220 224 219 213 202 199 192 186 181 174 168 160 163 164 166 174 171 173 175 167 164 158 155 158 153 150 153 163 170 167 172 175 172 171 170 168 167 164 163 156 144 134 132 134 121 111 106 106 103 100
89 90 90 91 91 93 96 99 101 107 114 117 122 129 135 141 145 154 169 190 204 208 212 212 208 211 221 237 240 237 235 232 234 245 245 253 248 248 247 247 243 239 231 225 220 211 205 197 191 184 178 172 168 159 168 172 171 165 166 171 170 170 165 169 163 155 147 154 165 176 177 170 167 167 167 166 165 165 162 157 157 153 144 140 143 135 123 114 108 104 104 102
90 89 92 91 92 93 95 98 101 108 112 117 120 123 127 133 139 147 161 172 184 191 197 204 201 200 205 213 225 228 228 226 229 231 242 251 252 253 251 251 246 230 228 230 221 208 196 194 191 184 178 172 166 155 158 162 160 159 165 162 166 170 166 164 158 149 154 158 168 176 168 161 161 161 160 161 162 160 158 154 150 151 146 148 148 135 126 117 115 115 113 111
88 90 92 94 94 92 95 98 101 104 109 118 121 123 126 129 132 138 146 155 156 165 174 181 184 188 194 200 206 217 220 220 225 237 249 249 246 249 253 249 242 218 219 225 219 211 199 191 190 183 176 171 166 154 152 155 159 157 161 160 163 170 165 161 154 157 160 163 164 159 156 157 157 156 155 156 156 158 159 158 158 158 155 149 139 135 129 128 127 123 123 119
85 90 92 93 91 89 95 101 105 109 114 117 120 123 126 130 132 132 136 145 154 162 168 176 182 186 189 196 204 210 215 220 224 240 246 241 238 241 248 246 238 225 219 218 212 205 198 193 187 182 175 169 163 158 154 157 164 165 163 162 160 167 169 166 155 169 167 164 155 154 159 159 159 154 152 156 158 158 161 163 162 163 160 152 139 134 131 129 128 123 122 119
82 85 89 92 94 96 100 103 107 111 115 117 117 121 124 126 128 128 131 141 152 159 166 172 177 182 188 192 199 207 215 218 226 241 242 237 238 244 245 244 243 228 218 218 205 202 202 194 187 180 175 167 163 160 165 157 163 172 168 163 160 163 165 157 157 163 162 165 156 151 154 160 158 154 156 156 158 158 160 162 162 163 160 158 151 143 137 130 126 123 120 120
83 86 89 91 94 97 101 105 106 106 113 118 120 119 121 122 124 125 130 143 154 161 166 171 177 180 186 193 197 207 216 221 226 237 236 224 225 229 237 238 240 234 228 218 210 204 204 194 185 178 172 164 160 160 163 163 158 160 164 167 160 158 154 153 168 169 164 162 158 158 157 167 168 159 159 159 157 160 162 161 161 160 162 160 154 148 140 134 129 125 120 119
81 85 89 92 95 97 99 100 99 106 113 114 117 118 119 120 121 125 133 141 148 158 162 168 174 177 181 185 186 202 216 226 228 231 231 221 228 209 225 233 234 237 230 223 216 209 197 189 183 178 169 163 160 161 162 164 161 160 160 160 149 144 149 155 164 170 164 162 164 162 158 159 167 160 151 152 152 157 160 161 160 161 161 160 158 152 148 139 131 129 123 121
85 87 89 91 90 91 94 96 99 107 111 113 112 116 119 120 123 128 133 139 150 155 162 169 175 177 175 179 184 195 210 221 229 228 226 217 214 217 231 228 231 234 231 224 216 206 198 188 181 174 165 159 153 150 157 154 155 163 161 160 157 147 162 161 164 160 160 155 162 164 163 161 161 156 154 150 150 152 157 159 160 160 162 159 156 153 146 137 133 128 125 121
86 89 89 88 89 92 95 96 99 106 109 110 112 114 117 121 127 131 137 144 150 156 165 178 177 173 170 172 179 186 194 207 220 224 220 216 217 218 222 223 226 229 226 219 212 203 194 185 176 167 160 153 153 147 147 155 160 161 158 159 154 153 162 163 160 152 158 152 160 165 165 163 159 157 153 148 149 152 158 157 158 160 159 159 154 148 139 134 129 125 123 121
87 88 86 88 91 91 94 96 102 106 108 109 112 119 123 127 129 133 141 149 156 159 177 193 183 169 167 170 176 182 189 190 212 220 218 210 210 217 220 220 220 223 218 212 208 200 191 183 175 169 160 157 158 160 155 150 154 158 160 156 152 162 160 155 160 153 139 149 157 162 161 159 161 159 153 150 150 159 158 157 156 156 157 158 149 141 136 131 125 125 125 124
85 84 87 92 93 95 98 101 103 105 106 108 112 122 127 129 131 134 145 152 154 161 186 200 186 168 166 168 173 178 186 190 204 213 216 209 212 210 210 211 211 208 210 207 203 194 187 179 173 166 160 156 154 152 158 154 157 152 145 148 141 159 164 149 151 151 138 140 153 158 155 159 159 167 165 163 159 158 150 150 154 155 153 147 139 137 134 131 129 128 124 123
83 87 91 93 93 94 98 100 100 103 105 108 111 118 128 131 134 139 149 152 156 167 185 198 180 170 167 165 167 176 183 185 212 210 212 206 200 208 197 194 198 207 205 197 190 185 178 174 169 164 159 153 150 152 149 147 145 152 139 132 136 149 157 147 135 140 134 143 144 145 156 152 159 171 162 156 155 155 151 150 146 148 149 147 140 136 137 135 132 128 129 127
89 91 93 94 95 94 97 100 101 103 104 107 110 114 124 135 137 139 143 152 164 173 181 193 190 180 167 168 165 171 178 194 206 209 206 205 201 200 182 179 189 200 201 193 186 183 178 172 167 161 156 149 144 143 148 148 134 135 137 131 127 133 140 138 130 132 128 137 132 140 144 143 157 166 163 155 148 146 150 146 144 141 140 142 140 139 139 137 136 133 128 125
91 92 94 96 98 99 97 99 101 103 105 108 111 113 116 126 135 142 145 152 166 163 177 190 189 190 175 165 161 168 172 200 205 205 203 202 194 172 165 183 178 187 194 190 186 180 177 170 164 159 153 146 138 139 144 144 134 125 127 128 125 125 128 128 124 125 128 120 123 125 126 132 143 159 153 157 152 145 145 144 145 142 140 142 143 142 142 141 140 137 133 127
93 94 94 97 99 100 98 99 102 104 105 108 112 116 120 122 126 132 135 140 144 153 171 180 174 171 178 164 162 165 179 195 202 202 202 199 161 150 155 166 177 184 188 185 181 178 173 167 161 155 148 144 135 137 142 143 138 133 128 124 120 117 116 111 110 110 112 110 111 113 117 122 136 147 147 145 138 139 140 138 136 137 136 139 144 148 147 147 145 141 136 130
95 94 96 98 99 100 99 99 100 104 107 114 118 121 122 129 134 137 137 141 146 147 159 169 167 165 167 165 164 163 167 186 198 199 198 161 141 139 144 155 167 184 184 178 175 173 169 163 157 149 142 136 132 132 137 142 139 135 130 126 125 116 112 108 107 106 106 107 103 106 109 110 123 135 142 136 131 128 128 129 125 121 120 123 129 136 142 145 146 145 139 135
92 92 94 94 96 97 98 101 102 102 108 116 121 121 121 128 135 143 143 144 148 146 149 157 160 170 174 167 181 189 191 186 194 196 180 142 139 143 135 145 178 186 181 176 172 168 165 159 154 148 140 134 132 131 131 135 136 137 131 132 131 128 122 115 104 99 99 102 104 104 106 107 108 116 125 122 117 115 116 116 116 116 115 116 118 119 121 124 129 129 131 133
86 88 91 94 96 97 98 100 102 103 108 117 121 117 118 131 137 144 148 149 146 142 147 149 154 160 163 167 186 174 182 191 188 187 152 134 132 143 158 184 182 178 178 172 169 165 162 156 154 148 139 132 132 136 132 128 129 132 131 135 140 139 131 125 118 109 104 103 102 101 101 101 102 104 107 107 108 108 110 112 113 114 112 115 114 112 112 112 112 112 113 121
85 87 90 91 95 95 97 98 100 106 112 121 121 119 122 131 138 144 151 153 149 146 145 140 140 148 166 183 165 178 188 191 182 169 153 132 128 155 178 175 180 176 172 170 167 164 159 156 153 146 141 133 126 133 129 128 128 129 130 136 144 149 135 132 133 126 110 107 100 98 99 99 99 101 102 103 103 105 106 110 110 110 109 109 110 109 105 106 106 105 106 108
89 89 91 94 94 96 97 99 103 107 116 123 122 125 130 135 137 145 148 151 147 147 152 150 146 146 151 160 182 186 185 174 179 175 168 146 128 129 149 172 176 174 171 167 164 161 160 155 153 147 139 130 127 130 126 124 123 127 133 140 151 149 149 149 131 124 126 118 107 102 100 99 102 106 105 102 100 102 102 105 108 106 104 104 102 104 102 99 99 100 100 102
91 89 92 94 95 97 97 105 110 115 121 126 123 124 129 135 141 143 144 143 146 152 154 160 163 152 148 152 166 179 162 172 173 178 167 154 153 167 138 152 169 170 168 166 162 161 153 151 152 148 139 134 129 122 119 115 118 119 120 129 145 149 156 156 141 140 136 127 113 106 104 101 104 105 105 106 105 100 101 99 102 104 102 101 99 97 96 98 98 101 101 103
89 88 90 92 95 97 100 109 119 126 130 130 127 128 132 134 139 143 145 146 146 149 163 160 159 166 155 147 146 149 173 177 178 178 172 156 148 147 147 150 162 167 166 165 165 159 151 144 141 142 139 133 128 123 118 112 119 128 129 121 139 147 151 163 155 147 126 123 121 115 112 108 105 104 104 104 103 106 103 99 99 99 99 99 97 94 92 95 98 103 104 105
