inputs/cropped_bioclim_tortoise/wc2.1_2.5m_bio_17_band1.asc
ncols        480
nrows        504
xllcorner    -120.000000000000
yllcorner    24.000000000000
cellsize     0.041666666667
[rows 102 to 152 of 504, columns 288 to 383 of 480]
68 71 74 78 77 79 81 83 84 83 84 89 98 102 107 114 117 116 119 122 123 127 132 132 131 128 130 136 141 145 148 151 150 153 158 163 168 171 176 184 189 196 184 171 160 147 137 132 134 130 118 111 118 108 95 100 81 64 53 48 46 44 41 40 39 38 36 34 31 31 31 30 30 30 30 30 28 28 27 26 25 25 24 23 22 22 20 19 19 19 19 18 17 17 17 17
68 71 75 75 77 81 84 85 87 87 86 88 90 97 103 105 111 111 115 125 129 133 134 131 127 121 135 139 144 147 151 152 149 150 158 162 167 172 179 181 187 189 183 172 160 149 139 133 138 138 131 113 114 94 97 81 72 63 55 49 46 45 42 42 39 39 36 34 32 32 31 30 30 30 30 30 28 27 27 25 25 25 24 23 22 22 21 19 19 19 19 19 18 17 17 17
70 73 76 75 77 79 84 88 89 91 91 92 92 95 96 99 103 101 107 115 124 133 125 119 120 123 136 140 146 150 152 153 149 152 157 161 167 170 175 179 181 181 176 168 160 149 140 133 136 142 135 117 110 115 116 117 106 86 67 54 52 51 48 45 42 41 38 34 32 31 31 30 30 30 30 30 29 27 27 26 25 25 24 23 22 22 21 19 19 19 19 19 18 17 17 17
71 76 79 79 83 84 88 91 91 93 93 93 94 98 97 97 101 103 107 113 124 130 120 119 116 117 126 138 145 148 151 151 149 152 155 160 162 166 167 170 172 172 169 165 157 149 141 134 133 147 139 121 114 124 127 124 116 98 73 65 77 71 51 46 46 42 41 36 34 31 31 31 30 30 30 30 29 27 27 27 25 25 25 23 22 22 22 19 19 19 19 19 18 17 17 17
73 77 79 80 83 85 90 92 95 98 97 95 97 98 97 101 104 110 110 113 121 124 125 119 122 117 118 135 142 147 151 149 147 150 154 156 156 160 160 161 164 164 162 158 152 146 141 137 132 138 139 129 124 123 135 134 117 97 84 90 73 62 52 47 44 44 41 39 34 33 32 31 30 30 30 30 30 28 28 27 25 25 25 24 22 22 22 19 19 19 19 19 19 18 16 16
73 75 79 81 84 89 92 94 95 95 97 98 97 97 98 101 106 107 104 104 111 117 117 118 112 111 114 120 129 144 149 148 147 149 152 154 155 155 154 154 157 157 155 152 149 147 144 137 137 136 140 140 134 126 125 132 134 125 113 107 95 90 63 52 46 42 40 39 36 34 33 33 32 30 30 30 30 28 28 28 26 25 25 24 22 22 22 22 19 19 19 19 19 19 17 16
76 77 82 85 84 88 93 95 95 97 99 99 102 101 101 100 98 100 103 106 107 113 109 108 110 111 117 122 120 138 146 147 146 147 148 151 150 149 150 153 154 153 150 149 145 145 143 141 138 140 145 140 136 132 132 141 142 133 111 90 70 61 69 60 47 44 39 38 37 35 34 33 33 32 31 30 30 28 28 28 28 25 25 25 22 22 22 22 21 19 19 19 19 19 18 16
79 79 80 85 89 92 94 97 98 100 105 108 113 113 110 104 103 104 110 108 109 120 114 111 111 116 123 126 117 137 144 146 146 144 145 145 148 145 150 151 148 149 150 146 143 140 139 139 141 144 149 134 141 139 136 136 121 119 103 78 62 63 55 49 47 44 41 38 37 36 35 34 33 33 32 31 31 30 29 28 28 26 25 25 23 23 22 22 22 20 19 19 19 19 18 17
79 80 82 86 91 94 98 99 103 107 110 112 113 116 117 113 111 113 118 116 113 116 110 110 112 118 121 116 116 132 140 143 145 143 142 143 146 148 149 148 148 145 144 144 142 140 139 140 144 148 149 129 142 142 134 131 108 93 82 69 60 59 60 58 51 46 41 38 38 36 36 35 34 33 33 32 31 31 30 30 28 27 26 25 24 23 22 22 22 20 19 19 19 19 18 17
82 83 85 86 90 95 98 102 105 107 109 108 110 112 116 118 119 118 122 121 118 113 116 115 118 121 118 115 116 127 140 142 142 139 132 130 139 145 147 146 149 148 143 143 143 138 139 139 143 148 137 123 138 150 145 120 106 82 75 67 69 69 72 59 49 47 44 41 38 38 37 36 36 34 33 33 32 32 30 30 28 28 26 25 25 23 22 22 22 21 20 19 19 18 18 18
89 89 89 92 92 94 98 101 105 108 111 113 115 114 111 113 116 119 119 118 118 120 120 123 121 122 121 115 114 134 139 140 139 131 120 115 126 139 143 144 147 142 143 141 143 140 131 134 135 144 135 116 126 138 147 142 115 105 98 94 87 75 66 59 48 47 44 42 41 38 38 36 36 35 34 33 32 32 31 30 29 28 28 26 25 25 23 22 22 21 20 19 19 19 18 18
90 90 92 94 97 99 102 104 106 109 113 116 116 114 118 121 118 123 126 126 125 125 126 129 122 115 112 109 110 123 131 135 135 133 121 115 104 113 123 132 136 137 132 130 132 129 129 140 142 136 126 111 116 124 135 143 141 138 109 102 84 68 63 54 49 47 45 42 41 41 38 38 37 36 34 33 32 32 32 31 29 29 28 26 26 25 24 23 22 22 22 21 19 19 19 18
90 93 94 96 98 100 102 105 106 109 113 116 116 117 120 123 124 121 128 130 128 128 127 125 116 105 116 122 102 109 132 137 136 132 128 115 97 85 92 108 121 132 124 125 131 127 123 131 127 120 115 103 113 124 139 146 142 133 107 86 77 70 57 53 49 47 45 44 41 41 41 38 37 36 36 35 33 33 32 31 29 29 29 27 26 26 24 23 22 22 22 22 21 19 19 19
88 91 96 96 99 100 101 104 106 109 113 116 117 118 119 122 125 124 123 126 129 127 126 119 106 97 104 129 122 104 123 135 136 134 129 118 88 74 74 97 92 117 118 126 134 130 126 116 110 108 99 100 107 130 140 147 141 118 114 91 84 68 63 55 51 49 45 44 44 42 41 38 38 36 36 35 34 33 32 31 30 29 29 28 26 26 24 24 23 22 22 22 22 21 20 19
83 90 94 96 97 99 102 106 107 109 113 119 116 116 119 126 128 126 123 128 130 136 127 120 105 95 90 110 132 127 110 130 134 134 128 102 82 69 70 86 75 88 122 122 129 126 121 117 104 98 98 96 102 119 136 142 145 130 116 103 86 77 66 64 52 49 47 45 44 43 41 40 38 38 36 36 34 33 33 32 31 30 29 28 27 26 26 25 25 24 24 23 22 22 21 21
80 88 91 94 97 99 100 103 107 108 111 114 113 114 121 122 124 128 126 130 138 139 134 125 111 101 88 94 117 111 120 118 123 126 128 118 113 79 75 77 68 74 94 100 113 101 96 99 93 92 96 105 110 112 112 126 142 141 117 103 91 82 68 59 53 49 48 47 45 44 41 41 40 38 37 36 35 34 33 31 31 30 30 29 28 27 26 26 25 25 24 23 22 22 22 22
79 87 87 90 93 97 100 102 103 105 107 108 110 111 113 115 115 123 133 133 140 136 129 125 120 111 99 89 90 92 113 114 108 118 125 128 107 63 50 57 57 64 73 78 90 92 100 109 103 92 98 107 113 121 124 137 151 139 126 105 91 78 67 59 54 50 49 47 46 44 44 42 41 40 39 37 36 34 34 32 31 31 30 29 29 27 28 26 26 26 25 25 24 23 22 22
79 84 85 88 91 94 99 100 102 102 104 107 108 109 112 123 121 116 121 138 135 134 134 128 123 111 102 101 99 92 110 104 114 116 105 102 99 86 59 72 69 74 79 81 85 92 109 110 98 98 103 103 105 119 130 146 152 137 115 99 86 74 61 56 54 52 51 50 48 47 44 44 42 40 39 37 36 35 34 33 31 31 30 30 29 29 28 27 26 26 26 25 25 25 23 22
81 86 90 92 93 95 97 98 100 102 103 108 108 108 113 122 130 125 123 135 140 132 134 126 114 107 118 120 116 86 80 92 117 110 79 61 88 101 76 69 88 96 86 83 90 96 104 114 112 104 99 98 100 104 121 150 135 121 108 90 81 75 69 62 58 54 52 51 50 48 46 44 42 41 40 37 37 35 34 34 33 31 30 30 29 29 29 28 27 26 26 26 25 25 25 23
84 87 89 91 93 94 97 98 98 99 100 105 114 117 116 122 131 133 133 137 130 123 117 109 100 88 93 103 93 70 64 77 82 77 65 68 86 111 91 72 89 117 98 91 91 100 107 114 122 116 106 100 100 103 119 148 129 110 101 92 83 78 70 61 56 54 52 52 50 49 47 45 44 42 40 38 37 37 35 34 32 31 31 30 30 29 29 29 28 28 28 28 26 25 25 25
85 87 89 91 91 93 94 94 96 99 99 100 114 110 116 125 117 122 132 134 133 125 114 105 87 75 71 67 62 64 60 62 85 66 83 90 87 110 105 85 84 95 115 105 94 93 105 116 129 133 110 112 107 108 124 144 120 108 104 96 89 92 86 70 63 54 52 52 50 50 47 46 45 42 40 38 37 35 35 33 33 32 31 30 30 30 29 28 28 28 28 28 28 26 25 25
85 87 88 91 91 91 93 93 93 97 100 100 102 103 104 110 111 120 120 121 132 132 108 96 89 74 72 69 65 71 83 70 62 91 116 117 104 117 119 102 93 83 93 122 114 100 100 121 147 144 128 145 131 134 136 151 136 119 111 102 92 87 78 68 60 53 52 52 51 50 49 46 44 42 40 39 37 37 35 34 33 32 31 30 30 30 30 30 28 28 28 28 28 28 26 25
84 85 87 89 93 93 93 93 93 95 97 99 105 117 108 118 116 113 107 99 105 105 97 82 71 70 99 97 99 97 92 87 81 71 87 112 122 120 135 120 115 99 89 83 92 109 111 115 141 144 152 150 146 145 155 140 119 108 97 84 83 82 80 74 58 53 52 52 51 50 48 46 45 42 41 39 38 37 35 34 33 32 31 30 30 30 30 30 30 30 28 28 28 28 28 27
84 84 85 88 90 90 89 89 90 90 92 93 104 116 116 122 119 116 116 108 94 88 83 72 67 84 109 116 118 99 87 74 82 91 89 90 101 115 134 146 138 124 109 89 80 96 129 112 125 134 150 147 137 135 121 103 97 84 79 83 70 64 66 59 55 52 52 51 51 51 49 47 45 44 42 39 39 37 35 34 33 32 31 30 30 30 30 30 30 29 29 30 31 30 28 28
82 84 84 84 85 86 85 86 86 86 88 93 100 113 113 119 117 115 108 107 99 86 77 66 64 80 92 93 105 97 75 64 72 105 116 112 106 105 116 130 147 143 127 107 85 88 136 126 144 149 154 148 155 148 130 100 118 100 76 68 77 67 57 55 54 52 52 52 51 51 50 47 45 44 42 40 39 37 35 34 32 32 31 30 30 30 30 30 29 29 30 31 31 30 28 28
82 82 83 84 84 86 86 88 86 89 89 86 93 102 101 113 117 106 112 103 91 83 77 73 64 65 66 67 65 70 76 72 72 93 102 111 113 106 109 125 137 146 140 122 107 80 112 142 138 150 145 140 130 131 120 114 110 100 105 110 98 75 64 54 52 52 50 51 51 50 49 47 46 45 43 41 39 37 35 34 32 32 30 30 29 30 30 29 29 29 29 29 29 29 28 28
80 81 82 82 85 86 87 89 89 91 94 90 86 89 91 104 104 103 96 97 91 82 75 67 62 57 54 54 58 64 80 88 77 70 74 78 95 100 90 96 100 113 137 143 125 83 79 108 127 138 142 152 155 150 138 132 132 126 108 80 65 67 57 51 52 51 49 51 52 51 49 49 47 45 44 41 39 37 34 33 31 30 29 28 28 28 28 28 29 29 29 29 29 28 28 28
79 80 81 82 78 78 83 86 89 91 89 91 92 96 85 85 88 88 89 88 86 78 74 72 65 61 65 69 65 66 80 93 93 84 97 93 90 81 103 112 118 102 121 136 127 88 70 75 89 106 122 133 145 153 142 146 154 136 104 77 61 61 56 51 51 51 49 49 52 52 50 49 48 45 44 41 38 37 34 32 30 29 27 27 28 28 28 28 28 29 28 28 28 28 28 26
79 78 79 78 72 70 72 73 78 80 84 88 90 95 96 97 94 93 89 87 86 84 81 80 74 76 98 100 93 83 94 103 109 108 108 119 114 94 91 111 119 117 121 129 109 98 78 89 95 125 141 135 147 124 127 137 145 143 123 108 99 86 67 54 51 51 48 48 50 52 51 49 49 46 43 41 39 36 32 29 28 27 27 27 27 28 28 27 27 27 27 27 27 27 27 26
76 75 71 67 67 71 71 72 76 82 90 92 95 89 89 86 96 88 87 85 85 84 83 89 101 93 91 105 113 101 101 107 120 132 122 134 120 107 94 100 108 123 121 119 110 128 87 84 100 111 136 143 137 119 97 111 133 123 92 64 69 63 70 62 52 51 49 48 48 51 51 49 46 44 43 40 39 36 32 29 27 27 27 27 27 27 28 27 27 27 27 26 26 26 26 26
69 71 72 75 81 83 79 78 82 84 89 83 84 83 75 83 97 91 85 81 81 82 84 89 106 115 100 96 100 103 101 116 123 144 135 137 136 125 107 92 112 124 131 122 115 133 98 99 119 119 135 137 114 102 97 75 108 113 81 63 53 53 50 47 50 49 48 46 47 49 49 48 46 44 43 41 38 36 32 29 28 27 27 27 27 27 27 26 27 27 27 26 26 26 26 26
77 76 76 76 73 79 83 85 86 88 86 79 71 70 75 78 89 93 90 84 80 78 85 95 96 106 123 121 123 120 118 115 114 128 143 134 149 122 100 109 97 114 136 125 128 152 115 108 135 136 117 108 99 89 97 116 87 56 47 56 50 46 45 43 44 45 46 46 46 48 48 47 47 45 44 41 38 36 34 31 29 28 27 27 27 27 26 26 26 27 27 27 26 26 26 26
76 80 85 89 75 72 77 82 85 86 72 68 69 68 67 70 78 86 94 90 82 83 81 91 91 91 94 106 104 110 111 108 110 119 138 141 121 108 124 114 105 122 120 124 146 152 117 137 126 133 107 74 66 65 91 111 120 115 83 52 44 41 42 42 42 44 42 46 45 45 45 46 45 45 45 43 38 37 34 32 31 28 29 27 27 27 26 26 25 26 27 25 25 25 26 25
74 86 85 79 77 72 72 73 79 80 69 67 64 67 69 67 73 78 84 85 81 82 79 79 86 91 96 95 94 95 95 97 101 108 114 129 126 135 126 108 108 129 125 130 153 150 122 142 122 104 85 62 57 57 67 63 84 116 118 98 62 44 41 41 40 41 42 45 44 44 43 45 45 44 41 41 38 37 34 33 31 30 29 27 27 27 26 26 26 25 25 25 25 25 25 25
72 70 70 70 68 67 71 70 71 70 72 65 62 65 77 70 71 83 83 83 79 82 83 82 83 85 92 96 110 108 108 107 98 102 119 132 133 132 119 102 107 119 112 144 149 138 111 125 114 96 68 59 52 50 52 49 74 108 96 96 81 85 52 41 49 42 42 45 42 44 43 43 44 42 41 39 37 37 34 34 31 31 30 29 27 27 26 26 26 25 25 25 25 25 25 25
73 73 75 75 73 73 72 68 60 62 61 65 61 56 84 80 67 76 85 101 104 90 85 82 85 87 84 91 99 112 121 126 116 111 115 125 128 113 106 99 101 108 131 145 135 116 98 101 83 65 63 52 49 50 51 43 47 68 104 89 86 86 80 63 41 38 42 42 41 46 44 42 42 41 40 39 38 36 34 34 31 31 29 28 29 27 26 25 26 25 25 24 24 24 24 24
69 73 73 72 69 67 66 63 59 58 58 59 54 56 87 83 70 67 81 82 116 97 91 93 90 89 90 90 94 99 107 121 137 132 134 130 141 119 100 94 98 106 123 152 146 115 99 84 68 59 67 50 50 56 55 43 40 41 70 98 109 67 58 40 36 40 40 40 41 44 46 44 42 40 39 38 36 36 34 33 32 31 31 28 28 27 26 26 25 24 24 24 24 24 24 24
72 72 70 67 63 66 64 61 58 58 73 65 54 56 72 93 65 70 80 99 103 122 119 100 102 101 96 92 93 103 110 116 138 144 140 148 161 126 95 91 90 101 124 150 136 117 95 73 62 52 58 41 46 51 44 41 42 56 61 44 55 86 49 35 35 38 37 39 39 41 45 48 44 40 38 38 36 36 34 33 33 31 31 29 28 27 26 26 24 24 24 24 24 24 24 23
71 70 73 80 72 81 87 76 68 55 54 56 65 72 60 61 69 72 76 116 109 123 142 116 135 121 103 101 105 98 120 134 138 141 155 151 138 127 100 91 79 96 122 143 136 104 98 64 55 47 42 35 40 45 42 40 45 68 73 47 36 57 58 35 35 35 37 37 37 39 43 48 45 42 38 36 36 36 35 33 33 32 31 30 28 26 26 26 24 24 23 24 24 24 23 24
78 84 81 91 83 79 90 90 75 57 54 58 65 73 79 78 61 72 80 105 121 131 131 125 135 113 117 101 106 108 113 119 125 135 138 147 149 154 112 88 79 91 119 133 123 92 70 61 44 41 35 35 32 39 39 33 39 61 67 41 34 35 45 34 35 39 37 37 38 38 44 50 47 42 37 37 36 36 36 33 33 32 31 31 28 27 27 25 24 23 23 24 24 24 23 23
95 95 88 89 89 89 93 90 78 57 58 56 66 74 78 79 75 103 92 87 95 101 118 127 135 123 124 132 108 123 130 135 139 135 140 123 123 120 100 99 85 72 97 126 114 88 74 55 41 35 32 29 29 30 33 30 30 32 41 64 38 33 33 34 36 42 42 41 42 40 42 50 49 42 36 35 36 35 36 33 34 32 30 29 28 28 27 25 23 23 24 23 23 23 22 22
85 78 82 69 71 86 75 80 90 66 61 69 57 62 78 78 72 105 114 98 118 132 117 118 132 127 135 145 115 127 124 125 141 144 137 138 153 150 134 123 91 74 75 122 122 110 96 60 38 30 29 26 27 25 26 25 28 28 33 48 37 31 32 33 38 44 44 43 45 44 41 49 50 47 37 35 34 34 35 35 35 32 30 28 28 27 26 26 26 24 25 23 23 21 21 21
67 65 64 63 64 65 63 68 62 61 64 70 63 57 69 78 77 79 87 88 108 120 112 109 113 130 139 131 138 131 122 109 107 129 136 146 132 124 124 135 124 99 66 81 115 126 96 56 38 27 24 24 29 28 27 26 26 28 28 40 46 32 32 32 36 39 44 47 45 45 43 46 50 48 39 34 34 33 33 33 32 30 30 28 28 25 25 25 26 25 25 23 22 21 21 21
62 64 67 67 66 64 62 63 61 64 71 79 77 75 77 76 74 77 85 84 99 117 100 102 100 104 110 111 120 126 131 114 106 100 110 137 140 148 149 146 143 128 78 46 64 100 79 59 42 31 29 29 28 33 31 30 29 29 28 28 37 33 33 35 34 37 42 45 48 51 51 43 47 50 39 34 33 32 32 31 31 29 29 28 27 25 25 25 23 25 23 23 22 21 21 21
53 58 64 66 67 68 64 66 71 78 81 74 73 73 73 73 76 79 84 85 104 117 113 101 100 104 98 106 115 112 112 124 114 104 97 103 121 137 134 144 146 136 80 41 39 42 54 56 54 43 35 30 32 39 36 37 33 36 35 32 31 36 36 38 39 39 45 52 55 65 70 54 43 40 36 34 33 33 32 31 30 29 27 27 26 25 25 23 23 23 23 23 22 21 20 21
47 52 58 63 67 68 71 74 76 76 78 75 74 69 75 78 76 96 107 94 93 99 105 101 101 99 98 105 105 112 106 109 119 106 94 97 102 114 128 137 144 119 79 40 31 39 42 48 45 60 39 36 36 39 40 42 40 63 65 53 45 44 41 37 40 38 42 48 58 95 119 82 52 41 35 33 33 33 31 31 29 29 27 28 27 26 24 23 23 23 22 22 22 20 20 21
41 47 49 55 60 65 68 71 74 75 72 76 75 71 109 97 76 79 88 98 109 103 103 102 112 103 94 97 115 108 102 116 118 104 96 99 99 126 138 124 117 101 76 39 31 28 33 42 48 55 54 42 41 43 49 57 52 46 60 50 44 42 37 37 37 38 43 50 59 83 105 90 70 57 38 33 32 31 31 29 29 28 27 26 26 26 24 23 23 22 22 22 21 20 20 20
38 41 47 51 58 60 63 71 73 74 70 70 87 82 85 79 81 83 97 111 94 91 92 94 101 111 98 90 106 98 102 93 98 105 99 107 106 133 144 133 115 123 117 59 35 28 30 42 57 54 49 41 48 54 58 63 59 40 34 42 39 41 37 37 37 38 45 54 62 67 75 83 86 59 39 36 31 31 29 29 28 28 27 27 26 25 24 23 22 22 22 22 21 20 20 20
38 41 48 55 58 63 64 68 70 69 69 70 70 76 103 92 98 93 114 129 112 100 87 82 90 94 91 80 86 84 91 98 119 124 113 114 117 142 147 137 129 122 114 65 36 29 26 33 54 68 45 39 46 58 72 74 47 41 37 37 44 48 38 38 38 37 42 50 60 62 57 61 66 58 45 39 31 29 29 29 26 26 26 26 25 25 23 23 22 22 22 22 21 20 20 20
37 42 47 55 61 63 64 66 66 66 67 70 73 88 97 110 102 93 109 132 117 100 91 81 78 86 93 78 84 87 93 110 123 141 129 138 133 144 133 119 139 128 129 83 44 32 27 33 72 68 50 43 39 46 55 51 42 44 42 35 38 44 39 38 37 37 38 47 53 58 53 56 56 54 42 33 31 29 29 28 27 27 27 25 24 25 24 22 22 22 22 21 21 20 20 20
38 41 45 53 64 66 66 66 65 66 67 69 85 105 108 91 82 102 105 118 106 95 99 83 76 68 76 72 84 96 94 118 127 127 110 117 115 136 139 137 152 151 146 97 51 31 28 31 49 62 66 47 40 41 48 46 41 40 38 35 34 38 38 39 41 39 35 41 50 50 50 52 50 42 36 32 31 29 29 27 27 27 26 26 25 25 24 22 22 22 22 20 20 20 19 19
