inputs/cropped_bioclim_tortoise/wc2.1_2.5m_bio_12_band1.asc
ncols        480
nrows        504
xllcorner    -120.000000000000
yllcorner    24.000000000000
cellsize     0.041666666667
[rows 80 to 119 of 504, columns 364 to 454 of 480]
387 387 386 392 396 395 391 392 390 392 394 397 400 409 408 407 411 410 403 395 387 382 375 373 376 379 382 386 387 391 394 398 400 409 414 418 415 414 415 415 415 414 416 421 426 430 430 435 437 440 440 437 438 437 434 430 432 429 428 423 427 421 418 417 418 420 420 420 416 416 415 417 420 421 419 424 425 428 429 431 436 447 453 459 462 469 479 483 488 495 500
393 394 393 394 393 395 392 390 392 395 401 403 405 410 412 412 413 414 410 402 398 390 383 383 381 382 384 388 391 395 398 400 402 407 408 411 415 415 421 419 421 422 425 426 427 427 427 430 434 438 439 441 439 439 436 431 428 426 428 423 421 420 419 416 415 416 419 416 416 416 416 417 417 421 417 422 422 426 428 433 437 445 452 454 460 467 472 480 485 493 500
393 396 392 394 395 396 395 395 397 400 402 403 405 409 414 415 415 418 427 416 407 401 394 392 392 388 390 394 400 401 405 407 406 409 411 415 416 419 422 424 424 427 429 435 435 436 434 432 430 431 435 438 439 441 441 437 431 427 428 427 424 421 422 418 418 418 418 416 415 418 420 416 418 419 419 421 422 426 432 436 441 441 446 453 456 465 470 473 483 492 499
392 394 389 389 393 395 397 396 394 399 401 403 405 407 410 413 419 426 435 429 423 414 409 404 404 403 400 406 409 410 409 409 416 418 415 417 417 422 429 431 435 435 438 441 443 441 444 441 441 436 435 432 433 434 435 435 434 431 428 427 428 421 417 418 422 421 420 416 416 418 420 418 416 419 419 422 425 428 434 436 440 444 449 451 455 465 469 475 482 489 494
391 390 390 391 393 393 393 393 395 396 398 403 410 416 417 422 429 436 439 432 423 419 414 410 409 407 409 409 410 413 413 416 417 418 417 416 422 429 432 436 441 442 448 453 455 453 454 452 451 446 442 436 434 430 429 429 431 430 429 425 426 425 421 418 419 419 417 416 417 417 418 416 417 416 422 423 426 430 433 435 440 443 449 451 456 462 466 471 478 484 488
389 390 393 393 393 394 395 395 398 402 402 403 408 414 419 425 434 443 435 430 422 415 412 411 407 409 410 410 414 416 418 420 418 418 419 419 426 432 434 437 442 444 452 461 469 467 465 463 459 458 450 446 443 441 433 429 426 425 425 424 424 424 422 417 419 418 418 416 419 422 419 420 418 421 424 426 428 428 434 436 440 443 447 450 454 460 467 471 476 480 485
391 392 393 392 392 392 394 395 395 395 397 398 400 406 412 417 425 432 426 420 415 412 409 408 407 410 412 412 414 415 414 417 422 423 426 425 428 429 432 438 441 446 453 460 469 468 464 462 460 459 459 455 452 447 440 438 438 431 424 422 420 420 420 419 420 418 417 418 419 419 420 422 424 426 424 430 430 436 437 439 441 444 447 451 454 459 465 467 472 477 483
389 389 391 390 388 388 389 388 390 389 392 393 394 398 402 404 410 414 411 410 410 404 404 403 406 408 413 415 415 417 418 420 422 422 424 424 426 430 432 435 439 445 448 456 459 461 462 460 461 460 458 458 454 449 444 444 444 441 435 429 422 418 416 415 416 416 418 419 419 418 420 422 425 428 430 435 438 440 441 441 441 445 447 451 452 460 463 467 471 474 479
391 392 389 388 387 384 384 386 386 384 387 387 388 388 384 389 391 396 398 396 397 396 396 398 402 404 411 414 415 418 420 419 420 419 423 425 429 430 431 434 435 438 445 448 450 455 455 455 455 458 459 457 456 452 448 449 446 441 438 436 430 429 426 419 417 413 412 415 418 419 422 423 428 433 436 439 441 445 443 443 443 447 449 451 451 458 462 466 469 474 477
390 388 385 385 385 381 383 384 379 378 375 376 375 374 369 369 370 376 381 385 384 385 390 392 397 402 405 411 417 419 418 419 420 421 420 421 424 425 428 431 434 437 436 439 441 447 451 455 455 458 460 458 457 455 455 453 449 443 439 436 435 433 431 426 424 419 420 418 419 419 418 422 428 434 444 445 448 450 451 448 448 446 449 450 452 459 461 462 467 469 477
389 389 389 386 383 382 380 377 377 375 369 366 365 361 356 350 350 355 363 370 374 375 379 382 390 397 402 410 416 418 418 418 418 420 418 421 419 423 425 429 431 434 434 432 435 442 448 453 457 458 460 460 460 457 455 451 448 445 440 435 434 431 429 427 427 426 426 426 425 429 429 430 433 434 439 448 448 450 449 447 450 450 449 451 451 455 458 460 464 467 472
390 389 386 383 383 381 378 379 374 370 366 360 358 353 346 337 334 341 348 356 364 372 377 382 392 395 400 406 411 416 419 419 418 420 419 420 422 424 423 424 425 428 429 435 435 438 444 449 452 457 460 458 460 459 459 454 451 447 441 436 432 433 431 427 425 426 427 426 428 429 435 437 440 444 446 452 457 457 454 450 448 449 448 449 449 449 453 455 458 462 469
388 388 384 379 380 376 375 368 368 367 359 354 349 347 339 332 328 335 346 354 360 367 372 379 387 393 400 403 405 409 412 416 419 416 417 419 419 420 422 423 426 426 426 432 435 439 441 444 449 452 455 458 461 459 455 454 451 446 442 436 433 433 430 430 429 427 429 430 431 431 434 438 442 446 451 454 457 458 456 454 453 454 450 447 453 453 454 458 459 462 466
386 385 386 382 377 377 370 367 366 362 358 352 348 344 339 332 329 335 346 355 361 365 368 375 381 385 394 398 402 406 409 412 415 417 415 414 417 419 420 421 425 427 430 430 435 439 443 446 452 454 456 459 460 459 452 445 444 441 443 436 434 430 427 430 430 429 430 428 429 431 434 437 443 446 452 455 458 459 458 456 453 450 451 453 453 454 456 458 454 461 471
386 384 384 379 376 373 372 369 364 358 353 350 347 342 339 336 333 337 344 347 354 359 368 371 376 383 390 392 398 401 402 405 409 414 413 414 414 416 417 423 423 427 432 433 436 439 441 447 450 450 456 458 457 457 454 450 444 437 437 433 432 428 427 427 426 428 427 429 431 434 436 442 448 451 457 458 461 461 460 459 463 460 459 458 458 456 459 461 461 464 472
386 384 383 378 374 373 370 366 363 356 351 348 345 338 338 336 335 339 345 350 351 356 360 367 374 381 386 388 393 396 398 403 404 407 409 412 414 418 420 422 421 427 428 431 436 439 443 445 447 449 451 455 455 455 451 448 444 439 435 435 432 430 424 425 427 430 430 431 435 436 441 446 450 452 454 457 459 461 463 467 466 467 463 460 460 458 456 456 459 463 468
383 382 379 377 375 371 367 363 359 355 351 347 343 340 336 335 337 341 346 346 353 355 358 363 366 374 379 384 386 388 394 394 397 404 408 411 414 415 414 418 420 425 428 430 437 438 440 443 446 449 449 449 446 449 447 443 442 437 433 437 427 424 421 425 430 432 433 435 433 436 441 446 450 453 456 459 461 463 465 464 468 463 463 458 459 459 454 455 460 462 465
379 378 373 376 372 366 362 359 356 352 349 344 343 341 340 341 341 342 345 347 351 353 358 362 366 369 375 379 381 384 390 389 391 397 403 409 413 417 416 419 418 425 429 431 433 433 436 436 440 440 442 441 440 441 440 439 435 433 429 428 427 428 429 431 432 432 432 433 435 436 441 447 451 454 456 463 464 469 468 469 468 465 462 463 464 461 459 457 459 462 466
375 373 372 369 370 366 363 358 355 353 349 348 347 342 342 343 338 345 345 347 350 353 355 358 363 366 371 375 376 380 385 387 389 393 398 403 407 412 414 417 418 421 426 427 430 430 432 431 433 435 437 437 436 435 439 442 442 442 441 439 437 435 434 435 434 434 435 434 438 439 440 447 449 456 460 463 468 473 472 473 467 469 469 466 462 459 456 456 459 463 468
374 371 367 367 366 365 361 358 356 353 350 348 346 344 341 341 342 348 349 350 349 351 352 356 357 364 368 369 376 376 381 386 389 391 396 400 405 409 413 414 418 420 422 424 426 425 428 429 430 432 433 436 438 442 443 445 446 444 443 439 438 436 435 434 434 434 435 434 437 440 441 446 451 455 459 464 467 470 473 472 470 470 471 467 463 462 460 457 457 463 467
372 369 367 365 364 363 362 359 356 354 347 349 345 345 344 344 344 346 351 351 351 349 350 354 359 363 368 370 373 376 381 385 387 390 395 399 405 407 410 415 415 415 421 421 420 422 426 432 435 438 442 440 444 443 442 445 444 443 444 440 439 438 438 435 434 435 435 434 435 438 442 445 448 454 460 463 468 475 474 474 472 474 473 471 468 466 466 463 464 465 470
372 372 368 365 363 362 360 361 358 356 350 351 346 344 342 344 344 346 346 348 350 350 350 356 358 361 363 367 371 375 379 383 387 391 395 399 399 399 404 411 411 415 417 417 422 427 430 435 438 440 443 442 445 443 443 445 446 444 442 443 440 439 438 436 434 433 433 432 436 438 443 447 449 455 460 466 467 474 476 477 477 475 476 475 471 472 473 470 470 471 475
366 369 364 366 365 362 361 358 359 357 353 352 351 348 348 346 344 344 346 347 348 351 352 355 357 360 362 365 370 373 376 382 385 388 395 397 402 405 405 408 409 411 417 424 429 430 433 438 438 438 440 440 443 443 442 444 445 447 445 447 444 441 441 438 435 434 435 433 435 438 439 445 449 458 464 469 469 472 474 478 480 476 477 477 481 475 476 478 480 478 479
368 371 368 367 363 362 363 357 356 355 352 349 348 350 348 348 346 345 346 350 348 350 352 354 356 358 361 365 368 374 374 378 383 389 391 397 400 403 403 403 406 413 422 429 433 434 438 439 439 438 440 440 444 445 444 442 443 444 445 446 443 441 440 437 437 436 432 431 434 438 438 446 451 457 462 468 473 476 479 479 482 481 483 486 485 486 483 480 483 488 489
376 372 369 363 362 361 360 358 356 350 345 349 347 342 347 349 349 346 348 348 350 353 353 353 355 357 363 364 368 371 373 376 379 384 387 392 398 397 398 403 410 418 425 427 433 435 436 437 437 435 437 441 446 446 442 442 446 445 445 445 446 444 443 440 437 435 432 431 430 436 440 445 452 458 462 469 475 481 484 483 486 487 487 489 490 493 490 491 493 494 497
374 369 366 362 359 361 359 355 355 349 348 349 346 342 346 351 349 348 350 348 351 350 351 356 356 355 361 364 366 369 371 374 378 380 382 388 394 396 398 403 412 416 424 432 436 436 438 436 434 432 434 437 439 439 440 442 442 443 445 446 447 445 445 439 435 434 429 431 430 435 440 448 453 460 468 475 477 482 487 490 489 491 490 492 496 498 495 498 499 500 502
373 365 365 361 359 359 357 356 353 348 352 350 350 350 348 352 350 346 347 348 350 348 350 354 355 354 357 362 366 369 373 373 377 378 382 387 391 396 396 407 415 419 424 430 433 433 437 435 433 433 435 435 438 438 440 441 442 442 446 448 452 448 445 442 434 433 431 429 428 432 441 446 455 462 471 480 486 488 491 494 495 495 494 497 499 503 504 503 507 507 510
369 366 363 361 358 355 360 355 352 352 353 357 351 348 348 345 345 347 348 346 349 349 350 352 355 353 358 361 365 367 367 371 372 377 382 385 387 388 396 406 409 419 425 432 433 432 433 432 430 430 431 432 433 436 437 439 441 441 444 445 446 446 444 443 436 433 431 429 429 433 442 446 455 462 472 479 489 492 492 493 496 495 497 500 503 505 509 507 510 510 517
369 362 361 361 356 353 355 353 348 351 354 354 351 349 345 347 345 345 349 346 349 349 347 352 354 353 354 358 363 365 367 368 372 376 381 381 385 390 400 405 409 418 423 429 427 427 427 427 426 427 426 429 431 434 435 435 439 441 445 446 447 447 444 442 438 433 436 432 434 434 440 447 456 465 472 480 489 496 498 498 498 500 501 502 501 505 510 514 516 520 520
371 365 360 358 357 353 351 352 349 353 352 353 349 349 347 349 346 347 347 346 348 348 348 350 352 354 355 356 361 362 364 367 372 372 375 378 387 393 395 401 407 414 419 422 424 422 420 421 421 423 424 425 429 429 430 434 437 442 443 444 445 445 443 440 439 440 437 434 435 439 446 452 458 469 475 481 488 492 493 497 502 500 501 502 506 506 510 513 519 527 524
378 370 366 364 357 355 354 351 353 353 354 351 354 348 346 345 346 345 342 343 346 347 350 350 348 351 354 357 357 359 363 366 368 369 373 382 389 390 396 399 402 408 414 415 416 419 416 414 416 418 420 420 423 429 429 433 437 437 442 443 440 442 443 443 439 443 440 440 440 443 447 456 462 470 474 484 489 495 497 500 502 504 505 507 506 509 511 517 520 523 527
378 371 366 364 359 358 357 353 351 348 350 352 350 346 345 345 346 343 341 341 341 343 346 347 349 345 350 352 353 356 359 361 364 371 377 385 387 389 394 399 402 406 409 408 411 411 409 407 410 410 413 419 421 425 426 430 435 437 441 442 444 442 441 443 442 442 441 442 444 446 450 455 460 468 477 484 490 496 502 505 506 508 511 509 512 516 520 521 523 523 527
374 375 370 367 362 361 359 356 354 356 352 348 349 342 344 345 345 343 344 345 343 341 340 343 343 347 345 349 351 354 355 361 367 372 376 380 385 384 393 400 401 402 406 408 407 407 405 405 405 407 412 417 419 425 428 431 433 436 438 439 440 441 443 444 443 444 444 445 447 448 454 461 466 470 475 483 489 495 500 505 508 509 512 512 515 518 520 525 527 529 527
379 377 376 370 362 368 362 356 360 362 358 356 352 350 348 345 345 348 349 347 344 344 342 339 338 342 344 345 349 353 357 363 367 372 377 380 385 386 390 395 397 400 402 405 405 404 401 399 400 406 410 416 420 422 424 430 433 436 437 438 440 439 442 443 444 446 447 446 449 454 458 461 468 473 477 484 488 495 499 505 504 509 513 513 516 522 526 528 533 531 532
383 382 380 374 366 367 364 363 362 364 363 360 357 353 357 358 352 350 350 350 344 344 344 341 340 342 347 347 347 353 358 364 367 369 374 379 385 388 388 392 394 398 401 403 401 402 400 396 396 405 410 418 422 423 423 431 434 433 436 439 441 442 446 444 445 445 449 449 452 454 460 462 468 474 476 484 490 494 498 503 509 508 511 517 520 522 527 527 531 532 533
386 384 383 379 374 368 369 366 363 364 363 365 363 357 357 358 356 352 350 348 348 346 346 345 343 344 347 350 354 356 361 362 366 371 374 379 385 388 392 393 394 397 397 397 397 398 395 398 399 408 409 414 419 420 422 429 433 433 437 441 443 443 444 447 447 445 450 452 451 454 459 460 469 475 477 483 488 491 496 500 506 510 512 516 520 524 526 530 530 533 533
386 385 388 382 376 375 372 369 367 364 361 360 360 362 361 357 354 353 350 350 350 350 350 349 348 349 352 353 355 356 362 365 371 372 374 379 387 388 389 394 396 396 396 395 397 397 399 401 405 409 414 415 417 420 425 428 431 434 436 440 442 444 446 447 448 450 448 454 453 455 459 458 466 473 477 483 490 495 498 500 505 508 510 518 522 523 527 526 525 529 531
390 390 388 380 381 376 376 373 368 367 365 362 366 363 361 362 359 357 358 356 354 352 351 351 350 352 354 355 355 360 361 366 370 373 374 381 385 387 389 391 393 396 394 396 395 400 400 402 406 411 413 416 418 420 422 426 430 432 434 439 441 445 445 446 447 446 450 451 453 455 456 461 464 467 474 477 485 493 496 498 503 505 512 516 523 527 532 533 535 539 539
395 391 392 383 380 378 378 375 371 368 370 366 370 370 366 367 366 363 360 358 358 358 354 354 354 352 355 355 357 361 362 366 369 375 379 382 383 388 391 392 393 395 395 395 399 401 403 406 405 409 413 416 421 421 425 427 428 433 437 438 440 443 445 448 448 445 444 446 453 454 455 459 465 464 471 474 480 488 493 497 501 509 514 521 526 531 534 536 539 538 540
396 394 391 384 381 378 377 376 372 373 371 370 369 370 369 371 368 366 363 359 359 359 360 361 360 356 355 356 357 362 362 367 370 374 378 383 385 389 393 393 395 395 398 398 399 400 405 406 409 412 413 419 421 424 427 428 430 434 435 438 440 443 447 450 450 448 449 446 448 450 455 460 461 464 467 472 478 484 489 493 504 511 519 522 527 532 536 537 538 539 541
