inputs/cropped_bioclim_tortoise/wc2.1_2.5m_bio_18_band1.asc
ncols        480
nrows        504
xllcorner    -120.000000000000
yllcorner    24.000000000000
cellsize     0.041666666667
[rows 252 to 293 of 504, columns 95 to 189 of 480]
33 32 31 23 21 21 21 21 21 22 23 23 23 24 26 38 29 32 36 48 60 50 53 39 34 32 32 34 35 34 32 32 31 32 33 33 31 28 26 25 26 30 35 42 48 48 52 53 54 49 54 56 59 63 71 63 61 56 55 65 79 84 77 78 85 91 88 83 89 97 89 79 89 106 118 111 117 125 134 145 136 146 160 174 180 178 185 190 187 177 161 153 197 188 181
34 32 30 26 23 23 23 21 21 21 23 23 23 23 23 26 26 29 33 43 50 47 39 34 30 31 33 37 39 37 35 32 30 30 30 30 29 28 28 26 26 26 30 34 39 44 51 49 47 51 55 53 57 62 68 64 63 62 56 66 75 86 92 96 92 89 81 79 87 80 78 93 100 115 120 118 125 127 123 131 133 141 152 168 166 182 234 241 235 177 160 152 141 138 137
39 34 33 34 28 35 34 25 21 21 25 25 23 23 23 23 24 27 30 36 47 39 34 32 29 32 35 39 45 49 39 33 32 31 30 30 31 31 31 31 31 28 28 30 32 39 49 49 45 47 49 50 55 62 63 67 69 73 62 54 64 72 82 89 91 92 85 76 69 76 79 98 104 117 117 122 129 134 131 129 131 140 148 150 158 219 236 237 233 225 162 148 182 133 131
42 42 40 45 39 40 37 29 25 23 25 26 23 23 23 23 24 26 27 31 43 34 30 28 28 31 37 45 50 49 43 35 33 32 33 33 35 37 38 42 43 40 33 31 28 32 38 45 43 41 43 46 50 52 58 63 63 66 59 54 52 63 70 100 71 100 72 70 68 70 81 91 99 110 111 118 135 145 146 138 134 138 144 138 152 197 217 224 176 166 156 148 141 135 128
38 39 36 36 42 42 42 33 27 25 25 27 25 23 23 22 23 27 26 26 31 29 25 25 27 30 38 50 57 49 47 38 35 33 34 37 40 43 52 61 51 46 42 38 34 30 32 35 41 38 40 42 45 48 52 61 61 56 53 53 51 53 55 58 58 61 65 106 88 76 81 91 103 111 105 111 128 152 145 141 142 145 140 131 141 141 199 218 170 157 145 130 135 134 130
34 33 32 30 36 45 41 36 32 29 28 30 30 26 23 23 22 26 26 24 24 24 24 25 25 28 35 43 50 52 43 43 33 31 32 35 38 37 41 45 47 43 38 33 31 28 36 36 33 35 36 38 43 45 49 53 57 53 49 47 49 52 54 58 61 90 96 100 110 85 85 92 99 101 103 107 126 183 144 140 147 151 141 128 129 135 151 211 220 168 143 123 119 121 125
32 32 30 28 28 34 37 37 45 35 32 34 38 32 26 23 22 24 27 29 24 24 24 24 25 28 32 37 46 52 41 37 33 31 30 31 31 31 33 33 35 33 30 28 28 33 41 44 41 39 41 41 43 41 41 43 48 51 49 51 52 53 54 59 63 90 93 96 106 108 112 89 95 106 114 116 111 164 184 184 200 192 135 124 125 138 157 226 239 218 148 127 116 108 120
30 30 30 28 27 27 27 29 34 39 35 36 42 40 31 25 23 24 27 37 30 26 25 23 23 26 28 32 38 43 36 33 31 29 29 28 29 29 28 28 28 27 26 26 31 38 41 42 42 46 50 48 45 45 45 45 45 53 63 67 61 56 57 60 62 65 91 94 99 103 110 87 91 96 100 105 105 106 155 166 182 181 134 127 124 140 195 213 226 225 228 143 108 111 120
32 32 30 28 27 27 27 26 27 29 34 34 38 39 35 28 25 24 26 31 39 29 25 23 23 25 26 28 33 38 33 31 29 28 27 27 27 26 26 25 24 24 26 27 31 33 40 40 45 49 48 49 50 49 49 51 53 59 91 93 83 60 61 62 64 88 91 94 99 103 108 84 86 89 93 95 96 97 102 112 123 170 129 133 125 139 187 203 201 224 224 190 104 111 110
36 37 33 31 28 27 29 29 29 29 32 35 37 38 35 31 28 25 26 33 34 27 25 25 25 25 26 27 28 30 29 29 29 29 29 27 25 25 24 24 24 24 26 28 32 33 36 39 41 44 47 49 50 54 58 60 60 55 56 59 86 86 90 96 104 108 103 95 96 99 103 80 84 87 88 90 93 93 95 99 102 110 108 111 125 134 130 186 168 178 187 187 106 94 98
39 43 42 34 35 32 31 34 37 34 36 35 34 35 37 40 33 28 26 29 31 29 27 27 27 28 29 26 26 26 26 27 30 36 31 29 29 25 24 24 24 25 27 29 33 35 38 40 41 43 45 47 50 55 56 55 52 53 55 80 85 91 106 126 132 114 101 95 97 100 102 78 80 86 86 86 88 88 90 90 89 97 110 127 127 112 111 122 110 112 119 114 98 84 98
44 43 42 39 39 35 34 34 35 32 35 35 30 30 38 48 43 31 26 29 34 36 32 30 28 30 32 27 25 25 25 27 29 32 31 29 32 24 24 24 24 26 28 30 33 35 36 38 40 42 43 45 47 50 50 50 52 53 77 82 96 115 121 101 95 92 90 90 90 97 99 74 77 80 82 83 84 84 83 85 93 102 117 129 121 113 103 105 99 97 103 99 86 82 94
43 42 40 37 37 40 35 31 29 27 27 27 27 27 29 33 42 32 26 26 29 34 44 41 30 30 29 27 26 25 25 25 27 28 27 25 25 23 23 24 25 30 31 31 31 33 35 38 40 41 43 45 47 47 48 50 52 55 81 91 117 102 91 87 86 86 86 89 90 93 95 72 74 77 81 83 84 82 81 81 86 94 102 113 120 120 107 97 93 84 81 84 80 84 94
43 39 34 31 30 34 32 27 27 27 27 26 26 26 27 27 36 30 26 24 25 27 32 36 30 31 33 29 27 26 27 27 28 30 30 25 23 23 23 23 27 30 32 33 33 35 39 40 40 41 43 45 47 47 49 51 54 87 101 93 89 85 83 83 84 84 86 89 89 92 94 72 74 78 83 85 86 85 83 82 79 84 89 98 103 105 103 99 84 75 72 79 86 84 85
41 41 38 32 30 29 29 29 29 30 33 33 38 32 26 25 30 28 24 22 22 25 27 31 30 29 35 35 29 27 31 32 34 37 30 26 23 23 23 25 28 30 32 33 34 37 41 41 40 40 42 43 45 47 51 54 82 96 93 83 82 82 82 83 84 87 92 95 93 91 93 72 76 81 85 86 87 88 86 84 77 76 83 85 90 92 96 88 81 74 70 81 75 77 84
44 44 40 41 42 37 34 32 33 33 35 40 35 27 24 23 25 33 24 22 22 23 25 32 33 26 26 29 33 29 27 30 35 36 30 24 23 23 24 27 30 31 32 32 34 38 42 41 41 40 42 42 44 47 51 92 90 83 81 81 80 81 84 86 95 112 111 109 96 91 67 71 77 75 76 78 80 78 78 76 74 72 76 79 79 79 80 81 76 71 67 70 68 70 72
42 41 43 47 43 40 37 37 37 38 40 41 36 27 24 22 22 23 22 21 21 25 32 35 32 25 27 27 27 27 26 26 28 38 32 26 23 23 24 28 30 30 31 32 34 37 43 43 42 41 40 42 43 45 49 83 84 79 79 80 79 82 86 105 140 133 106 89 90 91 68 68 69 69 69 71 71 71 71 71 69 69 71 71 71 71 69 72 71 66 61 63 63 65 68
35 38 40 42 41 40 43 42 40 41 38 38 35 27 23 21 21 21 20 20 21 27 39 37 28 24 27 32 27 25 24 25 26 28 32 28 24 24 24 26 28 28 30 32 34 36 40 44 47 42 40 40 42 44 46 72 79 78 77 77 83 88 95 99 103 100 87 85 91 94 71 69 67 66 65 65 65 65 65 66 65 67 67 66 66 65 64 64 62 61 57 59 60 59 61
29 33 39 44 40 38 44 48 40 40 33 35 31 25 23 23 22 22 22 21 21 23 28 26 24 22 23 31 30 24 24 24 24 24 26 26 24 24 26 27 28 32 30 31 33 36 42 47 46 43 42 42 42 42 44 46 72 79 78 76 77 77 78 81 83 81 82 85 91 96 100 72 71 67 63 61 61 61 61 61 61 64 64 62 62 60 60 59 57 56 56 56 56 56 55
22 26 27 29 28 28 31 31 28 24 24 25 25 28 28 26 26 24 23 22 21 21 21 22 22 22 22 24 32 26 24 24 23 23 23 23 23 24 26 29 34 36 34 32 34 37 41 46 47 44 44 42 41 41 41 44 69 73 78 78 75 74 74 75 75 76 78 81 85 90 96 100 100 68 63 60 59 59 58 59 57 60 61 59 58 57 56 54 55 53 53 55 53 52 52
19 22 23 21 23 25 26 26 29 28 28 28 28 33 38 36 34 30 25 23 23 21 21 20 20 21 21 23 26 26 24 22 23 22 22 23 23 24 26 30 36 34 34 33 34 37 46 48 48 46 45 44 41 41 41 42 43 70 71 71 74 72 72 73 73 75 75 77 83 88 86 86 61 63 63 64 57 56 56 55 57 61 64 66 65 56 54 53 51 52 52 51 50 51 52
14 16 18 19 27 33 31 30 28 28 28 28 28 32 38 41 41 34 30 25 23 22 22 22 21 21 21 21 23 23 22 22 22 22 23 23 23 25 27 32 42 36 34 33 35 37 46 54 60 52 50 47 42 42 42 42 43 67 68 68 70 71 72 72 72 73 73 73 75 83 84 55 54 56 55 54 55 54 54 53 56 61 78 86 66 54 53 52 52 52 51 51 51 51 52
11 12 14 16 19 36 45 29 26 24 24 26 28 31 36 44 46 40 34 28 26 24 22 22 22 22 22 23 23 24 22 22 22 22 22 23 23 25 28 32 42 38 33 34 37 39 42 52 55 54 52 52 49 42 44 44 43 43 67 68 68 69 70 70 70 71 47 47 47 48 52 54 51 51 50 50 50 52 52 52 54 58 72 93 68 52 51 50 49 49 50 51 51 52 52
16 16 16 12 12 14 17 18 20 23 27 29 30 31 33 36 39 39 35 30 28 26 24 24 23 23 23 23 24 26 22 22 22 22 22 23 24 26 28 34 36 38 36 35 37 39 42 45 49 51 51 49 47 46 44 44 44 44 44 68 71 72 75 72 46 46 46 45 45 45 46 48 48 48 47 48 48 50 50 50 52 54 61 76 58 49 49 48 48 47 49 50 51 52 52
15 15 15 16 12 12 13 15 19 29 32 33 32 32 33 35 37 37 37 33 33 29 27 27 27 26 24 24 24 24 22 22 22 22 22 24 25 27 30 32 36 34 34 35 37 41 45 46 49 51 51 51 50 46 45 44 44 44 44 70 71 74 80 82 73 46 46 45 45 45 45 46 46 46 46 46 46 47 47 49 50 52 56 58 51 49 48 46 48 48 49 50 50 51 52
15 15 15 15 15 12 12 13 15 22 25 29 27 28 29 30 34 35 35 33 33 31 29 27 26 25 25 24 24 22 22 22 22 22 24 24 26 28 30 34 34 34 35 35 37 40 44 49 53 58 57 54 52 49 45 46 46 44 44 44 71 72 75 78 80 76 46 45 44 44 45 50 50 46 48 44 45 46 46 46 49 49 49 49 49 48 48 48 48 48 49 50 50 50 52
15 15 15 15 15 17 12 12 13 14 17 20 21 22 25 26 30 32 33 32 30 29 27 27 27 25 25 26 25 24 22 22 22 22 24 25 28 30 30 32 34 36 35 36 38 42 49 62 65 66 62 59 57 51 52 51 47 47 48 46 71 72 72 72 78 82 48 44 44 43 43 47 46 45 44 43 44 44 45 46 47 48 48 48 48 47 47 47 47 47 48 48 50 51 52
15 15 15 15 15 15 16 17 12 12 12 15 16 18 20 23 28 28 31 30 29 27 27 27 25 25 25 25 26 26 24 22 22 23 24 26 30 30 32 32 33 37 36 37 38 42 52 67 69 64 60 57 53 51 49 49 47 55 52 46 44 44 45 45 47 48 49 46 45 44 43 43 43 43 43 43 43 43 44 45 45 45 45 46 46 47 48 50 51 49 48 48 50 53 56
17 15 15 15 15 15 16 16 16 16 12 13 14 15 16 19 24 28 28 28 27 27 27 25 25 25 25 24 24 26 24 22 22 23 26 32 32 32 32 33 35 37 38 38 40 42 44 48 55 59 57 55 53 49 48 46 45 45 45 42 42 42 42 43 45 47 48 48 46 45 44 43 43 43 43 43 43 43 43 45 45 45 46 49 48 48 48 50 58 65 50 49 51 53 59
17 15 15 15 15 15 16 16 16 17 17 12 13 14 15 16 20 24 26 27 27 27 27 27 26 26 26 25 24 24 23 22 22 23 28 32 34 37 33 35 39 41 39 38 42 41 41 41 42 44 49 56 50 47 46 44 43 42 41 41 40 40 42 43 44 46 48 51 48 44 44 44 44 44 44 43 43 43 43 47 48 47 47 49 48 48 49 50 54 69 84 56 49 49 51
16 16 15 15 15 15 16 16 16 17 17 11 13 13 14 16 17 19 25 28 29 29 29 28 27 27 27 26 26 26 24 23 22 23 28 30 32 34 33 33 37 38 37 42 40 39 39 38 38 38 40 44 46 46 44 44 42 41 40 39 39 39 40 40 43 43 45 45 46 46 44 42 45 46 47 47 45 45 44 45 45 45 47 50 50 50 51 51 52 54 66 88 58 51 51
16 16 17 17 15 15 16 16 16 17 17 12 13 13 14 14 16 17 19 25 29 29 31 31 30 29 28 27 28 28 26 24 23 24 26 30 29 29 31 31 31 32 34 44 44 40 38 37 36 36 36 38 39 43 43 42 42 40 39 39 38 38 39 38 40 40 41 41 42 42 41 40 42 44 47 49 48 45 45 43 44 47 51 54 54 54 51 51 52 54 56 67 77 52 53
16 16 16 16 15 16 16 16 16 17 18 18 13 13 14 14 16 17 17 19 21 22 27 31 32 32 30 28 28 28 27 26 23 25 28 28 28 29 43 28 30 30 32 37 44 43 39 37 36 34 34 34 35 39 39 40 42 40 38 37 37 37 37 37 38 38 38 40 45 40 39 39 40 45 47 49 50 51 49 44 44 46 54 54 56 55 55 53 53 54 54 61 78 58 53
16 16 15 15 10 11 16 16 16 18 18 19 20 20 21 14 15 16 17 17 19 20 21 22 27 29 29 28 30 30 28 25 23 25 38 38 37 40 39 41 43 30 32 35 39 48 42 39 36 34 33 33 33 34 36 36 38 36 36 36 36 36 36 36 37 36 36 37 39 38 37 37 39 49 46 43 44 47 45 47 44 45 49 54 62 62 57 57 54 54 55 59 60 56 54
16 16 10 10 11 11 11 11 11 18 18 19 19 20 21 21 22 16 16 17 17 19 20 21 22 24 26 26 30 32 28 25 23 33 36 38 35 37 37 39 42 30 31 33 35 43 47 42 38 34 33 31 31 33 33 35 35 34 34 34 34 34 35 35 35 36 36 36 37 43 37 38 39 40 40 41 42 42 44 49 44 45 48 54 62 64 59 58 56 56 57 58 58 57 56
18 16 16 11 11 11 11 11 12 18 18 19 19 20 21 22 22 15 16 17 17 19 19 20 21 22 24 25 26 28 28 27 34 33 33 36 34 34 36 37 41 29 29 31 34 39 45 44 44 35 31 31 30 31 31 32 35 37 36 36 34 34 34 34 35 34 35 35 36 37 38 38 41 39 40 41 41 42 43 46 44 45 48 51 55 62 61 59 59 58 59 58 60 59 58
26 24 16 16 17 17 12 12 12 12 18 19 13 20 21 22 22 23 16 16 17 19 19 19 20 22 22 24 25 26 27 27 38 37 36 37 35 32 33 36 41 43 29 30 32 34 37 38 40 33 31 30 29 29 30 31 31 34 34 32 32 33 33 33 33 34 34 36 36 38 39 39 41 41 41 42 42 42 44 43 45 47 49 51 55 60 63 63 62 63 62 62 62 61 59
21 19 16 16 17 17 18 12 12 12 18 19 12 20 22 22 22 23 16 16 17 17 19 19 20 21 22 22 24 25 27 27 38 39 38 36 36 34 35 36 38 27 27 28 30 32 33 33 33 32 30 29 28 28 29 29 30 31 31 31 31 32 32 32 33 33 35 36 38 39 39 41 43 41 42 42 43 44 44 45 47 49 50 54 55 59 66 74 72 67 64 63 62 61 61
16 16 16 16 16 17 12 12 12 12 12 13 12 13 21 22 22 23 16 16 16 17 18 19 20 20 21 22 22 28 28 37 36 36 38 39 34 32 35 36 38 25 26 27 28 29 29 30 31 31 29 28 28 28 28 28 29 29 29 30 31 31 32 32 33 35 36 37 38 40 40 41 41 41 43 43 44 44 46 47 47 49 51 55 57 59 65 75 74 72 66 66 69 64 63
17 16 16 16 16 16 17 17 18 12 12 13 13 21 21 22 22 23 16 16 16 17 17 18 19 19 20 21 22 25 28 27 34 34 35 35 35 32 32 34 23 24 24 26 27 27 27 28 28 27 27 26 26 26 27 28 28 29 29 30 30 31 32 33 33 35 36 38 38 40 40 41 41 41 43 44 46 46 47 49 49 51 53 58 59 63 63 67 69 69 67 69 72 71 68
23 17 16 16 16 16 16 17 18 19 19 13 14 21 21 23 23 24 16 16 16 17 17 17 18 19 19 20 21 22 25 25 25 25 32 32 33 32 35 23 23 24 28 29 27 28 26 25 25 25 25 25 26 26 27 28 28 29 29 30 31 32 32 33 34 35 36 38 38 38 40 40 41 43 43 44 48 48 49 50 51 53 56 66 69 69 69 70 72 72 71 71 76 77 75
16 15 15 16 16 16 16 17 18 18 19 20 14 22 22 23 23 24 24 16 16 16 17 17 18 18 19 19 21 21 23 23 23 31 32 33 31 34 35 23 22 24 28 28 28 25 25 23 23 24 42 42 42 26 29 28 28 29 29 30 31 32 34 34 34 35 36 37 38 40 40 41 42 43 44 46 48 49 50 52 53 55 59 64 68 71 81 90 80 78 75 75 81 97 90
