inputs/cropped_bioclim_tortoise/wc2.1_2.5m_bio_16_band1.asc
ncols        480
nrows        504
xllcorner    -120.000000000000
yllcorner    24.000000000000
cellsize     0.041666666667
[rows 123 to 163 of 504, columns 92 to 183 of 480]
110 108 95 91 88 92 94 107 142 120 88 84 84 86 97 101 96 86 82 82 89 115 91 83 83 86 97 116 95 89 81 75 74 75 79 101 123 93 85 89 106 117 90 78 77 79 79 84 87 89 90 93 99 131 155 123 86 65 56 54 54 56 56 60 63 69 66 69 69 63 65 64 67 70 64 61 60 60 63 62 59 58 60 62 65 68 69 73 79 89 99 99
106 100 93 90 89 94 97 107 135 108 88 84 85 90 101 100 97 83 82 81 84 92 83 84 83 86 102 120 97 89 94 75 75 75 78 92 111 94 86 86 104 96 80 76 76 79 82 91 105 110 113 112 120 151 142 116 78 65 61 57 56 57 58 61 67 73 69 72 69 64 65 68 77 74 66 63 63 66 68 75 68 59 59 62 62 65 68 69 74 79 83 88
102 97 90 89 88 94 98 107 127 95 97 93 90 94 102 99 90 83 84 83 83 95 86 84 83 90 109 112 97 92 107 91 75 74 78 88 121 104 86 83 88 81 75 75 76 82 88 100 105 114 130 128 141 145 123 84 70 62 59 57 58 61 61 62 69 74 67 71 69 65 64 69 79 74 66 64 65 71 73 74 71 59 58 59 62 68 70 69 70 74 79 83
102 98 93 94 95 98 98 112 114 90 104 94 109 115 97 90 85 81 83 84 100 123 96 84 82 86 99 89 92 112 121 113 75 74 78 89 129 117 82 78 80 77 77 76 80 100 122 114 100 97 109 129 140 123 91 71 64 60 57 58 60 64 62 63 70 81 66 71 69 65 66 70 76 77 69 65 65 68 66 64 62 59 59 58 61 63 66 66 69 73 77 78
99 97 98 100 100 100 97 115 118 92 104 90 112 112 96 89 82 84 84 85 107 119 94 83 81 81 82 83 103 129 131 100 74 74 77 97 127 118 81 74 75 77 79 79 82 94 116 122 113 98 87 90 94 84 71 63 59 59 58 59 63 66 65 64 68 83 70 70 68 64 65 65 68 72 68 65 65 64 62 60 60 62 64 63 61 62 63 66 68 73 75 76
97 107 100 100 101 95 98 113 119 90 107 96 106 105 93 86 82 83 83 86 100 113 95 83 80 79 79 83 103 121 111 83 74 73 77 104 130 112 88 74 73 73 77 82 80 84 89 99 109 114 94 81 80 71 64 61 62 64 63 63 68 74 69 63 64 72 64 65 64 62 62 62 65 67 68 67 63 62 62 61 62 61 63 63 62 62 63 67 69 73 76 74
94 99 100 96 97 96 103 122 136 97 98 101 86 83 84 86 82 82 82 84 88 94 93 84 80 77 79 80 94 98 81 73 72 72 79 114 133 118 91 73 71 71 74 76 79 82 85 87 87 87 91 79 71 65 61 61 65 75 71 70 67 70 72 64 61 61 64 63 62 62 63 64 70 71 72 69 66 63 64 62 61 61 61 63 63 63 65 67 70 71 73 75
99 100 96 100 99 99 110 127 124 91 90 90 83 81 85 92 86 83 82 84 87 92 94 84 81 78 79 80 101 89 74 71 71 72 82 121 130 118 93 72 69 69 71 73 79 84 86 84 84 83 79 73 66 63 62 62 66 80 79 69 64 64 62 63 61 63 65 71 67 65 64 63 65 70 77 78 74 64 64 64 61 59 64 64 63 63 66 67 70 72 74 78
107 112 104 99 105 107 108 114 108 90 94 86 82 82 85 89 85 85 84 85 89 96 101 98 91 80 78 87 106 89 73 71 71 72 82 97 116 141 100 70 70 70 70 74 97 97 93 88 85 78 73 68 64 60 60 63 67 75 80 68 63 60 58 60 65 63 58 73 77 70 68 64 64 70 74 72 73 62 61 64 64 67 64 62 62 65 66 70 70 72 76 79
106 106 107 111 116 113 115 103 90 86 84 83 82 83 86 89 90 88 91 90 94 93 95 98 88 89 98 101 108 103 74 72 71 71 79 83 114 139 106 70 69 70 70 80 119 125 100 91 85 77 71 67 63 60 60 64 69 79 81 72 64 60 60 60 65 65 61 76 83 73 69 66 64 67 72 68 64 61 60 60 66 64 61 63 63 65 68 70 72 73 75 78
107 108 112 125 122 108 112 96 86 86 85 86 84 84 85 89 96 96 95 91 88 83 82 83 88 101 110 116 101 109 92 79 70 72 91 90 126 152 119 73 68 73 69 75 109 133 108 93 85 74 68 63 61 60 59 61 69 77 87 73 65 59 59 61 62 63 60 78 91 79 71 66 64 64 67 69 64 61 62 62 61 62 61 66 67 69 73 71 73 75 76 82
96 100 108 112 103 95 95 91 85 83 85 90 85 85 87 89 101 99 94 93 85 82 78 83 91 104 96 101 92 83 105 87 72 80 92 100 129 159 131 77 67 81 80 71 96 125 113 106 105 84 69 62 59 62 58 58 63 69 76 70 61 56 58 66 62 59 58 80 110 99 78 69 66 62 64 67 66 61 61 62 61 64 65 67 67 71 74 71 74 76 80 89
92 103 101 90 91 90 87 86 84 81 87 91 83 84 87 91 103 94 89 90 85 82 80 82 88 108 92 91 92 78 78 75 72 94 101 111 134 160 136 85 69 77 78 70 92 121 116 109 103 99 71 63 59 59 58 58 61 66 75 67 62 57 57 63 64 59 60 75 88 86 81 71 70 62 61 62 62 60 61 66 65 62 65 67 68 70 75 75 76 79 83 92
89 103 92 85 87 86 85 81 80 81 86 85 83 84 89 93 100 100 91 103 86 83 84 84 87 110 101 87 86 81 78 77 75 99 116 121 146 155 152 97 66 68 67 68 88 127 137 135 116 109 75 62 58 60 60 58 59 67 75 72 67 60 57 63 61 58 66 88 81 77 70 65 63 64 61 61 60 63 64 64 64 63 64 68 68 71 74 77 76 79 86 97
81 83 83 80 80 80 81 79 84 83 83 83 82 87 110 116 114 111 98 108 87 85 84 83 90 102 99 94 90 88 87 81 80 104 134 133 147 129 140 103 72 67 66 73 93 121 140 157 145 122 84 63 62 62 59 59 64 68 80 83 76 66 61 60 57 56 80 80 74 71 68 65 63 62 63 64 64 65 67 62 63 63 67 69 71 73 76 77 76 80 89 97
78 81 81 78 78 77 78 78 80 81 81 82 83 86 112 123 115 115 106 109 88 83 82 80 90 99 92 94 100 103 93 86 82 94 125 126 142 117 98 76 69 69 71 88 109 129 135 144 131 111 81 64 59 57 58 64 71 76 93 94 82 69 60 59 56 62 79 83 76 69 66 65 66 66 65 68 66 67 65 64 65 64 67 71 75 75 76 77 78 84 93 98
80 77 77 77 76 75 75 77 79 79 80 81 84 77 88 104 103 105 112 104 89 82 81 80 84 88 84 86 100 115 100 92 88 88 97 112 129 132 92 73 69 70 74 88 115 111 111 126 122 98 72 62 59 57 61 67 78 84 86 89 80 68 60 57 57 76 107 97 82 70 66 64 64 65 64 64 67 72 68 66 68 68 70 72 73 75 76 81 82 87 97 101
74 72 73 76 77 77 76 76 77 77 77 80 79 76 80 90 98 106 108 103 100 88 84 83 82 82 82 87 109 134 111 96 85 82 94 120 117 131 94 73 69 70 82 97 99 89 87 87 82 71 63 60 60 60 67 71 77 75 76 83 84 78 64 56 58 75 104 90 80 70 64 64 62 62 61 61 64 66 67 68 67 69 72 77 74 76 83 84 85 90 96 103
69 68 68 71 75 81 81 77 76 75 75 77 75 76 80 87 94 115 111 100 105 98 91 85 82 79 80 84 101 131 124 97 85 83 87 106 110 96 83 73 70 70 91 106 94 84 80 74 70 64 61 60 60 60 64 72 77 68 69 76 85 85 69 59 57 62 81 84 76 68 63 61 61 61 60 62 65 64 66 69 70 70 72 75 77 78 82 88 88 93 100 105
67 67 69 70 77 93 93 80 74 70 70 73 74 75 77 84 91 107 108 101 104 97 90 84 84 79 77 78 89 121 131 101 85 84 85 98 113 98 81 72 69 72 104 127 113 103 91 75 66 65 62 61 60 61 61 64 67 65 65 71 81 85 81 73 59 58 64 69 69 64 61 64 61 60 59 63 65 67 72 73 71 72 75 76 77 79 84 92 92 96 103 109
67 67 67 68 74 89 90 78 70 68 69 71 72 71 72 80 93 107 102 99 94 90 83 81 77 75 73 75 84 111 118 97 86 83 86 98 109 92 80 73 71 73 90 126 146 123 103 84 68 65 63 61 61 61 62 62 61 62 64 68 84 92 94 95 74 66 60 64 64 63 62 64 62 60 60 63 66 77 74 73 72 73 74 78 79 82 87 90 94 101 109 115
68 66 66 67 70 73 83 79 70 67 67 68 68 67 69 74 90 119 110 100 92 84 78 77 75 74 75 75 79 100 116 103 88 85 94 110 112 94 82 74 71 75 83 121 169 142 117 100 77 66 63 63 63 64 63 62 64 63 63 68 76 83 96 102 80 68 64 62 64 60 62 63 61 60 60 65 74 81 74 72 72 74 77 80 80 83 87 92 97 102 110 118
75 68 66 68 67 69 70 71 71 66 68 69 65 64 69 75 93 126 109 97 92 84 79 77 76 73 73 74 76 98 130 111 91 94 108 115 116 102 82 74 71 72 79 113 157 141 130 124 100 73 66 66 71 73 79 70 67 66 65 66 70 75 82 93 78 75 66 63 65 61 59 61 59 60 62 68 76 79 75 73 74 76 80 81 84 85 87 94 102 105 109 118
86 71 66 68 68 67 67 70 74 65 63 67 62 62 68 76 93 129 117 103 94 85 78 77 77 74 76 80 79 100 116 108 94 105 120 116 126 104 81 74 72 72 75 100 149 139 120 105 95 80 72 68 71 83 88 76 74 72 69 66 68 72 75 81 80 73 67 65 68 63 61 61 59 60 63 76 78 79 77 76 74 77 81 82 87 89 90 95 99 103 111 112
74 71 65 66 66 65 65 68 73 66 63 62 60 61 62 69 90 115 111 89 89 84 79 78 74 72 76 78 80 104 114 97 97 104 111 114 112 93 78 73 72 73 74 91 136 147 130 110 94 81 74 69 69 77 86 88 86 81 74 69 69 74 77 77 77 67 64 67 70 63 61 62 60 61 67 77 79 80 78 76 76 79 80 84 87 89 92 94 100 103 108 102
70 71 65 67 64 64 65 67 73 69 69 63 57 58 59 61 67 73 79 81 87 86 85 79 76 71 72 74 81 106 110 95 101 103 105 110 101 87 76 73 73 74 73 88 130 129 129 124 92 77 71 69 68 72 83 90 90 84 81 73 72 81 81 75 72 67 67 68 66 62 59 62 65 61 67 75 79 74 74 75 76 79 81 84 88 92 94 96 99 102 105 100
71 71 69 64 64 63 65 72 78 75 70 61 58 57 57 58 61 66 69 85 86 81 76 72 70 68 71 71 92 114 105 96 97 110 111 101 87 80 76 73 73 73 74 83 111 112 110 127 93 73 70 68 70 73 82 82 84 93 86 76 78 83 76 73 71 67 66 71 64 62 61 66 69 62 69 73 74 70 71 75 79 81 83 84 87 91 91 96 99 100 99 101
71 73 67 64 63 64 67 81 75 69 68 63 57 57 56 58 59 64 70 76 79 73 70 69 68 68 69 74 89 101 95 90 99 119 112 91 80 76 76 79 74 74 74 80 90 96 93 108 84 71 70 72 72 75 75 78 81 91 83 73 74 85 77 72 70 68 66 65 63 62 62 62 61 65 69 69 70 71 75 80 79 82 85 86 89 90 93 95 98 101 97 95
66 69 65 61 62 64 70 78 72 66 60 58 57 59 57 57 60 69 69 73 78 72 70 69 67 67 70 87 109 106 95 87 90 116 134 98 80 76 76 84 81 77 75 77 81 84 84 84 77 72 72 79 82 82 78 78 79 76 73 70 72 94 82 78 72 68 65 63 62 62 64 64 65 70 66 68 69 73 74 78 78 81 87 89 91 94 98 99 103 100 104 110
63 68 63 61 64 66 72 72 67 61 57 55 58 60 58 58 61 77 77 74 79 73 68 67 67 67 70 83 111 105 90 85 82 96 132 99 78 75 75 80 88 81 77 77 78 81 81 79 76 73 75 84 100 90 82 82 80 72 69 69 69 82 90 81 73 67 64 64 64 68 73 74 77 68 65 69 69 70 74 77 80 82 85 89 90 95 97 101 108 100 107 119
60 61 60 61 69 70 71 72 65 57 54 57 63 60 62 60 66 81 84 80 77 74 73 69 66 67 68 74 87 95 89 83 81 87 113 87 76 76 76 79 92 87 78 77 79 79 76 76 75 76 78 86 105 95 85 82 77 70 68 69 69 85 109 95 82 70 63 64 66 80 91 81 74 70 67 68 70 71 75 80 85 82 85 86 87 90 91 97 101 100 100 101
58 59 60 60 65 69 69 69 59 56 58 61 58 62 70 62 84 87 84 85 84 80 71 69 66 67 69 71 78 88 93 93 81 84 101 83 76 76 76 78 86 92 80 79 80 83 76 76 75 77 80 88 106 98 89 83 77 72 69 69 69 79 98 101 79 69 65 64 75 102 95 83 77 71 67 68 70 74 76 81 90 89 85 86 90 92 96 116 101 95 94 87
64 60 60 60 63 67 66 61 55 55 56 54 54 61 67 61 82 91 94 83 81 75 69 67 66 68 69 70 76 96 104 86 78 82 103 84 76 77 76 77 89 93 83 81 83 86 80 77 77 78 82 90 114 105 95 90 79 73 71 71 71 80 90 87 76 68 66 66 87 110 92 84 85 78 69 68 70 73 78 84 98 96 92 90 92 91 105 133 117 109 110 115
62 60 60 60 63 63 66 58 54 52 55 54 54 57 58 62 76 97 92 85 75 72 69 68 67 67 69 69 77 101 84 78 78 84 100 84 78 77 77 78 82 85 87 89 88 91 89 80 79 79 84 92 107 112 98 91 81 77 74 72 73 80 102 87 73 70 67 70 84 99 90 82 80 75 71 68 70 75 79 86 101 106 102 101 100 95 112 134 129 124 149 135
63 60 60 60 60 63 62 55 52 52 57 56 54 55 58 67 78 85 97 86 73 70 68 67 67 68 68 71 85 86 79 78 78 89 91 99 84 78 78 79 80 83 96 99 96 92 90 83 81 80 84 90 98 103 100 92 83 78 77 74 75 84 106 87 74 70 70 72 79 89 84 81 78 75 72 69 71 75 79 90 110 110 101 101 95 97 108 120 131 143 162 153
65 60 60 60 61 60 57 52 52 53 53 55 55 56 67 81 89 88 83 76 70 68 68 67 68 68 70 74 87 85 79 79 82 82 82 89 83 78 80 81 81 85 97 105 114 101 93 88 83 81 84 87 92 99 98 92 85 82 79 78 81 96 111 86 80 76 73 76 81 87 84 83 84 77 70 73 74 74 82 95 113 106 94 94 92 94 107 120 137 159 173 161
60 65 63 60 65 63 54 53 53 53 54 56 56 63 79 104 110 87 79 73 69 68 66 67 68 69 70 76 91 85 79 79 86 80 81 99 90 82 83 81 82 86 92 108 122 123 99 91 88 85 84 86 97 103 100 95 89 85 82 84 96 114 110 91 86 81 78 80 85 88 86 86 88 76 71 73 76 77 88 103 115 95 89 89 91 95 99 112 130 149 163 174
57 68 62 59 62 60 54 53 53 54 54 56 60 68 84 121 113 84 76 71 68 69 66 66 68 70 75 77 81 82 80 85 85 78 80 88 91 84 82 82 86 93 98 116 124 109 108 110 104 92 88 86 92 104 109 105 97 89 85 88 110 120 106 97 90 89 81 82 85 86 85 81 78 72 71 72 77 85 107 109 99 86 86 89 91 92 99 123 143 139 143 159
56 62 64 60 57 57 54 54 54 54 55 58 65 71 90 120 93 76 71 68 69 68 66 66 69 74 77 75 78 80 83 85 77 76 79 85 91 87 83 83 88 99 119 118 113 101 103 99 105 118 99 90 93 100 116 111 99 93 89 88 100 111 111 103 98 95 83 81 82 80 79 76 73 72 73 73 74 81 94 99 88 84 85 87 89 93 100 112 124 138 149 154
57 62 62 57 54 54 54 54 54 57 60 76 81 81 96 99 79 71 67 68 75 71 68 67 68 73 74 74 77 80 86 79 74 77 80 86 93 88 83 83 88 98 120 126 114 99 94 93 97 116 121 94 93 99 109 117 103 97 92 90 93 101 107 100 94 92 83 78 77 77 75 73 73 73 74 74 75 78 82 87 82 85 87 89 91 95 103 115 133 147 156 144
54 55 52 53 53 53 56 56 59 65 76 93 98 94 94 80 73 67 65 68 69 69 68 69 68 69 75 74 77 85 84 76 73 76 82 90 89 86 81 81 85 93 101 119 111 96 93 91 94 101 106 96 93 98 108 128 108 101 95 92 93 96 100 96 90 89 92 78 75 75 74 74 74 74 75 76 78 81 91 95 97 95 95 99 97 101 103 111 130 152 155 122
