inputs/cropped_bioclim_tortoise/wc2.1_2.5m_bio_12_band1.asc
ncols        480
nrows        504
xllcorner    -120.000000000000
yllcorner    24.000000000000
cellsize     0.041666666667
[rows 80 to 119 of 504, columns 91 to 181 of 480]
365 376 355 364 393 448 425 411 369 343 354 372 373 397 382 344 321 360 385 380 420 351 342 311 307 296 286 300 327 322 320 285 265 269 288 305 320 374 373 310 290 273 255 266 308 351 355 310 292 303 330 332 311 274 263 266 282 313 373 353 306 283 284 262 271 281 276 280 288 266 261 266 260 254 258 262 270 271 277 284 287 290 313 302 332 344 381 378 374 367 365
400 343 342 383 417 454 410 381 350 345 357 390 388 383 389 348 321 345 361 357 341 313 301 293 319 344 346 354 349 311 286 276 268 266 283 306 339 389 347 298 280 257 248 262 287 316 361 330 296 279 314 331 311 279 256 256 271 298 346 346 307 278 261 253 256 261 263 277 276 274 258 258 263 267 257 260 271 293 292 278 276 291 310 306 324 336 368 372 388 351 356
328 323 346 400 430 460 458 377 352 345 354 370 364 359 365 356 331 316 340 349 334 299 282 277 291 337 394 427 399 337 300 281 276 270 276 297 332 358 297 275 259 246 249 254 259 279 305 306 287 269 302 328 311 277 246 247 262 292 340 327 284 263 247 239 245 251 258 252 246 244 246 249 264 270 250 261 274 298 285 272 276 287 299 303 312 329 360 405 407 355 359
347 352 371 389 463 548 471 366 346 345 368 361 340 366 381 348 332 313 318 350 382 307 280 278 282 310 392 436 417 348 304 287 279 273 277 290 327 291 262 252 249 260 277 261 242 243 250 263 263 271 314 307 280 260 239 238 264 295 324 310 287 259 236 230 234 238 238 232 233 238 243 253 271 295 262 261 276 295 273 270 275 284 304 300 311 320 343 396 432 382 365
334 322 342 396 507 489 397 359 339 337 360 359 338 332 350 347 328 323 318 347 382 315 284 275 283 294 356 416 424 390 323 290 281 275 276 291 312 263 248 244 251 290 315 281 250 243 242 249 247 277 293 287 256 247 227 227 239 255 255 280 299 231 223 224 227 234 226 231 231 233 241 265 324 323 296 257 271 287 267 270 275 281 291 307 311 317 330 370 409 419 368
305 304 314 367 427 462 388 354 337 326 348 379 359 317 317 341 324 359 369 345 343 312 284 273 277 285 302 354 413 405 329 291 278 284 264 266 266 250 245 245 260 291 292 263 253 277 288 263 228 241 247 256 247 221 216 220 221 221 217 213 210 205 210 216 216 223 217 224 227 231 238 276 335 309 289 263 262 288 273 269 276 283 291 298 315 333 345 351 368 430 381
313 299 305 332 384 430 408 345 326 322 339 372 365 323 306 316 335 391 423 366 332 327 284 273 277 278 295 314 334 355 321 292 288 304 264 252 251 252 246 249 257 262 261 258 283 309 319 274 224 232 223 218 218 206 208 212 204 205 204 204 207 212 211 209 210 212 215 218 221 233 243 278 305 289 263 254 256 278 275 267 274 281 290 298 308 319 330 345 379 446 401
317 295 303 336 430 441 412 348 327 316 316 341 344 312 296 301 346 381 393 365 336 342 305 277 276 278 293 320 314 368 355 310 308 291 268 262 273 272 251 249 257 261 270 272 308 334 286 239 214 217 212 204 204 207 202 201 198 199 203 202 208 211 207 204 204 206 211 217 222 230 234 255 256 257 250 250 253 273 283 268 267 279 288 296 305 315 326 335 364 400 403
295 292 309 383 468 427 383 335 324 318 318 316 317 304 299 307 326 340 358 368 359 327 291 282 286 285 281 288 320 392 346 301 290 292 314 310 298 273 256 248 257 266 282 307 337 294 250 221 208 209 205 214 242 227 199 195 194 193 193 197 202 204 205 200 200 201 208 212 219 220 226 229 233 249 247 253 255 260 285 279 275 280 291 298 305 315 325 335 349 402 445
294 303 335 396 407 377 348 327 324 318 314 313 319 327 322 316 308 313 325 345 331 294 281 279 282 279 277 278 279 295 332 288 280 282 316 356 308 281 261 256 257 266 286 321 332 268 230 213 203 204 211 234 309 247 205 192 189 191 191 187 196 198 198 196 199 201 202 211 216 217 220 224 228 234 244 249 255 254 261 280 282 282 290 297 306 313 326 335 351 395 437
308 361 369 353 347 353 328 321 316 315 309 325 354 369 348 329 304 308 316 317 315 297 283 283 279 277 274 273 275 283 327 318 288 309 315 334 297 280 269 268 261 265 288 340 359 268 219 204 204 207 218 248 325 251 203 184 180 185 186 182 187 195 196 196 203 206 203 217 244 220 219 223 230 233 239 244 251 260 269 278 281 285 290 297 306 315 326 334 345 373 398
351 379 338 327 357 347 323 321 336 314 317 346 390 403 371 333 314 300 317 316 305 293 287 284 281 277 272 268 271 297 337 284 297 342 304 287 282 304 304 294 276 265 279 307 327 271 219 210 207 207 221 254 337 248 193 183 180 176 182 184 191 199 192 193 199 220 200 226 246 216 219 221 227 231 237 244 252 260 263 282 296 286 289 298 305 318 326 335 342 354 366
390 330 304 322 361 407 359 328 315 321 336 367 391 389 355 318 299 306 330 322 312 302 292 287 282 279 274 268 268 274 274 268 281 326 303 276 276 332 359 363 309 276 265 268 260 247 246 228 208 200 208 243 338 210 169 173 174 171 172 178 184 192 191 190 193 208 197 232 212 220 217 218 224 226 235 242 254 263 274 296 291 289 291 294 303 314 323 334 342 352 364
361 311 295 326 375 424 368 331 324 336 372 420 391 345 321 309 293 344 353 315 314 305 297 294 289 289 297 291 289 272 267 281 297 302 276 262 264 291 327 358 312 276 264 256 254 282 326 254 206 191 204 251 290 178 166 163 164 168 190 177 183 184 183 188 194 208 194 214 206 235 232 216 222 230 241 251 249 254 264 302 288 285 293 296 304 315 324 332 341 349 361
321 301 295 334 371 362 336 327 332 354 394 408 354 321 305 307 298 340 322 298 298 299 305 307 317 360 425 360 347 285 301 340 373 335 273 255 257 275 349 332 290 260 252 255 283 307 333 234 195 190 262 390 268 170 160 157 160 164 182 177 183 179 185 197 204 195 194 215 201 230 229 213 222 228 233 242 257 263 264 289 278 286 294 293 303 320 343 335 338 348 359
291 289 325 364 365 335 318 342 341 376 403 402 339 305 293 300 297 322 302 294 297 307 313 324 360 451 541 412 334 291 297 331 398 369 289 251 248 264 366 363 284 248 241 253 303 326 261 206 186 204 354 413 227 166 156 154 157 159 167 177 177 180 195 193 217 208 198 196 209 203 212 211 217 223 230 250 267 267 269 279 270 284 286 294 302 322 341 336 337 347 357
280 291 359 388 349 308 338 368 363 389 387 357 307 289 287 293 297 306 296 302 309 316 329 364 411 488 538 393 318 284 286 308 365 355 288 251 248 272 379 406 282 236 237 252 282 322 241 196 179 201 286 223 169 152 151 150 162 217 208 189 177 177 198 208 204 209 197 190 193 197 201 211 222 219 246 286 273 257 259 279 294 279 290 298 308 329 333 334 338 348 353
269 297 333 390 351 306 329 364 386 391 364 307 283 282 298 291 295 300 301 307 312 319 364 417 481 552 534 370 303 282 277 287 308 302 268 251 247 277 403 382 250 232 233 240 250 270 228 179 165 170 191 156 146 147 148 148 177 249 216 192 164 172 190 202 202 206 201 197 207 205 205 221 219 219 260 319 279 253 255 268 305 298 284 292 305 322 330 334 340 347 356
261 282 304 330 318 308 345 371 362 331 310 281 289 388 379 316 296 298 305 307 314 333 390 452 492 552 532 365 295 284 276 267 269 264 253 248 245 260 379 319 238 233 235 236 258 269 218 173 157 154 151 145 141 142 148 154 180 196 156 158 166 172 179 189 194 207 211 208 201 200 199 207 214 216 234 276 273 248 255 271 311 338 299 290 297 306 314 326 361 349 354
276 284 275 285 277 298 335 356 312 283 276 265 320 347 324 307 304 309 319 319 333 347 399 413 412 454 470 392 294 284 274 264 259 255 253 252 247 246 331 286 233 231 232 236 266 299 249 170 153 149 151 142 143 149 164 159 148 154 156 152 156 167 168 177 189 206 212 190 189 193 193 198 205 212 217 235 266 250 253 275 290 349 322 290 293 308 314 325 378 374 353
274 265 258 261 273 301 340 308 269 258 272 303 331 309 316 326 320 333 336 347 358 393 472 446 396 401 440 387 289 278 277 271 259 258 255 253 251 247 308 266 233 236 236 232 245 302 289 190 162 161 204 188 160 169 158 148 143 153 153 150 155 166 163 165 174 185 191 189 187 191 194 198 201 209 215 226 258 250 258 285 279 299 313 288 293 306 319 324 358 373 354
258 244 249 247 266 303 280 254 259 283 341 349 301 302 324 338 352 360 357 400 441 484 528 470 385 368 411 346 290 285 287 277 274 284 260 264 265 248 298 266 231 235 233 230 238 310 294 226 181 166 187 207 165 139 136 140 149 165 152 148 152 158 163 163 173 173 175 178 182 188 192 196 198 206 212 221 247 251 286 327 279 273 282 287 296 313 325 327 336 347 355
255 243 244 244 260 283 262 305 291 312 323 300 298 310 328 355 381 394 421 455 481 533 521 408 358 357 394 339 291 279 275 270 277 303 262 261 266 249 268 259 235 239 239 230 242 322 330 271 187 157 146 136 130 132 133 136 139 141 142 146 151 152 160 165 173 174 176 175 180 185 187 191 195 202 208 219 233 260 309 336 277 269 279 283 286 312 309 315 325 346 353
261 244 263 288 301 292 328 371 292 303 284 293 309 321 334 372 424 462 503 517 537 551 432 373 352 346 351 319 298 285 280 274 276 318 270 256 256 289 365 279 238 237 237 234 243 314 330 246 184 153 135 135 133 137 132 132 143 167 152 145 150 151 157 165 170 169 175 175 178 181 188 189 193 200 207 221 241 271 327 291 264 261 273 283 289 362 366 331 329 338 349
280 271 310 347 373 367 348 315 289 299 294 295 315 339 359 424 500 539 529 544 566 496 392 358 351 341 344 324 320 296 288 282 305 335 278 273 284 350 423 324 240 235 234 232 240 316 345 252 192 160 148 141 138 141 139 135 140 152 144 144 147 153 153 163 169 168 174 170 175 181 189 191 193 197 204 234 259 293 319 268 253 252 265 274 288 382 460 386 331 336 346
249 281 311 360 381 359 321 287 291 299 326 310 324 356 388 442 489 551 572 587 526 444 372 351 339 330 329 329 329 304 299 303 381 398 328 299 333 407 376 294 238 236 239 232 239 344 299 249 207 160 139 139 137 133 138 137 138 140 143 143 146 149 153 161 166 168 175 177 179 186 191 195 189 195 201 220 253 318 324 267 245 248 258 269 309 409 480 411 358 344 350
299 259 299 332 366 341 309 303 324 323 349 307 330 354 376 410 459 496 545 570 474 395 361 343 333 324 321 335 356 320 316 339 419 480 383 358 362 339 294 253 240 238 236 231 243 369 325 239 198 166 144 140 141 145 141 141 142 148 148 147 149 154 154 161 161 169 174 177 180 182 184 189 187 192 196 213 242 330 305 256 243 245 257 284 342 425 469 411 380 364 361
335 276 293 379 445 383 329 354 343 349 338 302 317 340 378 445 506 524 545 522 421 362 346 332 327 323 323 340 346 316 312 342 452 421 375 384 344 287 256 243 238 237 233 232 266 370 367 261 212 175 154 144 146 155 156 146 146 148 152 150 157 159 157 161 161 163 166 170 174 176 176 180 183 188 193 208 251 352 304 250 238 241 252 280 350 467 475 421 396 382 370
313 268 281 329 403 382 361 375 366 388 331 305 321 334 379 460 526 568 523 458 379 346 338 333 324 323 318 321 314 306 306 317 345 343 319 312 292 264 247 242 238 237 233 234 275 379 361 271 249 203 180 164 147 157 161 150 147 147 150 152 152 158 163 166 164 162 167 169 172 184 181 183 185 192 198 220 263 331 307 242 230 237 247 273 374 528 512 446 410 387 401
293 266 273 317 373 432 398 390 370 358 316 305 312 328 375 445 496 549 465 380 352 343 344 339 323 317 317 316 306 304 295 300 306 302 289 278 262 250 246 251 250 239 235 232 236 285 392 300 271 222 201 173 150 148 149 146 146 146 151 155 156 160 159 162 163 161 164 168 171 185 177 176 179 188 191 217 288 294 256 234 228 231 244 267 348 482 526 480 421 385 382
282 265 273 338 390 447 415 373 344 327 312 303 314 333 402 463 517 530 403 344 343 339 339 325 322 322 318 326 322 300 301 306 327 301 280 265 257 251 260 297 285 252 234 233 231 245 327 281 237 213 189 169 153 148 149 150 152 150 152 152 157 162 160 165 167 161 165 168 167 170 169 173 177 181 185 198 279 272 248 231 224 230 239 259 303 404 509 487 437 372 356
282 262 281 318 373 418 388 351 330 316 309 302 320 334 374 423 455 444 353 335 338 332 325 329 331 332 325 321 344 306 333 331 315 294 279 265 256 259 293 365 321 272 243 234 231 233 255 254 228 201 184 173 162 156 155 152 152 155 155 157 156 157 158 168 169 171 164 166 164 167 169 171 175 182 182 194 260 283 268 243 230 233 234 242 271 319 395 416 381 354 343
277 265 278 307 382 422 381 345 320 310 303 309 319 345 378 414 433 407 336 327 323 324 344 371 361 353 338 314 304 314 387 377 319 289 272 260 259 269 298 363 334 308 254 233 234 237 292 283 233 213 207 194 188 179 171 159 156 156 153 156 159 158 158 165 162 164 163 164 165 165 168 169 170 177 180 187 196 216 254 246 242 237 234 237 247 276 328 394 353 336 326
274 267 276 305 371 405 410 351 318 303 300 309 326 356 428 476 461 360 327 324 323 331 349 371 410 413 383 315 305 338 432 433 347 282 266 265 266 280 291 299 292 287 251 236 235 252 309 274 242 234 240 229 227 196 192 177 164 157 155 157 158 157 158 161 161 162 163 163 164 164 168 169 171 173 177 179 180 184 200 223 246 253 239 236 241 259 315 435 378 329 313
270 270 282 327 349 368 379 344 315 300 301 311 327 362 426 511 492 336 321 338 336 339 340 366 404 446 402 333 315 332 410 438 374 291 270 262 263 283 296 294 293 300 266 260 243 246 264 288 268 258 249 253 230 201 217 237 271 198 159 158 159 158 159 162 163 165 166 164 166 165 166 166 171 178 176 176 177 173 178 195 208 225 235 233 239 259 312 435 407 338 306
275 290 317 386 386 336 326 335 337 314 314 310 334 376 442 520 459 330 323 350 395 367 345 354 366 366 380 352 316 318 382 451 369 314 279 262 254 270 286 266 278 311 293 284 273 255 256 285 274 253 246 238 226 223 239 250 253 206 175 163 160 158 159 162 163 164 167 167 167 165 166 171 168 168 171 167 170 172 173 175 190 209 225 230 240 260 298 401 365 312 297
285 312 349 406 352 310 305 309 332 323 310 312 340 398 460 481 358 309 310 331 391 383 355 339 348 345 335 324 306 311 346 442 389 384 278 258 254 252 254 256 271 290 299 286 299 257 251 265 268 246 236 224 217 219 237 277 257 245 208 171 157 156 160 161 165 165 167 170 173 195 218 172 172 169 168 164 168 170 170 174 182 190 215 244 241 257 281 346 305 279 284
297 330 352 390 327 308 315 313 324 324 303 314 345 396 483 446 319 303 309 323 345 386 374 332 327 332 311 306 299 303 342 459 477 425 289 253 251 251 251 259 267 288 313 311 288 251 251 265 271 250 236 235 228 223 242 277 271 278 211 169 160 158 160 164 166 168 169 170 173 176 216 174 173 172 172 169 167 170 178 175 184 191 210 232 243 258 306 322 280 271 282
313 336 349 385 315 313 317 315 366 366 306 310 330 369 429 399 311 305 308 318 354 377 354 322 330 336 307 294 293 299 330 461 445 364 265 249 249 251 263 277 280 298 326 311 279 255 255 281 291 269 249 243 240 234 251 322 290 261 209 168 161 160 160 162 167 168 171 171 174 179 178 177 176 178 176 173 172 171 175 184 184 193 226 242 239 261 342 369 297 281 288
311 325 361 363 308 313 314 318 415 397 319 305 318 339 367 364 337 314 309 334 383 345 322 322 343 350 308 291 289 296 327 435 404 303 253 249 252 264 319 332 305 332 362 338 301 264 255 278 279 268 255 247 242 244 262 355 318 241 201 173 166 170 164 165 167 169 173 176 176 177 180 180 189 179 177 175 178 176 178 182 188 202 274 331 284 276 335 412 354 310 309
