inputs/cropped_bioclim_tortoise/wc2.1_2.5m_bio_13_band1.asc
ncols        480
nrows        504
xllcorner    -120.000000000000
yllcorner    24.000000000000
cellsize     0.041666666667
[rows 96 to 143 of 504, columns 384 to 479 of 480]
62 63 64 65 66 67 67 68 69 69 70 71 71 72 73 74 75 75 76 77 77 78 78 79 80 80 80 80 80 81 81 80 80 81 81 82 83 83 84 85 85 84 83 83 82 82 82 82 81 81 82 83 84 84 83 84 83 83 83 82 83 83 83 82 82 83 81 82 82 82 83 83 83 83 83 84 84 84 84 85 85 86 86 87 88 89 89 90 91 92 93 95 95 96 96 97
62 63 64 65 66 66 67 68 69 69 70 70 71 72 72 74 75 76 76 77 77 78 79 79 79 79 79 79 79 79 80 80 81 81 82 82 82 83 83 84 84 83 84 84 83 83 83 82 82 82 82 83 83 83 83 84 83 83 82 83 83 82 82 83 83 83 83 82 82 82 82 83 83 83 84 84 84 84 85 85 85 86 87 88 88 89 90 91 91 92 92 93 94 95 96 96
63 63 64 65 65 66 67 67 68 69 70 70 70 72 72 73 74 75 76 76 77 77 78 79 79 78 78 78 79 79 80 80 81 81 82 83 83 84 84 84 84 84 84 84 83 83 83 83 82 82 82 83 82 82 82 83 83 83 83 83 82 83 83 83 83 83 83 82 82 82 82 83 83 85 84 84 84 84 85 85 86 86 87 87 88 89 90 90 91 92 93 94 94 94 95 96
62 63 64 65 65 66 67 67 68 69 70 70 71 72 72 73 74 75 76 76 77 77 78 79 79 78 78 78 78 79 79 80 82 82 82 83 84 84 84 84 84 84 84 84 84 84 84 83 83 83 83 82 82 82 82 82 82 83 83 83 83 83 83 83 83 82 82 82 82 82 82 83 83 83 83 83 84 84 85 85 86 86 87 87 88 89 90 91 91 92 93 94 95 96 96 96
62 63 64 65 65 66 67 68 68 69 71 71 71 72 73 73 74 75 76 77 77 77 78 78 78 78 79 80 80 80 81 81 82 83 83 84 84 84 85 84 84 84 84 84 84 84 83 83 83 82 82 82 82 82 82 82 83 83 83 83 83 84 83 83 83 83 83 83 83 82 83 83 83 84 83 84 85 85 85 86 86 86 87 87 88 89 90 91 92 92 93 94 95 96 97 97
63 63 64 65 65 66 67 68 68 69 70 71 72 72 73 74 74 74 75 76 77 77 77 77 78 79 80 81 81 82 82 82 83 83 84 85 85 85 85 84 84 84 84 84 84 84 83 83 83 83 83 82 82 82 82 82 83 83 83 83 83 83 84 84 83 84 84 84 83 82 83 83 84 84 84 85 85 85 86 86 87 87 87 87 88 89 89 91 92 93 94 95 96 96 97 97
63 64 64 65 66 66 66 67 68 69 69 71 72 73 73 74 75 75 75 76 76 76 77 79 80 81 81 82 82 82 83 83 83 83 83 84 84 85 84 85 84 84 84 84 83 83 83 83 83 83 82 82 82 82 83 83 82 82 83 83 84 83 84 83 84 83 83 84 84 83 84 84 84 85 85 85 86 86 86 86 86 87 87 87 88 89 90 91 92 93 94 95 96 97 97 98
63 64 64 65 65 66 66 67 68 69 69 70 71 72 73 74 75 75 75 76 76 77 79 80 80 81 82 82 82 82 83 83 83 83 83 83 83 84 84 85 84 84 84 84 84 83 82 82 82 83 82 82 82 82 82 82 82 83 83 82 83 83 83 84 85 85 84 84 84 85 85 85 85 86 86 86 86 86 86 86 86 87 87 87 88 89 90 91 92 93 94 95 96 97 98 98
63 64 65 65 65 65 67 67 68 68 69 70 71 72 73 74 75 75 75 76 77 79 80 80 80 81 82 82 82 82 82 83 84 84 83 83 84 84 84 84 84 84 84 84 83 83 82 82 82 82 83 83 82 82 82 82 82 82 83 83 83 84 84 85 85 85 85 85 86 86 86 86 86 86 86 87 87 86 86 86 86 86 87 87 88 89 90 91 92 93 94 95 96 97 97 97
63 64 64 66 66 66 67 67 68 68 69 70 70 71 72 73 75 75 75 76 78 79 80 81 82 82 82 82 82 82 82 82 83 83 83 84 84 84 84 84 84 84 84 83 82 83 82 83 83 83 82 83 83 82 82 83 82 82 82 83 83 84 84 84 86 86 86 86 87 87 87 87 87 87 87 87 87 87 87 87 87 87 87 87 88 89 90 91 92 93 94 95 96 96 97 97
63 63 64 65 66 66 66 67 68 69 69 69 70 71 72 73 74 75 75 77 79 80 81 82 82 82 83 82 82 82 82 82 82 82 83 83 83 83 83 84 85 84 84 83 82 82 83 83 82 82 83 83 83 83 83 84 84 83 82 83 83 84 84 85 86 87 87 87 88 88 88 89 88 88 88 88 88 88 87 87 87 87 87 88 88 89 90 91 92 93 94 95 96 96 96 96
63 63 64 65 65 65 66 67 68 68 68 69 70 71 72 73 74 74 75 77 78 80 81 82 83 82 82 82 82 81 81 81 81 82 82 82 82 83 83 83 84 84 83 83 83 82 82 81 82 82 82 82 82 82 82 82 83 83 83 83 83 84 84 85 86 87 88 88 89 89 90 90 90 89 89 88 88 88 87 87 87 87 87 88 89 89 90 91 92 93 94 95 95 95 95 96
63 63 63 64 65 65 66 66 67 68 68 69 70 71 72 73 74 75 76 77 78 80 81 82 82 81 81 81 80 81 81 81 81 81 81 81 82 82 82 82 83 83 83 82 82 81 82 81 82 81 82 82 82 82 82 82 82 83 84 84 84 84 85 86 87 88 89 90 90 91 91 91 90 90 89 89 88 88 87 87 87 87 88 88 88 89 90 91 92 93 94 94 95 95 95 95
62 63 63 64 64 65 65 66 67 68 68 69 70 70 71 72 74 75 76 77 78 80 80 81 81 81 80 80 80 80 80 80 80 80 80 81 81 82 82 82 82 82 82 81 82 82 81 81 81 81 82 82 82 82 83 82 82 83 83 84 84 84 85 86 87 88 89 90 91 92 91 91 91 90 90 89 88 88 87 87 87 87 88 88 89 89 90 91 91 92 93 94 95 95 95 95
62 62 63 64 64 64 65 66 66 67 68 69 69 70 71 73 74 75 76 76 77 78 79 79 79 80 80 79 79 79 79 79 79 80 80 80 81 81 81 82 81 81 82 82 81 82 81 81 81 81 81 81 82 83 83 83 83 84 84 84 84 85 86 87 88 89 90 92 92 92 92 92 91 90 90 89 88 88 87 87 87 87 88 88 88 89 90 91 91 92 93 94 94 95 95 95
61 61 62 63 63 63 64 64 65 66 67 68 68 70 72 74 74 75 76 77 77 78 78 78 79 79 79 78 78 78 78 79 79 79 79 79 80 80 80 81 81 81 82 81 81 81 81 81 81 80 80 81 81 82 83 84 84 85 85 86 86 86 87 87 88 89 91 92 93 93 92 92 92 91 90 89 88 88 87 87 87 87 87 87 88 89 89 90 91 92 93 94 95 96 96 96
61 61 61 62 62 63 63 64 65 66 66 68 69 71 72 73 74 74 76 77 77 77 78 78 78 78 78 78 77 77 78 78 78 79 79 79 79 79 79 79 80 81 81 81 81 81 81 81 81 81 81 82 83 83 83 84 84 84 85 86 87 87 87 87 88 90 90 91 92 93 92 91 91 90 90 89 88 88 87 87 86 86 87 87 88 88 89 90 91 93 94 96 97 97 97 96
61 62 61 61 61 62 63 63 64 65 66 68 69 70 72 73 74 74 75 77 77 77 77 78 78 77 77 76 76 77 77 78 78 78 78 79 79 79 79 80 80 80 80 81 80 81 81 81 81 81 81 82 82 83 83 84 84 85 85 86 86 87 88 88 89 89 90 91 92 92 92 91 90 90 89 89 88 87 87 86 86 86 86 86 87 88 89 90 91 93 96 98 99 99 98 97
62 62 62 62 62 62 64 64 64 66 67 68 69 70 71 73 74 75 75 76 77 77 77 77 77 76 76 75 76 76 77 77 78 78 78 79 79 79 79 79 79 80 80 80 80 80 80 80 80 80 81 81 82 83 84 85 86 86 86 87 88 87 88 89 89 90 90 90 91 91 91 91 90 90 89 88 87 87 86 86 85 85 85 86 87 87 89 90 92 93 96 98 98 98 97 97
62 62 62 62 63 63 64 65 66 66 67 68 69 71 71 72 73 74 75 76 76 76 76 76 76 75 75 76 75 76 76 77 78 78 78 79 79 79 79 79 79 79 79 79 79 79 80 80 79 80 81 81 81 83 83 84 85 86 87 87 88 89 89 89 90 91 91 91 90 90 90 90 89 89 88 88 87 86 86 85 84 85 85 86 86 87 89 90 92 94 95 96 97 97 96 97
63 63 63 63 63 64 65 65 66 66 67 68 69 70 71 72 74 74 75 76 76 76 76 76 75 75 75 75 76 76 76 77 77 77 78 78 79 79 79 79 78 78 78 78 79 79 79 81 80 80 80 80 81 82 83 84 87 87 88 88 88 89 89 90 91 90 91 90 90 90 89 89 89 88 88 87 87 87 86 85 85 84 85 85 86 88 89 90 92 93 94 95 96 96 96 96
63 63 64 63 63 64 65 65 66 67 67 68 69 70 70 71 73 74 74 75 75 76 75 75 75 75 75 75 75 76 76 77 77 77 77 77 78 78 78 78 78 78 77 78 78 78 79 80 80 79 79 80 81 81 82 83 85 86 87 88 88 89 90 90 91 92 92 92 91 92 91 90 89 89 88 87 87 86 86 85 85 85 85 85 86 88 89 90 91 92 93 95 96 96 96 96
64 64 64 64 64 64 65 65 66 67 67 68 69 70 71 72 72 73 74 75 75 75 75 75 75 75 75 75 75 76 76 77 77 77 78 78 78 79 79 78 78 78 78 78 78 78 78 78 79 79 79 79 81 81 82 83 84 86 87 88 88 90 91 92 92 93 94 94 93 93 92 91 90 89 88 87 87 86 85 85 85 85 86 86 87 88 89 90 91 92 93 94 95 95 95 95
64 65 65 65 65 65 65 65 66 67 67 68 69 69 70 71 72 73 74 74 75 75 75 75 75 75 75 75 75 75 76 76 77 78 78 79 78 79 79 79 79 80 80 79 79 79 79 78 78 79 79 80 80 81 82 83 84 85 87 88 90 91 92 93 94 94 95 95 94 93 92 91 91 90 89 88 88 87 86 86 86 86 86 87 87 88 89 90 91 92 93 94 95 95 95 95
66 66 66 65 66 65 66 66 66 67 67 68 68 69 70 71 72 73 73 74 74 74 74 75 75 75 75 75 76 76 76 76 77 78 78 78 79 79 79 80 81 81 80 80 79 79 78 78 79 79 80 80 81 82 82 83 85 86 87 89 90 92 93 94 94 95 95 95 95 95 94 93 92 91 90 89 89 88 87 87 87 87 87 87 88 89 89 90 91 92 92 93 94 95 95 95
66 66 66 66 66 66 66 66 67 67 67 68 68 69 70 71 72 72 73 73 73 74 74 74 74 74 75 75 76 76 77 77 78 78 78 78 79 80 80 80 81 81 80 80 79 79 79 80 80 80 80 80 80 82 83 84 85 86 88 90 91 93 95 95 96 96 96 96 96 95 94 94 93 92 91 90 89 89 88 88 88 88 88 88 89 89 90 91 91 92 93 93 94 95 95 95
67 67 67 66 66 66 66 67 67 67 67 68 68 69 70 71 72 72 73 73 73 73 74 74 73 75 75 75 75 76 77 77 77 78 78 79 79 79 80 80 81 80 80 80 79 79 80 81 80 80 80 80 81 81 82 84 85 87 89 90 92 94 96 97 97 98 98 97 97 96 95 94 94 92 91 90 89 89 89 88 88 88 89 89 90 89 90 91 91 92 93 94 94 95 96 95
67 67 67 67 66 66 67 66 66 67 67 68 68 69 70 71 72 72 72 73 73 73 73 73 74 74 75 75 75 76 77 76 77 77 78 78 79 79 80 80 80 80 81 80 80 81 81 82 81 81 81 81 81 81 82 84 85 87 89 91 93 95 97 98 98 98 98 97 97 96 96 95 94 92 91 90 90 90 90 90 89 89 89 89 90 90 90 91 92 92 92 93 94 95 95 95
68 68 68 67 67 67 67 67 67 67 67 68 69 69 70 71 72 72 72 72 72 72 72 73 73 74 74 75 75 75 76 77 77 78 78 78 79 79 80 80 81 81 81 82 82 82 83 82 82 82 81 80 80 81 82 84 85 87 89 91 93 96 98 99 99 99 98 97 97 96 96 95 94 93 92 91 91 90 90 90 90 89 90 90 90 90 91 91 92 92 93 93 93 94 95 95
68 67 68 67 67 67 67 67 67 67 67 68 68 68 69 70 71 72 72 72 72 72 72 73 73 74 74 74 75 75 76 76 76 77 78 78 79 80 80 80 81 82 83 83 83 83 83 83 82 81 81 81 80 80 82 84 86 87 89 91 93 96 98 99 99 98 97 98 97 97 96 96 95 93 92 92 91 91 90 90 89 89 89 89 90 91 91 91 91 93 93 93 94 94 94 95
68 68 68 67 67 67 67 67 67 67 68 68 68 69 69 70 71 72 72 72 72 72 73 72 73 73 74 74 74 75 76 76 76 77 78 78 79 79 80 81 82 84 84 85 85 84 83 83 82 82 81 80 81 81 83 84 86 87 89 90 93 95 97 97 97 97 97 97 97 97 96 96 94 93 93 92 91 91 90 90 90 90 90 91 91 92 91 91 92 92 93 93 94 94 95 95
68 68 67 67 67 67 67 67 67 68 68 68 68 69 70 70 71 71 71 71 71 72 73 73 73 73 74 74 74 74 75 75 76 77 78 78 79 80 81 82 82 84 85 86 85 85 84 83 82 82 82 82 82 83 84 85 86 87 88 90 92 94 95 97 97 97 97 97 97 97 97 95 94 93 92 92 92 91 91 90 90 91 91 91 91 91 92 91 92 92 92 93 94 94 95 95
67 67 67 67 66 66 66 66 67 68 68 68 68 69 69 70 70 71 71 71 71 71 72 72 72 73 73 73 74 74 74 75 76 77 77 78 79 80 80 81 83 84 85 86 85 84 84 84 83 83 83 84 84 84 84 85 86 87 88 89 91 93 95 96 96 96 96 96 97 97 96 95 94 93 93 92 91 91 90 90 90 91 90 91 91 91 92 92 92 93 93 93 93 93 94 95
67 67 66 66 66 66 65 66 67 67 68 68 69 69 69 69 70 70 70 70 71 71 71 71 71 72 72 73 74 74 74 75 76 76 77 77 79 79 80 81 82 83 84 85 85 85 85 84 84 84 84 85 85 84 85 85 85 86 87 89 91 92 93 95 95 96 96 96 96 96 95 94 94 93 93 92 91 91 90 90 90 90 90 91 91 91 91 92 92 93 93 93 93 94 94 94
66 66 65 65 65 66 66 66 66 67 68 69 68 69 69 69 70 70 69 69 69 70 70 71 71 71 71 72 72 73 74 74 75 76 76 77 77 79 79 81 81 83 84 85 85 85 85 85 85 85 85 84 84 84 85 85 86 87 87 89 90 92 94 94 95 95 96 96 95 95 95 94 93 93 92 91 92 91 90 90 90 90 91 90 91 91 91 92 92 93 93 93 93 94 94 94
65 65 65 65 65 65 64 65 66 67 68 68 68 68 68 69 69 69 69 69 69 70 70 70 70 71 71 72 72 73 73 74 74 75 76 76 77 78 78 79 80 82 83 84 84 84 85 85 85 85 85 85 85 85 86 86 87 87 88 89 91 92 93 93 94 95 95 95 95 94 94 92 92 91 91 92 91 91 90 90 90 90 90 90 91 91 91 91 92 92 93 93 94 94 94 94
65 64 64 64 64 64 64 65 66 67 67 68 68 68 68 68 68 68 69 69 69 69 69 69 69 70 71 71 72 72 73 73 74 74 75 76 77 77 78 79 79 80 82 83 84 84 84 84 85 85 85 85 86 86 87 87 87 87 89 90 91 92 92 93 93 94 95 94 94 94 92 92 92 92 91 90 90 89 89 90 90 90 90 90 90 91 91 92 92 93 93 94 94 94 94 94
63 63 64 64 64 64 65 66 67 67 67 68 68 68 68 68 68 68 69 69 69 69 69 69 69 70 71 71 72 72 72 73 74 74 75 75 76 76 77 78 78 79 80 82 82 84 84 84 85 85 85 86 86 87 87 87 87 88 89 90 90 91 92 92 93 94 94 94 93 93 93 92 92 91 90 90 89 89 89 89 89 90 90 90 91 91 92 92 92 93 94 94 94 94 94 94
63 63 64 64 65 66 66 67 67 67 68 68 68 68 68 68 69 69 69 69 69 69 69 69 69 70 70 71 72 72 72 73 73 74 74 75 75 76 76 77 77 78 79 81 82 82 83 84 85 85 86 86 87 87 88 88 89 89 89 90 90 91 92 93 93 93 93 92 93 92 92 92 91 91 90 89 89 89 90 90 90 90 91 90 91 91 91 92 92 93 94 94 94 95 94 94
64 64 64 65 65 66 66 66 67 68 68 68 68 68 68 68 69 69 69 70 70 69 70 69 69 69 70 70 71 71 72 72 73 73 74 74 74 75 75 76 77 77 78 80 81 82 83 84 84 85 86 86 86 87 88 88 89 89 90 90 90 91 92 91 91 92 93 92 92 92 92 91 90 89 89 88 88 88 88 89 90 90 90 90 90 90 90 91 92 93 94 93 94 94 94 93
64 65 65 65 65 66 66 66 66 68 68 68 68 69 69 69 69 69 70 70 70 70 70 69 69 69 69 70 71 72 72 72 73 73 73 73 74 74 75 75 75 76 77 79 80 81 82 83 84 85 85 86 87 87 88 89 89 90 89 89 90 91 91 91 92 91 91 91 91 90 90 90 89 88 87 87 86 87 88 88 89 90 90 90 89 90 91 91 93 93 94 94 94 95 94 93
65 65 65 65 66 66 66 66 66 67 68 68 69 69 69 70 70 70 69 69 70 70 70 69 69 69 69 70 70 71 71 72 73 73 73 73 74 74 74 74 74 75 77 79 79 80 81 82 83 84 85 86 86 88 88 88 89 89 89 89 90 90 90 90 91 91 90 90 90 89 90 89 88 87 86 86 86 86 87 88 89 89 89 90 90 91 92 93 94 94 95 95 95 95 95 94
66 66 66 66 67 67 66 66 66 67 67 68 68 69 69 69 70 69 70 70 70 70 70 70 69 69 69 69 70 70 71 71 72 72 73 73 73 73 74 74 74 75 77 78 79 81 81 82 83 84 85 86 87 87 88 88 88 89 89 89 89 89 90 90 90 90 90 90 90 89 89 88 87 87 86 86 86 87 87 88 88 89 90 90 91 92 92 94 95 95 95 96 96 95 96 95
66 66 66 67 67 67 67 67 67 66 67 67 68 68 69 69 69 70 70 70 70 70 70 69 69 69 69 69 70 70 70 71 72 72 72 72 73 73 73 74 75 76 77 78 79 80 82 82 83 85 85 86 86 87 87 87 88 89 88 89 89 89 89 89 90 90 89 89 89 88 88 87 87 86 86 85 86 87 87 87 88 89 90 90 92 92 93 94 94 96 96 96 96 96 95 94
67 67 68 68 67 68 68 68 68 67 67 67 67 68 67 67 69 69 69 70 70 70 70 70 69 69 69 69 70 70 70 71 71 71 72 72 72 73 74 74 75 76 77 78 79 80 81 82 83 84 85 86 86 87 87 87 88 88 88 88 88 88 89 89 89 89 89 89 88 88 87 86 86 86 86 85 85 85 86 87 88 88 89 90 91 92 93 93 94 95 96 96 96 95 95 94
68 68 68 68 68 68 68 68 68 68 68 67 67 67 66 67 69 69 70 70 70 70 70 70 69 69 69 68 69 70 70 70 71 71 71 72 72 73 73 74 75 76 76 77 78 79 80 81 82 83 84 85 86 86 87 88 88 88 88 88 88 88 88 88 89 88 88 88 87 87 86 86 85 86 85 85 84 85 86 87 88 88 89 90 92 92 93 94 95 96 97 96 95 94 94 94
68 68 68 68 68 68 68 68 67 68 68 68 68 68 68 68 68 69 70 70 70 70 70 70 69 69 69 68 68 70 70 70 71 71 71 72 72 73 73 74 75 76 77 77 78 79 79 80 82 83 84 85 86 87 88 88 88 88 88 88 87 87 87 87 88 88 87 87 86 86 85 85 85 84 84 84 84 85 85 86 88 89 89 90 91 92 93 94 95 96 97 96 95 95 94 94
68 68 68 68 68 68 68 68 67 67 67 68 68 68 68 68 69 69 69 69 70 70 69 69 69 68 68 68 68 69 70 71 70 70 71 72 72 73 74 74 74 75 77 78 79 79 79 80 82 82 84 85 86 87 87 87 87 88 87 87 87 87 86 86 86 87 86 86 85 85 85 85 84 84 84 84 84 85 85 85 87 88 89 89 90 91 92 93 94 95 95 95 95 94 93 93
