inputs/cropped_bioclim_tortoise/wc2.1_2.5m_bio_19_band1.asc
ncols        480
nrows        504
xllcorner    -120.000000000000
yllcorner    24.000000000000
cellsize     0.041666666667
[rows 270 to 314 of 504, columns 384 to 479 of 480]
31 32 32 31 31 32 33 33 33 33 32 31 32 31 32 32 33 32 34 34 34 34 36 36 37 37 37 37 39 39 40 40 40 41 42 42 42 42 42 42 42 42 42 43 43 42 41 41 41 41 41 42 42 42 42 42 42 42 43 43 45 47 49 51 53 55 57 57 58 59 59 61 61 61 61 61 61 62 62 63 64 64 64 65 64 65 66 66 68 68 69 69 70 72 72 73
31 31 32 32 32 32 33 33 33 33 31 31 31 31 32 31 32 32 32 34 34 34 36 36 37 37 37 37 39 39 40 40 40 41 42 42 42 42 43 42 42 43 43 43 43 43 41 41 41 42 42 41 41 41 42 42 42 42 43 43 46 47 50 53 55 57 58 57 58 59 61 61 61 60 61 62 62 61 62 63 64 64 64 65 65 65 66 68 68 68 69 71 71 72 72 73
31 31 32 31 31 31 33 33 33 32 31 31 31 31 31 31 31 32 32 32 34 35 35 36 37 37 37 37 39 39 40 40 40 41 42 42 42 43 43 44 43 44 43 43 43 43 42 41 41 42 41 41 41 42 42 42 42 43 43 43 46 48 50 52 55 58 59 59 57 58 61 61 60 60 60 62 61 61 62 62 63 63 64 65 65 65 67 68 68 69 70 70 71 72 72 73
30 31 31 31 31 31 31 31 32 32 31 31 31 30 30 30 32 32 32 32 34 35 35 36 36 37 38 38 38 40 40 40 40 42 42 42 42 43 44 44 45 44 43 43 43 43 42 43 42 42 41 42 41 43 43 42 43 43 43 44 46 48 50 52 55 58 58 58 57 58 60 60 60 60 60 61 61 61 61 62 64 64 63 64 65 65 67 68 69 69 70 71 72 72 73 74
31 31 31 31 31 31 32 32 32 32 31 31 31 30 30 30 30 32 32 32 34 35 35 36 36 37 37 38 39 39 40 41 41 42 42 42 43 44 45 45 45 44 44 43 43 43 43 43 42 42 42 42 42 43 43 43 44 44 44 46 46 49 51 53 55 57 58 57 57 57 60 60 60 60 60 61 61 61 61 63 63 64 65 65 66 68 67 68 68 70 71 72 73 74 74 75
31 31 31 31 32 32 32 32 31 32 31 31 30 31 29 29 30 32 32 32 33 35 35 36 36 37 37 38 39 39 40 40 41 42 42 42 44 45 45 45 44 44 44 43 44 43 44 44 42 43 43 43 43 43 43 43 43 44 46 46 48 50 51 53 55 56 57 57 57 57 58 60 60 59 60 61 62 62 63 63 63 64 65 66 66 67 68 69 69 69 71 72 73 74 74 75
31 31 31 31 32 32 32 32 32 32 32 31 31 31 29 29 31 32 32 32 33 34 35 36 37 37 37 39 39 39 39 40 42 42 42 43 43 44 44 44 44 44 43 43 44 44 44 44 44 44 43 44 44 44 45 46 46 45 46 48 49 51 52 53 55 55 56 56 56 57 58 59 58 61 61 61 61 62 63 63 63 63 65 66 66 67 68 69 69 69 72 72 74 74 75 76
31 31 32 32 32 32 32 32 32 32 32 31 31 31 31 30 31 32 32 32 33 34 35 36 37 38 37 39 39 39 39 41 42 42 42 42 43 44 44 44 44 44 44 44 44 44 44 44 44 44 45 45 45 45 46 46 46 46 48 48 48 50 51 52 53 54 54 55 56 57 57 59 58 60 61 61 62 62 63 63 63 63 65 66 66 66 68 69 69 70 71 72 74 74 76 76
31 31 32 31 32 32 32 32 32 32 32 32 32 31 31 30 31 32 32 33 34 35 35 36 37 37 37 39 39 39 41 41 42 42 42 42 43 44 44 44 44 44 43 44 44 44 44 44 44 45 45 45 45 45 46 46 47 48 48 49 49 49 51 51 51 54 54 56 57 58 57 58 58 58 61 61 61 62 63 63 63 63 65 65 66 66 66 68 70 70 71 73 74 73 75 76
32 32 32 32 33 34 34 33 32 32 32 32 32 32 32 32 32 32 33 34 34 35 35 37 38 37 38 39 39 39 40 42 42 42 42 42 43 43 43 43 44 44 44 44 44 44 44 44 45 45 45 46 47 47 47 48 48 48 49 50 50 51 51 51 51 54 54 54 57 57 57 58 59 58 61 61 61 62 62 63 65 65 64 66 67 67 68 68 70 70 72 72 74 75 76 77
32 32 32 32 33 34 34 33 33 32 32 32 32 32 32 32 33 33 33 34 34 35 36 36 37 38 38 38 40 40 40 40 41 42 42 42 43 43 43 42 43 43 44 44 44 44 44 45 46 45 47 47 47 48 48 48 49 49 50 51 51 51 51 51 52 54 54 54 56 56 57 57 59 60 60 61 61 62 62 64 65 65 65 65 67 67 68 68 70 71 72 74 74 76 77 77
32 33 32 32 33 33 33 33 33 33 32 32 32 32 32 33 33 33 34 34 34 35 36 37 37 37 37 39 40 40 40 41 40 41 41 42 42 42 42 42 42 43 44 43 44 44 45 45 46 47 47 47 47 48 48 50 50 50 51 51 51 51 52 52 53 53 54 54 56 56 57 57 58 60 60 61 61 62 62 64 64 65 65 65 67 67 69 69 70 71 72 73 74 75 76 79
32 33 32 33 33 33 33 33 33 33 33 32 32 32 32 33 34 34 34 34 34 36 37 37 37 38 39 39 40 40 40 41 41 42 41 42 42 42 42 42 43 43 43 43 44 44 45 46 46 46 47 48 49 50 50 50 50 50 51 51 52 53 53 52 53 54 55 55 56 57 57 58 58 59 61 61 61 61 63 64 64 65 65 68 67 68 69 69 70 70 72 74 74 75 76 79
33 33 33 33 33 34 34 33 33 33 33 33 34 33 34 34 34 34 34 34 36 36 37 37 37 37 39 40 40 40 41 41 41 41 41 42 42 42 42 42 42 43 43 43 45 44 45 46 46 46 47 49 50 50 50 50 51 51 51 51 53 53 53 52 53 53 54 56 57 57 57 59 60 61 61 61 61 63 64 64 64 65 66 68 68 68 69 71 71 72 72 73 75 75 77 79
32 33 33 33 33 34 34 33 33 33 33 33 33 34 34 34 34 34 34 35 36 37 37 37 37 39 40 40 39 40 40 40 41 41 41 41 42 41 42 42 42 43 43 43 44 45 46 45 46 47 49 49 49 49 49 51 51 51 51 52 53 53 54 53 53 53 55 55 57 57 57 58 61 61 61 63 63 64 64 65 65 65 66 67 67 69 71 71 71 72 72 74 75 77 77 79
32 33 33 33 33 35 34 33 33 33 33 33 34 34 34 34 34 35 35 35 36 37 38 38 38 39 40 40 40 40 40 41 41 42 41 41 41 40 42 42 42 42 43 43 43 44 45 45 46 47 48 48 49 49 49 51 50 50 51 52 53 54 53 52 53 54 55 55 56 57 57 58 59 60 61 61 63 65 66 66 66 67 67 68 70 70 71 71 71 72 73 73 75 77 77 79
33 33 33 33 35 35 35 33 33 33 34 34 34 34 34 34 35 35 35 35 37 38 38 38 39 39 40 40 41 40 41 41 42 42 41 42 39 40 40 40 41 41 42 42 43 43 45 45 45 47 47 48 48 49 50 50 50 51 51 51 51 51 52 53 53 53 54 55 57 57 57 58 61 61 61 62 63 65 66 67 67 67 69 70 70 71 71 71 72 73 73 73 76 77 77 79
33 33 34 36 36 36 35 34 34 34 34 34 34 34 35 35 35 35 35 36 37 38 38 39 40 40 41 41 41 40 41 41 41 41 41 40 39 39 39 39 40 42 42 42 42 43 44 45 45 47 47 47 49 49 50 50 50 51 51 52 51 51 51 53 53 53 54 55 56 57 58 59 61 61 63 63 63 64 65 67 67 69 70 70 70 71 72 72 72 72 73 73 74 76 78 80
33 33 34 36 36 36 35 35 34 34 34 34 34 35 35 35 35 35 36 36 37 38 38 39 39 41 41 41 42 42 42 43 42 42 41 41 39 39 39 39 40 41 42 42 42 43 44 44 45 47 47 47 48 49 49 50 50 50 51 52 52 51 51 52 53 54 56 56 57 58 59 61 61 63 63 63 64 65 66 66 67 69 70 71 70 72 72 72 72 72 72 73 74 76 78 80
33 34 34 35 36 36 36 35 34 35 35 35 35 35 35 35 35 36 36 36 37 39 39 39 41 41 41 41 42 43 42 43 42 42 41 39 39 39 38 39 39 40 41 42 43 43 44 44 45 46 47 47 48 48 49 50 50 50 51 50 50 53 53 54 55 57 56 58 60 60 59 61 63 63 64 64 64 65 67 67 68 68 69 72 72 72 72 72 72 72 72 74 74 76 78 79
33 33 34 34 36 36 36 35 35 35 35 35 35 35 35 35 36 36 36 36 39 39 39 39 40 41 41 42 42 43 43 43 43 42 42 41 39 38 38 39 40 40 41 42 42 42 44 44 45 45 46 47 47 48 48 49 50 50 50 50 50 52 53 54 54 55 56 58 59 60 61 61 63 63 64 64 64 67 67 68 69 70 71 72 72 73 73 73 75 74 73 73 74 75 77 80
33 33 34 34 33 34 35 35 35 35 35 34 34 34 34 35 35 36 36 37 38 39 39 39 40 42 41 43 42 44 43 45 44 44 42 42 41 39 39 39 40 40 41 42 42 42 43 45 45 45 46 47 47 47 48 49 50 50 51 52 51 51 52 54 54 55 56 57 59 60 61 61 62 64 64 64 64 67 67 67 69 71 72 73 74 74 74 75 75 75 74 74 75 76 77 80
33 33 34 34 34 34 34 35 35 35 34 34 34 34 34 34 35 36 37 37 38 39 40 41 42 42 41 44 44 45 45 45 44 44 44 43 42 40 40 40 40 40 42 42 42 42 44 45 45 45 45 47 47 47 47 47 49 50 50 51 51 52 52 52 54 55 55 57 58 59 60 61 61 63 64 65 66 67 67 69 70 71 72 73 73 74 75 75 75 75 75 75 76 76 79 80
34 33 33 33 33 33 34 34 35 35 34 34 34 33 33 34 35 36 37 37 37 40 40 40 42 42 43 43 44 45 45 47 47 45 44 43 43 42 42 41 42 42 42 42 42 44 44 45 44 44 45 46 46 47 47 47 47 48 50 50 51 51 52 52 54 55 55 56 58 58 60 61 62 62 65 65 67 68 68 70 71 71 72 73 73 75 76 75 75 75 75 75 76 77 80 80
33 33 33 33 33 33 33 33 34 34 34 34 33 33 34 34 34 36 37 38 38 40 40 40 42 42 43 44 44 45 46 47 47 47 45 45 44 42 42 42 42 42 42 42 43 43 44 44 44 44 45 46 47 47 47 47 47 47 48 50 50 51 52 52 54 54 55 55 57 59 59 61 62 62 64 65 68 68 69 70 71 71 73 74 74 75 75 75 76 75 75 76 77 79 79 80
33 33 33 33 33 33 33 33 32 32 34 33 33 33 34 34 34 36 37 37 37 40 40 40 42 42 43 43 45 45 47 47 47 46 46 45 44 44 42 43 43 43 42 43 43 44 44 44 44 44 45 46 46 47 47 48 47 47 48 50 50 51 51 51 54 55 55 56 57 58 59 61 62 62 63 65 68 68 69 70 72 72 73 74 75 74 76 76 76 76 76 76 76 79 79 81
34 33 33 33 33 33 33 32 32 32 33 33 33 33 34 34 34 35 37 37 37 40 40 39 40 42 42 43 44 45 46 47 47 46 46 46 45 44 43 43 43 43 44 43 44 45 44 44 45 44 45 47 47 47 47 48 47 48 48 48 50 51 51 52 52 53 55 56 57 58 59 59 61 62 62 65 67 68 69 71 72 72 73 75 75 75 77 76 76 76 76 76 77 79 79 80
33 33 33 34 34 32 32 32 32 32 32 33 33 33 33 34 34 34 35 37 37 37 39 39 39 41 42 43 44 45 46 46 47 46 46 46 45 44 44 43 44 44 44 44 44 44 44 46 46 46 46 46 46 46 47 48 49 48 48 49 51 51 51 52 52 53 54 56 57 57 59 59 60 62 63 65 67 68 70 72 72 73 74 75 75 75 75 76 77 77 77 77 77 79 79 80
33 34 34 33 33 33 33 32 32 32 33 32 32 32 33 33 33 34 36 36 36 37 39 39 39 41 41 42 44 44 45 45 45 45 46 46 45 44 44 43 44 44 44 44 45 45 45 46 46 46 46 46 47 47 48 48 49 49 48 50 51 51 52 52 52 53 55 56 56 57 58 59 60 61 63 65 67 68 70 72 72 73 74 76 76 77 77 77 77 77 77 77 77 78 79 80
35 34 34 34 33 33 33 33 33 34 34 32 32 32 32 33 33 33 35 36 36 36 39 39 39 40 41 41 42 43 44 43 45 44 44 44 44 44 44 44 44 44 44 45 45 45 46 47 47 47 46 46 47 48 48 48 49 49 50 50 51 52 52 53 53 53 55 56 57 57 58 59 60 61 63 64 67 68 69 71 73 74 76 76 76 76 76 76 77 76 76 77 77 79 79 80
35 34 34 32 33 33 33 33 34 34 33 33 32 32 32 33 33 33 34 35 35 36 37 38 39 41 41 41 41 43 43 43 43 44 44 44 44 44 44 44 44 45 45 45 45 46 46 47 47 47 47 47 47 47 48 49 50 50 51 51 52 52 53 54 54 54 55 56 57 57 58 59 60 60 63 64 66 67 70 71 74 75 76 77 77 76 76 76 77 77 77 78 78 79 79 79
35 34 33 32 33 33 33 33 33 32 32 32 31 31 31 32 33 34 34 35 35 35 37 38 38 38 39 41 41 42 43 42 43 44 44 44 44 44 44 44 44 45 45 46 46 46 46 48 47 47 48 47 49 48 49 50 49 50 51 52 52 52 53 54 54 53 54 56 57 57 58 59 59 60 62 63 66 67 70 71 74 75 76 78 77 76 76 77 77 78 80 79 79 79 79 79
35 33 33 32 33 33 33 32 32 32 32 31 31 31 31 31 32 33 34 35 35 35 35 37 38 38 39 40 40 41 42 42 42 43 43 43 44 44 44 44 44 44 46 46 46 46 47 48 49 49 50 50 50 49 49 49 49 49 50 51 51 51 52 53 54 53 54 54 57 57 58 58 59 60 62 63 64 67 68 71 73 74 75 78 77 76 76 77 77 78 80 79 79 79 79 79
34 32 34 33 32 32 32 32 32 32 32 30 31 31 31 31 32 32 32 32 34 35 35 36 37 38 39 39 40 40 40 41 43 43 43 43 43 44 43 44 44 45 46 46 46 47 47 48 50 50 50 50 49 49 49 50 49 50 51 52 52 52 52 52 54 55 55 55 56 57 58 59 59 60 62 63 65 67 68 71 71 74 75 76 76 76 79 79 79 78 80 79 78 79 79 79
33 32 33 32 32 32 32 32 32 32 32 31 30 30 30 31 32 32 32 32 33 34 35 36 36 37 38 39 40 40 40 40 40 43 43 43 42 43 44 44 44 45 46 46 46 46 47 49 50 50 51 51 51 49 49 49 49 51 51 52 52 52 52 53 53 55 55 56 57 57 57 59 59 59 62 62 65 66 68 70 71 74 76 76 76 76 78 79 79 79 79 80 80 80 80 82
34 34 33 32 32 32 32 32 32 32 32 32 30 30 30 30 30 31 31 31 33 34 34 34 36 37 37 38 39 39 40 40 40 41 42 43 42 42 43 44 45 45 45 46 46 46 47 49 50 51 52 52 52 51 50 50 50 51 51 52 52 52 52 53 53 55 55 56 57 57 58 59 59 60 62 63 66 66 68 69 71 73 74 76 76 77 77 77 78 78 79 80 80 80 80 80
34 33 33 33 32 32 32 32 32 32 31 31 30 30 30 30 30 31 31 31 31 32 34 34 35 36 36 38 38 39 39 40 40 40 41 42 42 42 42 43 43 45 45 46 46 46 47 48 50 51 51 52 52 51 50 50 50 51 51 52 52 53 53 53 55 55 56 56 57 57 59 59 59 60 62 62 65 66 67 69 72 73 74 75 76 77 76 75 78 78 79 78 78 80 81 81
33 33 33 33 33 32 32 32 32 31 31 30 30 30 29 30 30 31 31 31 31 31 32 34 35 35 35 36 38 38 39 39 40 40 40 41 42 42 42 42 43 45 45 46 46 46 47 49 50 50 51 51 51 51 50 50 50 51 52 52 53 54 54 55 55 55 55 57 57 57 58 59 59 61 62 63 63 66 66 69 70 73 74 75 75 76 76 75 75 77 78 78 78 78 81 81
33 33 33 33 33 32 32 32 31 31 31 30 29 29 29 29 29 30 30 31 31 31 32 33 34 35 35 37 37 38 38 39 39 40 40 40 41 43 42 42 43 44 45 45 46 46 47 48 48 50 50 51 51 51 50 49 50 51 52 52 53 55 56 56 55 55 57 57 58 58 59 60 60 62 62 63 65 66 66 69 71 72 74 75 75 74 74 74 74 76 76 77 77 78 79 80
33 32 33 33 33 32 32 31 31 31 31 30 29 29 29 29 29 29 30 30 30 31 32 33 33 33 35 36 37 38 38 39 39 39 39 40 41 42 42 42 42 44 44 45 46 46 47 48 48 49 49 50 51 51 50 50 50 50 51 52 54 55 55 57 57 57 57 57 58 59 60 60 62 62 63 65 65 66 66 69 72 72 73 73 74 74 73 72 73 74 75 76 76 77 79 79
32 32 32 33 32 32 31 31 31 31 31 29 29 29 29 29 28 28 28 29 30 30 30 32 33 33 35 35 36 36 38 38 39 39 39 39 40 41 41 42 42 43 44 45 45 46 47 47 48 48 49 50 50 50 50 50 50 50 51 52 53 55 55 55 57 58 58 59 59 60 60 62 62 62 65 65 65 65 66 69 69 71 72 72 74 74 73 72 72 73 74 75 76 77 77 79
32 32 32 32 32 31 31 30 31 31 31 30 29 29 29 28 28 28 28 29 30 30 30 31 32 32 34 35 36 36 37 37 38 38 38 39 39 41 41 41 42 42 44 45 45 46 47 47 47 47 48 49 50 50 49 49 50 51 50 52 53 55 55 55 56 57 58 59 59 60 61 62 63 64 65 65 65 65 66 67 69 71 71 71 73 74 74 73 73 73 75 75 76 77 77 79
32 32 32 32 33 31 30 30 30 31 30 30 29 29 29 28 28 28 28 28 29 29 31 32 32 32 33 35 35 37 37 37 37 39 39 38 39 41 41 41 42 43 43 44 45 45 45 46 47 47 48 48 48 49 50 50 50 50 51 52 52 53 55 56 56 56 57 58 60 60 62 63 65 65 65 65 67 68 67 67 68 68 71 71 72 72 73 73 73 73 75 75 76 78 78 78
32 32 32 32 32 32 30 30 30 30 30 29 29 29 28 28 28 28 28 28 28 29 30 31 32 32 33 34 35 37 37 37 37 37 38 39 39 40 41 41 42 43 43 45 45 45 45 46 47 48 48 48 48 48 49 49 50 51 51 52 53 54 54 56 56 57 58 58 60 60 61 63 65 65 66 68 68 69 69 69 69 70 70 72 72 72 72 73 74 74 75 76 76 78 79 80
32 32 32 32 32 32 31 30 30 30 30 30 30 30 29 29 29 27 26 27 28 28 29 31 31 32 32 34 35 36 38 37 37 38 37 38 39 39 40 41 41 42 43 43 45 45 45 45 46 48 48 48 48 48 48 50 50 51 51 51 52 52 54 55 56 58 58 59 58 61 62 62 64 65 67 68 69 69 69 69 70 70 71 72 72 72 73 73 74 75 76 76 78 80 80 81
