inputs/cropped_bioclim_tortoise/wc2.1_2.5m_bio_13_band1.asc
ncols        480
nrows        504
xllcorner    -120.000000000000
yllcorner    24.000000000000
cellsize     0.041666666667
[rows 336 to 383 of 504, columns 192 to 287 of 480]
71 71 74 76 78 81 83 84 86 89 90 89 90 88 89 92 97 105 107 107 110 116 129 126 132 133 126 124 135 145 149 142 138 132 134 140 140 144 156 151 144 140 136 133 132 133 135 145 148 145 133 126 121 122 116 112 108 102 98 95 94 101 113 95 84 77 79 84 95 110 118 124 116 109 108 99 91 88 86 85 84 83 82 81 80 79 78 77 76 76 75 73 73 72 71 70
71 72 74 75 77 79 82 84 85 86 87 87 88 88 90 92 96 104 105 105 109 112 119 126 124 130 127 123 131 143 147 147 136 130 139 146 143 143 148 148 145 141 139 137 133 132 133 142 153 154 135 125 119 119 120 114 108 103 99 101 103 106 112 94 85 77 79 83 90 107 119 112 106 105 103 101 93 90 88 87 86 85 84 83 81 80 79 79 77 76 77 74 73 75 75 75
72 72 73 74 76 78 81 83 85 85 86 87 87 89 93 94 96 101 103 105 108 110 118 128 129 123 124 120 128 145 143 139 133 132 142 150 146 144 143 144 142 140 144 139 133 132 134 134 142 152 147 132 121 117 115 115 109 104 101 109 113 105 101 98 89 79 78 81 87 99 116 113 99 101 101 101 97 92 91 89 88 87 85 84 83 82 81 80 78 77 77 75 74 73 75 75
74 73 73 73 74 77 79 82 83 83 84 88 88 91 92 93 96 100 102 105 107 108 115 132 133 123 121 119 123 132 137 134 130 136 146 152 149 145 142 141 139 141 145 143 136 133 132 132 134 141 137 145 129 123 118 116 113 108 104 109 112 117 104 95 99 86 77 81 88 90 98 103 98 105 107 102 97 94 92 91 90 89 87 86 85 84 83 81 80 79 77 76 75 74 73 73
72 74 76 73 73 77 79 80 80 81 86 91 90 90 92 94 96 100 102 104 106 108 114 131 130 122 118 118 121 124 129 131 136 144 150 153 150 145 143 140 139 144 148 144 139 134 131 131 131 133 129 141 136 128 123 119 115 110 107 112 116 121 110 99 91 83 78 83 88 84 89 102 95 103 109 105 99 96 95 93 92 91 89 88 87 86 84 83 81 80 80 78 77 75 74 73
67 69 70 71 72 76 77 77 79 84 88 90 91 90 91 92 97 104 103 104 105 108 114 126 125 120 116 118 120 131 138 136 144 149 157 156 153 149 143 141 140 145 148 145 143 140 134 131 130 129 129 140 132 129 125 120 115 111 111 116 115 111 107 100 95 85 90 101 99 88 90 95 100 114 118 106 101 99 98 97 96 94 92 91 89 88 86 84 83 82 82 81 79 77 76 75
65 67 68 70 71 73 75 80 82 86 89 91 92 90 90 94 98 105 107 103 105 107 112 118 120 118 121 122 129 144 142 137 145 153 159 156 155 152 146 143 141 143 144 145 145 142 137 130 129 126 129 146 142 129 125 120 117 114 114 120 117 102 101 92 93 92 106 124 110 98 90 95 104 113 124 111 104 103 105 103 100 98 95 93 92 90 88 86 85 84 85 83 81 79 77 75
64 66 67 69 72 75 76 81 85 86 87 89 92 89 89 92 96 106 108 102 102 104 111 116 119 112 117 120 129 146 151 140 144 150 149 150 155 156 152 146 143 141 144 149 149 143 137 132 128 127 127 133 148 133 128 125 121 117 119 122 115 111 94 89 90 104 122 134 124 110 97 95 102 106 113 116 107 105 109 107 103 103 98 96 96 92 90 88 86 85 85 84 83 80 77 75
63 63 65 67 72 82 76 76 80 82 86 87 89 88 88 91 95 100 103 99 98 102 107 109 114 112 117 120 130 151 151 142 146 145 148 154 159 157 152 149 146 143 143 148 150 144 142 136 129 128 129 131 140 139 132 128 123 121 123 126 116 103 94 91 98 105 126 136 135 118 107 99 100 109 121 117 109 108 111 111 108 105 103 99 96 94 92 90 88 86 84 83 82 80 78 76
68 65 64 64 68 71 72 73 76 78 82 85 87 85 86 89 92 94 96 95 96 100 102 106 110 112 117 122 130 147 145 142 143 144 151 155 158 159 154 151 149 145 143 147 146 148 143 138 131 130 131 131 136 145 138 132 127 126 125 119 118 103 95 94 101 116 132 138 130 118 110 106 104 103 112 116 112 112 112 109 111 110 105 101 97 97 96 93 89 87 85 83 82 80 78 77
69 67 65 65 66 67 69 72 74 76 79 85 82 82 85 87 89 91 92 93 94 96 103 112 123 119 118 123 128 143 148 139 141 145 149 153 155 157 155 153 152 149 145 144 143 147 143 137 133 134 134 137 139 156 150 136 131 133 134 133 127 111 98 95 115 126 133 142 136 124 120 113 107 104 108 111 110 112 114 112 119 118 110 105 99 97 99 96 91 89 86 84 82 81 80 77
71 68 66 66 66 67 69 70 72 74 76 81 82 84 85 86 88 90 90 93 93 96 103 110 118 126 124 126 130 147 142 138 147 147 148 152 155 158 156 158 157 151 147 145 142 148 145 136 135 137 137 138 140 150 148 137 134 137 144 145 134 121 103 96 112 136 126 128 143 138 135 122 109 108 109 110 110 111 112 114 117 116 111 105 100 99 101 103 99 94 89 85 83 83 83 78
71 71 67 66 67 69 72 70 71 73 74 77 80 85 86 86 87 88 90 93 97 97 103 109 115 122 129 134 139 147 139 138 144 151 148 151 155 157 165 165 156 154 148 146 142 146 142 134 135 138 138 138 138 145 143 135 138 140 141 133 127 121 104 100 120 135 123 120 144 135 130 124 114 110 111 115 116 111 111 114 113 111 112 107 102 101 106 108 101 94 91 88 85 84 84 80
66 74 69 67 67 68 74 70 71 73 74 77 79 83 85 85 86 88 90 95 100 101 104 109 115 120 131 143 143 141 137 140 148 157 148 152 155 161 168 162 155 153 153 145 143 146 138 136 139 143 143 138 138 140 145 136 139 145 140 128 120 111 106 106 118 130 122 119 140 144 133 124 119 114 114 120 121 114 113 114 113 113 112 107 104 103 103 103 98 93 92 88 86 85 83 81
63 69 68 67 67 68 70 71 72 73 75 77 79 81 83 84 86 89 91 95 99 101 105 109 115 121 132 142 143 139 137 140 145 149 147 150 155 161 168 161 159 154 147 142 142 149 139 140 143 147 145 139 138 141 145 137 140 145 139 127 120 116 114 109 112 126 122 124 141 141 136 130 122 117 117 124 122 117 117 118 117 118 113 108 105 104 106 101 96 93 91 88 86 85 83 81
63 69 67 67 68 70 71 73 74 75 77 79 81 82 84 86 88 89 92 95 99 102 105 110 115 123 137 142 147 142 138 141 148 146 147 152 157 164 165 161 160 160 149 142 139 144 146 149 147 149 144 139 138 140 147 136 144 152 146 130 121 123 119 107 113 132 142 135 146 147 136 129 124 121 120 123 121 121 121 120 119 121 115 109 106 105 103 102 97 94 92 89 87 85 83 82
65 68 66 67 69 72 77 80 79 79 80 81 83 85 88 94 92 91 93 96 99 103 108 113 117 123 130 138 150 146 140 144 149 152 152 152 158 163 169 165 160 155 146 141 149 158 158 158 155 154 151 143 139 142 149 138 140 149 149 135 120 119 113 108 114 127 139 147 143 143 141 135 128 124 123 124 125 125 125 122 120 118 115 110 107 105 103 99 97 95 92 90 88 85 83 82
61 65 68 68 71 75 82 86 83 84 84 84 86 90 91 95 98 95 95 97 101 106 112 120 122 124 129 138 146 145 140 145 146 153 157 154 160 165 169 165 157 153 146 150 161 165 165 163 158 155 154 146 141 142 141 140 144 149 160 161 141 125 121 109 112 123 139 150 142 141 143 137 129 125 126 129 129 127 126 125 122 119 115 114 112 106 102 99 98 95 93 91 90 86 83 81
61 64 68 69 73 77 85 89 86 85 87 86 89 95 96 97 99 98 98 99 103 108 118 126 123 124 129 134 141 144 139 143 146 152 159 158 161 161 159 162 155 150 145 156 167 171 166 163 159 159 156 148 141 141 139 145 147 147 157 158 150 138 132 116 110 118 131 143 149 141 141 138 131 129 129 131 135 131 129 128 126 126 119 115 112 106 103 100 99 96 94 92 91 87 84 82
64 65 68 70 75 79 88 92 88 87 86 88 91 96 98 99 99 100 100 100 104 110 118 122 122 124 131 141 141 145 143 141 147 152 162 164 166 164 162 159 150 148 146 154 165 174 167 161 159 156 157 150 143 139 142 143 152 150 157 166 154 145 133 119 111 121 130 141 145 148 140 136 133 134 138 140 135 135 135 131 128 123 118 114 110 107 105 101 100 95 95 98 95 89 85 82
66 66 67 70 74 79 84 93 91 88 87 90 94 97 103 102 102 101 100 102 106 111 115 118 120 123 131 136 140 145 146 141 148 155 163 170 166 164 165 161 153 146 147 156 161 167 164 159 159 157 157 149 143 140 142 145 151 153 157 161 162 150 139 120 114 120 126 148 151 147 144 139 138 143 150 148 141 134 138 135 131 126 121 118 114 108 109 101 100 96 95 97 98 90 87 84
67 66 66 70 74 77 82 88 96 90 89 94 98 101 108 108 103 102 102 104 109 113 113 116 119 124 129 135 140 146 149 141 153 160 165 172 169 166 165 159 156 148 148 154 161 173 166 157 156 159 161 149 143 141 147 151 163 167 154 149 148 147 135 122 119 118 128 153 160 152 152 143 145 150 156 149 140 138 142 138 134 128 125 122 118 109 106 104 101 97 96 96 104 92 88 87
67 66 67 70 73 76 80 86 94 94 90 91 95 99 103 104 102 102 103 107 111 114 114 115 119 123 129 136 142 148 147 140 149 157 166 176 173 170 165 160 153 149 146 151 163 170 173 162 156 159 160 156 144 144 148 155 167 175 171 149 138 143 132 123 132 123 126 153 161 157 160 152 150 156 160 153 144 141 146 142 135 133 130 126 122 112 105 106 102 98 96 97 108 98 91 91
65 64 66 70 72 75 79 84 90 93 90 90 92 97 99 101 101 101 103 110 111 112 112 114 118 123 129 136 142 148 148 143 145 150 161 168 172 168 167 160 158 151 146 149 158 169 179 168 162 155 155 153 146 144 147 150 152 170 178 167 142 136 131 124 127 124 129 150 152 153 153 155 153 157 163 160 154 148 149 146 137 137 134 129 120 117 107 103 99 99 98 98 108 98 95 92
62 64 65 66 70 73 80 87 87 89 91 89 90 93 96 98 99 101 104 109 112 112 112 112 117 122 128 134 142 150 153 151 142 149 155 163 170 166 160 156 154 151 146 149 157 167 180 175 170 162 157 155 150 145 146 148 149 161 178 177 156 143 139 128 126 121 139 151 153 146 155 147 154 163 162 165 162 157 147 145 141 142 137 130 122 117 111 102 100 101 105 110 114 101 98 95
62 66 66 67 70 72 77 84 84 87 92 88 87 90 93 96 98 101 105 109 113 112 113 112 113 119 126 132 139 145 150 149 145 144 152 160 168 177 166 154 156 153 147 150 159 168 184 181 176 169 164 159 157 152 147 147 148 154 173 192 173 145 138 130 123 129 160 153 145 143 149 162 164 155 165 169 166 163 158 152 146 145 140 135 130 119 116 114 113 114 114 117 114 105 101 98
62 66 69 71 73 73 75 78 83 86 87 86 84 87 93 96 99 101 104 111 113 113 113 112 112 115 122 129 136 143 149 153 145 141 149 159 170 177 173 161 163 158 149 152 161 170 182 190 184 174 168 161 154 152 152 150 148 151 168 184 181 156 151 135 125 147 171 153 138 138 161 180 169 162 162 166 170 168 164 159 148 146 146 141 133 126 121 127 130 125 132 124 113 108 104 100
63 68 72 76 78 76 77 76 82 87 85 85 82 89 95 98 100 100 102 108 112 113 112 111 110 113 120 126 132 138 148 153 148 139 145 154 161 167 181 176 172 155 149 154 163 171 179 186 187 178 170 166 160 161 155 152 148 151 158 162 164 167 166 147 128 145 168 153 137 140 168 186 179 165 158 163 174 174 171 166 152 150 149 145 139 137 130 132 134 133 135 129 123 112 107 105
61 67 74 79 79 75 74 72 76 82 80 82 81 88 95 99 100 100 101 105 110 111 110 109 109 110 116 121 127 134 140 150 146 139 142 153 156 163 179 191 187 163 149 154 161 167 170 180 188 183 174 166 169 177 162 151 149 152 158 159 158 165 181 161 138 138 166 156 137 143 161 174 178 171 156 167 178 177 172 168 161 160 149 148 145 142 138 140 139 141 140 136 127 118 112 111
57 63 68 73 75 74 72 71 72 77 76 79 84 87 92 96 98 99 99 102 106 111 109 108 107 108 113 121 128 131 134 147 152 140 138 148 152 159 169 182 177 165 154 151 156 166 179 182 187 183 178 173 170 179 168 154 153 154 154 157 168 174 177 163 144 138 150 161 141 146 161 159 160 162 158 165 181 181 178 173 168 165 157 155 153 146 144 145 145 146 145 141 132 121 122 117
51 57 62 66 68 70 73 72 72 72 72 75 79 84 87 91 94 96 97 99 102 104 105 105 105 105 110 121 126 127 130 137 148 144 136 142 148 161 166 169 178 174 167 155 154 162 171 175 189 188 182 179 177 186 175 159 153 153 156 159 171 177 171 154 140 142 141 149 146 156 163 151 148 151 158 162 182 184 178 177 174 169 163 161 161 156 151 150 151 152 152 150 144 137 131 123
45 50 55 60 63 67 72 75 75 71 69 72 74 79 82 86 89 91 93 96 98 101 102 102 103 103 107 115 120 122 126 136 144 139 136 140 148 154 156 165 179 182 175 164 154 159 167 180 185 182 179 180 182 191 175 163 152 153 157 161 165 160 163 162 156 143 142 164 168 163 172 153 145 150 162 156 173 186 179 177 178 175 169 165 166 164 162 157 154 157 159 158 152 147 142 133
42 45 49 53 58 62 67 70 76 73 70 69 72 76 79 81 85 87 90 93 95 98 100 100 101 101 105 111 117 119 125 137 140 143 135 137 143 147 148 159 176 185 174 166 157 160 169 178 185 180 179 178 181 188 174 167 155 156 159 162 162 159 166 176 177 154 144 161 171 167 171 156 145 160 170 152 157 177 172 168 175 178 175 169 171 170 167 166 167 163 162 166 156 150 145 139
41 43 45 49 53 56 60 63 67 67 70 69 70 74 78 79 83 84 86 89 93 96 103 99 99 100 103 107 112 116 122 127 132 137 135 135 139 142 144 153 177 182 181 164 158 163 176 184 184 181 179 178 175 181 181 165 155 157 160 164 159 163 175 186 190 172 148 167 174 160 162 151 148 160 180 157 153 170 167 167 172 170 179 178 175 175 173 173 173 169 158 155 159 155 148 142
41 43 44 45 48 51 54 57 61 63 67 67 69 74 81 78 81 82 83 87 91 93 95 96 97 98 101 106 110 113 118 120 123 128 135 136 135 136 141 145 169 180 178 169 157 160 172 184 190 185 180 172 172 180 183 167 155 158 161 159 159 165 174 195 188 163 144 157 168 161 157 148 152 163 174 152 154 168 169 161 166 174 182 185 183 179 179 179 174 168 153 157 162 157 152 145
43 42 43 44 45 46 48 53 56 59 62 64 67 70 75 77 79 78 81 86 92 94 96 97 96 97 100 104 108 112 113 114 124 132 133 134 132 132 135 138 149 159 166 164 158 161 170 190 196 189 184 176 172 187 187 176 159 154 152 153 157 166 170 177 168 157 144 154 149 160 157 149 155 169 168 146 159 172 173 158 166 175 184 183 184 186 184 182 175 155 159 163 161 159 153 146
45 42 42 44 45 46 48 51 54 57 60 62 65 68 72 75 78 79 83 86 92 96 101 103 97 96 98 102 110 113 111 115 125 132 131 127 128 127 130 132 139 140 149 157 170 164 169 190 191 187 178 175 168 183 198 180 157 151 150 154 164 177 182 174 158 142 151 170 148 168 151 149 153 166 164 144 149 161 161 174 175 177 183 187 177 188 181 174 171 154 170 172 164 160 151 145
45 42 42 46 48 48 48 51 53 56 59 61 64 67 70 73 79 82 83 86 90 96 103 100 96 95 96 100 104 107 112 114 122 129 134 125 124 123 124 128 134 153 165 167 185 175 168 179 183 178 172 165 172 179 183 175 153 153 153 159 175 183 195 177 169 144 150 175 153 142 149 161 153 166 153 151 158 157 157 188 187 185 184 185 173 187 187 170 154 151 169 173 168 163 152 146
42 41 42 47 47 46 47 50 52 55 57 60 62 65 68 71 77 82 80 84 89 94 99 104 97 95 94 98 101 106 111 114 118 124 131 122 119 120 124 130 145 167 175 174 188 190 179 176 181 176 168 158 154 160 175 165 167 164 162 167 184 196 208 184 156 149 138 174 175 158 153 158 147 152 149 152 156 162 169 192 196 181 178 175 163 164 170 161 157 163 174 175 169 162 154 147
42 42 42 44 45 46 46 49 51 53 56 59 61 66 67 71 74 77 76 79 85 90 98 103 96 94 93 97 99 107 112 111 113 117 121 118 118 120 125 132 141 156 168 174 179 183 184 181 181 185 182 165 153 150 154 160 156 164 167 185 191 195 192 197 176 154 146 169 186 165 170 157 157 152 172 173 164 170 177 186 195 175 167 168 176 180 170 159 164 172 177 177 170 164 159 150
44 43 42 42 43 44 46 48 50 52 55 57 59 62 65 69 72 74 76 78 82 86 91 98 95 94 93 94 98 103 106 108 110 112 116 120 120 120 125 132 142 148 161 168 170 179 189 182 179 183 193 184 154 146 148 173 159 151 167 196 199 174 163 169 182 155 172 189 177 173 173 185 192 153 163 180 177 178 194 193 195 169 164 181 194 198 183 165 168 180 182 179 170 165 163 156
41 42 41 42 42 44 45 46 49 51 53 56 58 60 64 70 73 71 73 76 79 82 87 91 96 91 90 93 96 100 104 106 106 109 115 123 124 120 125 131 139 147 155 161 169 179 181 177 178 183 193 186 166 147 150 173 164 149 158 188 208 201 170 149 160 154 150 199 182 175 186 181 199 172 156 169 179 187 194 203 197 175 167 180 196 200 184 166 169 172 180 180 171 163 161 162
38 40 40 41 42 43 44 46 48 50 52 54 56 61 66 66 69 69 71 73 75 78 83 89 96 92 90 92 94 98 102 105 107 109 114 121 119 120 126 132 138 145 151 156 162 167 173 180 183 188 207 197 168 152 144 168 163 147 157 193 187 193 185 164 143 147 138 180 176 166 186 184 194 185 161 177 182 184 201 205 196 173 168 185 195 200 183 167 173 175 184 181 170 162 158 160
36 40 40 40 41 42 44 46 47 49 51 54 56 60 65 64 65 67 69 71 73 76 79 84 93 93 90 89 92 95 102 106 107 108 115 119 117 121 123 129 137 143 147 157 163 165 175 184 186 191 206 199 179 156 147 144 149 143 155 172 178 164 169 157 144 136 139 165 164 169 177 199 195 201 163 166 159 177 211 207 189 173 164 179 194 203 189 179 173 176 186 182 170 163 158 156
35 36 38 39 40 42 44 45 47 48 50 51 53 56 61 62 63 65 67 69 71 74 77 80 85 92 87 87 90 95 101 105 107 109 112 114 116 117 121 127 134 141 163 189 180 167 174 180 185 186 194 207 197 163 152 145 143 144 150 160 168 155 141 165 158 146 134 143 172 187 190 193 203 206 176 168 167 173 192 196 170 176 171 180 192 201 201 189 171 169 185 183 173 165 160 156
34 36 37 39 40 42 43 45 46 47 49 50 52 55 58 60 61 63 64 66 68 71 75 77 78 82 83 85 89 96 100 103 106 110 111 113 114 117 121 127 135 150 189 205 186 167 171 176 183 189 205 200 177 160 153 149 173 172 193 162 151 153 147 196 177 148 142 138 161 185 200 212 221 220 194 180 187 171 187 185 183 196 196 177 192 201 202 195 176 167 178 185 180 170 162 159
35 36 37 38 40 41 43 44 46 47 47 49 51 54 57 57 59 61 62 64 67 70 73 75 78 81 83 84 88 91 97 102 104 111 111 114 115 116 122 129 139 156 172 182 172 166 171 176 181 186 195 191 182 194 199 160 175 224 210 190 173 160 147 168 186 146 138 145 162 196 214 221 220 225 212 194 202 175 185 186 206 211 212 187 182 192 200 203 188 172 173 176 183 176 165 158
36 36 37 38 40 41 43 44 45 47 48 49 51 54 56 55 57 61 64 65 65 68 71 75 80 83 84 86 89 92 94 98 103 116 115 114 114 118 124 130 138 146 153 160 163 165 170 174 179 187 196 188 196 203 210 180 152 204 229 206 192 163 149 161 191 163 141 143 168 195 212 220 227 224 222 210 209 180 184 176 200 215 208 192 180 188 189 200 195 178 168 169 175 180 169 158
