inputs/cropped_bioclim_tortoise/wc2.1_2.5m_bio_14_band1.asc
ncols        480
nrows        504
xllcorner    -120.000000000000
yllcorner    24.000000000000
cellsize     0.041666666667
[rows 0 to 57 of 504, columns 192 to 287 of 480]
18 24 32 35 37 37 35 32 29 35 38 39 40 41 40 41 41 41 40 40 40 39 41 42 40 41 44 42 38 38 36 33 36 35 33 35 33 35 37 38 37 36 37 37 39 39 38 39 39 39 39 36 35 35 36 37 37 35 35 33 33 32 31 31 29 21 18 12 9 7 7 8 8 8 8 9 9 9 9 8 8 8 9 9 10 10 10 10 10 10 12 14 16 16 17 19
21 27 33 36 37 36 35 33 34 36 37 37 40 40 40 41 41 42 42 42 42 41 41 41 42 42 43 42 38 37 36 34 33 34 35 36 36 33 34 35 35 35 36 38 39 36 36 38 40 40 38 36 35 34 36 37 37 36 35 34 33 33 32 31 27 17 13 9 7 7 7 6 7 7 9 9 9 8 8 7 7 7 7 8 8 8 9 9 9 10 10 13 16 19 18 21
24 31 34 36 37 36 35 34 33 34 35 37 40 40 40 42 41 41 42 42 43 42 40 40 42 42 43 43 39 36 36 35 35 36 37 39 37 34 34 34 35 35 36 37 36 36 38 37 39 40 38 36 36 36 35 34 33 35 34 34 34 33 32 30 23 13 9 8 7 7 7 6 6 6 7 9 8 8 7 6 6 6 6 7 7 8 8 8 9 9 9 9 12 15 19 24
25 30 33 34 34 35 36 34 32 33 35 37 38 40 41 41 42 41 41 42 41 41 40 40 42 43 43 42 38 37 37 37 37 39 40 37 35 35 35 35 37 36 34 35 35 37 36 38 39 40 38 38 38 34 33 35 30 29 29 29 28 32 32 28 17 10 9 7 7 7 7 6 6 6 7 9 8 7 7 6 6 6 6 6 7 7 7 7 8 8 9 9 9 11 17 24
27 28 31 33 33 34 33 30 30 31 33 36 38 39 38 39 41 42 42 42 41 40 40 41 42 43 43 43 40 39 39 38 39 39 40 38 37 38 36 35 36 38 38 36 34 35 35 37 39 39 38 37 36 36 35 35 34 34 33 32 29 24 26 20 24 11 9 8 8 8 7 6 6 6 8 8 6 5 5 5 5 5 5 6 6 6 7 7 7 9 8 8 9 10 12 18
25 28 28 27 28 31 29 26 28 30 31 33 36 37 39 39 39 40 41 41 41 40 39 40 41 42 42 42 41 39 39 39 40 40 41 41 41 39 38 37 37 38 40 39 38 35 36 38 40 40 40 39 37 36 34 35 35 33 31 31 29 24 21 24 22 13 11 9 8 8 9 8 7 7 7 6 5 4 4 4 4 5 5 5 6 6 7 7 7 9 9 8 8 9 11 12
24 24 24 25 23 23 24 27 28 28 30 32 34 36 39 39 39 41 41 40 40 40 39 39 39 40 40 40 40 39 39 39 39 40 41 40 39 38 39 39 37 38 39 39 38 36 36 38 38 38 40 39 37 35 37 35 32 31 28 28 28 25 27 27 21 16 11 13 12 12 11 9 8 7 6 5 4 4 4 4 4 4 5 5 5 6 7 7 7 8 8 7 8 8 9 11
22 20 19 18 18 19 20 23 26 27 29 31 33 36 37 38 39 40 41 41 41 40 40 39 39 40 40 40 40 41 40 40 39 40 40 40 40 38 39 40 40 39 39 40 39 37 37 39 40 39 39 39 39 38 38 34 32 31 31 31 30 26 29 27 21 16 14 14 16 16 11 9 7 6 5 5 4 4 4 4 4 4 5 5 5 6 6 7 8 7 7 7 7 8 8 10
19 18 17 16 16 17 18 20 22 27 30 31 33 35 37 39 39 38 39 40 41 40 40 41 41 40 40 40 40 40 40 40 41 40 41 41 40 40 39 39 39 39 40 41 39 39 38 38 39 40 40 40 40 38 36 35 34 33 33 32 31 30 30 29 26 20 18 15 16 16 12 9 7 6 6 5 6 5 4 4 4 4 5 5 5 6 6 7 7 7 7 7 6 7 8 9
18 18 19 18 16 15 18 19 22 25 27 30 32 34 36 38 39 38 39 40 40 41 40 40 41 41 41 40 41 41 41 40 41 41 41 40 39 39 39 39 40 40 39 39 40 39 39 40 40 40 39 39 40 39 37 36 36 36 35 34 33 29 25 25 26 22 19 16 13 11 10 9 6 7 9 8 7 5 5 4 4 4 5 5 5 6 6 6 6 6 6 6 7 7 7 8
23 23 29 31 25 22 30 29 28 30 30 33 35 35 36 38 39 39 39 40 40 40 40 41 41 42 42 41 42 41 40 40 41 41 40 40 40 40 39 39 40 40 39 39 40 41 40 39 38 39 41 40 40 39 36 32 33 35 34 34 32 27 23 22 21 25 22 15 11 9 8 7 6 7 8 11 11 8 6 5 5 5 5 5 5 5 6 6 6 6 6 6 6 6 8 8
26 20 22 23 24 23 24 24 26 26 28 32 33 34 35 37 38 39 39 39 39 40 41 41 41 43 42 42 42 42 42 41 42 42 41 42 40 39 39 38 38 39 40 41 41 40 39 38 37 37 38 40 38 38 34 31 27 29 30 27 29 26 21 19 19 14 18 19 12 8 7 7 7 7 7 8 8 7 7 6 6 5 5 5 5 5 5 5 6 6 5 5 6 6 6 6
21 18 17 17 18 18 19 21 22 24 26 29 31 33 36 37 38 39 39 39 39 40 40 41 42 42 42 42 43 43 43 42 42 42 41 42 41 40 39 37 37 39 40 41 41 40 38 37 36 34 34 35 33 32 29 25 23 22 23 19 18 16 15 15 14 12 10 11 13 9 8 7 7 8 7 7 7 6 6 6 5 5 5 5 5 5 5 6 6 5 5 5 5 5 5 6
18 17 17 17 17 18 19 21 23 25 27 29 31 33 36 38 38 39 39 40 39 40 40 41 42 42 42 42 42 42 42 42 42 41 41 41 40 40 39 38 38 39 40 41 42 41 40 40 38 35 34 32 32 29 28 28 23 25 22 22 22 20 17 19 18 14 10 10 10 9 9 8 8 7 7 6 6 6 6 6 6 6 6 5 5 5 5 5 5 5 5 5 5 5 5 6
19 17 17 18 18 19 20 21 23 25 27 29 31 33 35 37 38 38 39 39 39 39 40 41 42 42 42 42 42 42 42 42 42 41 41 40 41 40 38 38 38 39 40 41 42 42 41 38 35 37 37 34 36 34 33 27 28 32 31 30 29 27 22 18 14 12 12 11 12 10 9 9 8 8 7 7 6 6 6 7 7 6 6 6 5 5 5 5 5 5 5 5 5 5 5 5
18 18 18 18 18 19 21 22 23 25 27 29 31 32 34 36 37 38 38 38 39 39 40 41 41 41 42 41 41 41 41 41 41 41 41 41 41 40 39 38 38 40 40 40 40 41 41 38 37 38 37 36 39 37 29 27 30 36 35 30 25 21 17 14 14 15 16 15 15 12 10 10 10 8 8 7 7 7 8 7 6 6 7 6 5 6 5 5 5 5 5 5 5 5 5 5
18 18 18 18 19 20 21 22 24 26 27 29 31 32 34 35 37 37 38 38 39 39 40 41 41 41 41 41 40 40 41 41 40 40 41 41 40 41 41 40 38 38 38 39 40 41 41 40 40 39 36 37 39 35 31 32 35 36 31 24 18 15 15 16 19 22 23 23 17 12 11 11 11 9 8 8 8 8 7 7 7 8 8 9 8 7 6 5 5 5 5 5 5 5 5 5
18 18 19 19 20 20 21 23 24 25 27 29 30 32 34 35 36 37 38 38 39 39 40 40 40 40 40 40 41 41 41 41 40 41 42 41 39 40 40 41 40 40 41 39 39 40 41 40 40 40 40 39 37 35 35 36 34 31 24 18 16 19 21 20 25 29 29 24 18 14 13 12 11 10 9 9 8 8 8 7 8 9 9 8 7 7 6 6 6 6 6 6 5 5 5 5
18 18 19 20 20 21 22 23 24 25 27 29 30 32 33 35 36 36 38 38 39 39 40 40 40 40 40 40 41 41 41 41 40 41 41 40 39 39 41 41 40 40 41 41 40 38 40 39 39 41 39 39 39 36 34 31 29 29 22 16 20 27 31 30 31 31 30 24 18 15 13 12 11 10 9 9 8 9 8 7 7 7 7 6 6 6 6 6 6 7 7 6 6 6 5 5
17 18 19 20 21 21 22 23 24 25 27 28 30 32 33 34 35 36 37 38 39 39 39 39 39 39 39 39 40 40 40 39 39 39 39 39 39 39 40 40 40 41 41 42 40 39 41 41 40 38 38 39 37 37 35 36 33 25 18 23 29 33 34 30 27 26 23 18 15 13 12 11 10 10 9 9 10 10 8 7 7 7 6 6 6 6 6 6 6 6 6 7 7 6 5 5
18 19 19 20 21 22 22 23 24 25 26 28 29 31 32 33 34 34 35 37 38 39 39 39 39 39 39 39 39 39 39 38 38 39 39 38 38 40 41 40 40 40 41 41 39 38 39 40 38 36 37 36 37 37 35 32 26 19 27 27 31 33 30 26 22 18 16 14 13 12 11 10 10 10 9 9 10 9 8 8 8 8 8 8 7 7 6 6 6 6 6 6 6 6 6 6
17 18 19 20 21 21 22 23 24 25 26 27 27 28 30 31 32 33 34 36 37 38 39 39 39 39 39 39 40 40 39 38 39 41 40 39 39 39 40 41 40 40 40 41 41 38 38 38 38 35 34 34 35 37 34 31 24 30 31 32 31 28 25 22 21 17 14 13 12 11 10 10 9 9 10 10 9 9 9 9 9 9 9 9 8 7 7 6 6 6 6 6 6 6 6 6
19 19 19 20 20 21 22 23 24 25 26 26 27 28 29 31 32 33 35 36 37 38 39 39 39 39 40 40 40 40 39 39 39 40 40 39 39 39 40 40 40 39 40 41 39 38 37 38 40 38 36 37 34 36 38 36 25 35 34 34 30 26 27 27 28 23 16 14 13 11 10 10 10 10 10 10 9 9 8 9 9 9 9 9 9 8 7 7 6 6 6 6 6 6 6 6
19 19 20 20 20 21 22 23 23 25 25 26 27 28 29 31 32 33 35 36 37 38 39 39 40 40 40 41 40 39 39 38 38 39 39 39 40 39 39 39 38 38 39 38 40 39 40 38 40 41 39 39 36 37 37 29 27 30 31 34 31 25 27 30 29 22 24 19 17 13 10 11 10 11 10 10 10 9 9 8 8 8 8 8 8 8 7 7 7 7 7 7 6 6 6 5
19 19 19 20 20 20 21 22 23 24 25 27 28 29 30 32 33 34 35 36 37 38 39 40 40 40 40 42 41 41 39 38 37 37 37 38 38 38 36 36 36 37 38 38 38 39 39 40 38 38 39 40 37 35 30 26 34 36 33 34 31 31 27 33 34 29 29 23 18 15 11 11 11 10 10 10 10 9 9 9 9 8 8 9 9 8 8 8 7 7 7 7 6 7 6 6
17 18 19 19 19 20 21 22 23 24 26 27 28 29 30 32 33 34 35 36 37 38 39 40 40 40 41 42 41 41 40 37 36 36 36 36 36 36 37 37 37 37 37 38 39 39 39 39 38 37 37 37 33 28 27 28 32 35 34 34 34 33 31 31 35 32 24 19 16 14 13 12 12 12 11 11 10 10 10 9 9 9 9 9 9 9 9 9 8 8 7 7 6 6 6 6
17 18 19 19 20 21 21 22 23 24 26 27 29 30 31 32 34 35 35 36 37 38 39 40 39 40 41 42 41 41 38 36 35 35 35 34 34 35 36 36 36 36 35 36 37 36 37 36 36 37 37 37 36 28 35 32 35 33 32 27 30 32 33 32 32 27 28 20 17 17 18 15 15 14 12 11 10 10 11 10 10 9 9 9 8 8 8 9 9 8 7 7 7 6 7 7
18 18 19 19 20 21 21 22 23 25 26 28 29 30 32 34 35 35 35 36 38 38 39 39 40 40 41 41 40 40 37 35 35 34 34 34 34 33 34 34 34 34 33 34 37 34 33 35 37 37 36 36 34 31 34 35 34 28 31 25 30 32 32 32 31 31 26 20 19 20 22 18 15 13 12 11 10 11 10 9 9 9 9 9 8 8 8 8 8 9 8 7 7 8 8 8
19 19 19 20 20 21 22 23 24 26 28 29 31 32 34 36 36 35 35 36 37 38 38 39 39 39 40 41 40 39 37 36 35 34 33 33 33 33 33 34 34 35 34 36 37 37 35 34 36 37 37 36 34 36 34 32 35 30 20 24 27 30 30 29 30 29 26 23 23 26 24 21 16 13 13 12 11 10 9 9 8 8 8 8 8 8 8 8 8 8 8 7 8 9 9 9
20 19 20 20 20 22 23 24 25 27 29 30 31 33 35 36 37 36 36 36 37 37 38 39 39 39 39 41 40 39 36 36 35 34 33 34 34 35 35 35 36 35 35 36 36 36 37 35 36 34 32 32 27 35 35 29 30 29 20 20 26 28 26 28 26 30 31 31 29 28 21 18 16 14 11 10 9 9 9 9 8 8 8 8 8 8 8 8 8 8 8 8 8 9 8 8
19 19 20 20 21 22 23 25 26 28 30 31 32 33 35 36 37 36 36 36 36 37 38 39 38 40 39 40 42 39 36 35 34 34 35 36 36 36 37 36 36 36 36 35 36 35 35 34 33 34 30 24 24 30 33 29 22 24 18 24 24 22 27 23 26 33 28 27 26 26 20 16 13 13 12 10 9 8 8 8 8 8 8 8 8 8 8 8 8 8 8 8 8 8 8 8
19 20 20 21 21 22 23 25 27 28 30 31 32 34 34 36 36 37 36 36 36 37 37 38 38 39 40 40 40 37 33 32 33 34 35 36 36 36 36 36 36 35 35 34 34 34 35 34 29 30 29 25 19 23 27 26 19 18 16 22 18 21 21 19 25 30 28 25 22 19 21 16 13 11 9 9 8 8 8 9 9 8 8 8 8 8 8 8 9 9 9 9 9 9 9 9
19 20 20 21 21 22 23 25 28 29 30 31 33 33 34 35 36 36 37 36 36 36 38 37 38 40 40 40 37 33 32 33 32 33 34 34 35 36 34 35 37 36 34 33 33 33 34 33 30 26 24 22 19 19 20 20 17 16 18 13 14 14 13 14 19 27 24 27 24 20 19 18 17 14 12 11 11 11 11 11 10 10 9 8 8 8 8 8 8 9 9 9 9 9 10 10
19 20 20 21 21 22 23 24 26 28 28 29 30 32 34 35 35 36 36 35 36 36 37 37 39 39 39 38 33 31 31 31 32 33 36 34 33 33 34 34 35 35 34 33 32 32 33 33 30 28 27 22 19 16 16 15 14 13 14 12 11 10 11 13 18 23 22 21 17 17 16 15 12 13 12 14 18 18 16 17 14 12 10 9 9 8 8 9 8 9 9 9 9 9 10 9
20 20 21 22 23 24 24 26 28 28 28 29 30 31 33 35 35 35 35 36 36 36 36 37 38 38 38 33 29 29 29 30 31 33 36 38 35 33 34 33 32 32 32 32 32 31 32 33 32 29 27 26 24 20 14 11 10 10 12 12 8 9 11 10 15 18 21 17 13 12 13 12 11 9 8 9 11 13 14 16 17 16 13 10 9 8 8 8 10 9 9 9 9 9 10 11
20 20 21 23 24 25 25 27 29 30 30 30 30 30 31 33 34 35 36 35 36 36 36 37 38 38 35 30 29 29 27 28 33 36 36 38 39 37 33 34 32 31 31 32 32 31 29 30 31 31 30 30 28 26 23 18 11 8 8 10 8 8 9 9 9 11 16 14 10 9 9 9 9 8 8 7 8 8 9 10 12 12 13 11 9 8 8 8 9 10 10 9 11 11 12 12
20 20 22 24 24 25 25 27 29 30 31 32 31 30 31 32 33 34 35 35 36 35 36 36 36 36 31 28 28 29 30 35 36 38 37 38 39 37 36 34 34 32 30 31 31 32 31 29 30 30 29 30 32 31 27 25 19 14 10 8 7 8 8 8 7 8 8 9 8 8 9 8 9 8 7 8 7 7 7 7 7 7 8 11 11 9 10 11 11 11 12 11 11 13 13 13
20 21 23 25 25 25 26 28 29 30 32 33 32 32 31 29 29 32 35 36 35 36 37 37 36 34 32 28 27 30 33 33 35 37 38 37 36 38 36 36 35 33 31 30 31 32 31 30 30 29 28 31 33 34 29 28 28 25 15 12 8 7 7 7 7 7 7 8 8 7 7 8 8 8 7 7 7 7 6 6 6 7 6 7 7 7 7 8 9 10 10 9 10 11 12 14
20 22 24 26 26 26 28 28 29 30 31 32 31 32 33 33 32 31 32 34 37 37 37 35 35 34 33 30 27 27 29 32 34 34 38 37 36 35 38 36 35 33 31 29 30 32 30 29 28 28 30 31 35 35 35 35 26 24 25 20 13 9 7 7 7 7 7 7 7 7 7 7 8 7 7 7 6 7 6 5 5 6 6 6 6 6 6 6 7 7 7 7 7 8 8 9
23 23 25 27 26 26 28 29 30 30 31 30 31 33 33 34 35 34 32 32 34 36 34 34 34 35 33 31 30 32 27 29 32 35 35 34 34 33 35 37 37 36 33 31 31 29 28 26 25 24 23 25 32 34 38 38 30 31 30 26 17 12 9 8 8 7 7 7 7 7 7 7 7 8 7 6 6 6 5 6 5 5 6 6 6 6 6 6 6 6 6 6 6 6 6 7
25 26 27 28 27 27 28 28 30 31 31 32 31 32 34 34 34 35 33 31 30 32 35 36 36 35 34 31 30 29 29 29 31 34 32 31 31 32 32 31 32 36 34 31 31 29 27 25 27 29 28 23 29 33 36 41 36 33 26 24 22 19 15 11 9 8 7 7 7 7 6 6 6 6 6 6 6 5 5 5 5 6 5 5 6 6 6 6 6 6 6 6 6 6 6 6
23 25 28 28 27 28 29 30 29 30 31 32 32 33 33 33 33 33 32 33 30 31 32 34 36 36 35 33 29 29 33 29 30 32 32 30 31 31 31 30 30 31 34 33 31 30 28 25 26 30 35 29 25 35 38 40 35 30 27 31 28 22 19 14 10 8 8 7 7 7 6 6 6 6 6 5 5 6 5 5 5 5 5 5 5 5 6 5 5 5 5 5 5 5 5 5
23 26 28 28 28 28 29 30 30 30 30 31 31 32 32 34 34 35 33 34 32 29 31 32 34 35 33 32 29 28 34 31 31 35 36 32 31 31 31 30 30 29 30 29 28 28 26 24 24 30 36 32 31 26 34 39 37 32 32 27 26 25 24 22 16 11 9 9 8 7 7 6 6 6 6 5 5 5 5 4 4 5 5 5 5 5 5 5 5 5 5 5 5 4 5 5
24 26 27 28 29 29 29 30 30 30 30 30 31 32 32 32 33 33 34 32 31 30 29 29 31 30 31 30 30 30 32 34 32 35 36 32 31 31 32 31 29 28 28 29 27 26 26 23 23 28 34 33 35 32 28 37 39 35 32 30 31 27 26 23 19 15 11 9 8 8 8 8 7 7 7 6 5 5 5 5 5 5 5 5 5 5 5 5 5 5 5 5 5 5 5 5
24 25 26 27 29 29 29 29 30 30 30 31 31 31 32 32 32 31 32 31 33 32 29 29 30 31 31 30 31 30 31 34 33 35 36 32 31 31 31 30 29 27 27 27 26 25 24 23 23 26 28 30 32 34 34 37 39 38 32 30 29 30 29 23 19 14 14 12 10 9 8 8 8 7 6 6 6 6 5 5 5 5 5 6 6 6 5 5 5 5 5 5 4 4 4 5
26 26 26 27 28 30 29 30 30 30 30 31 31 31 31 32 34 32 33 33 33 33 30 29 31 34 33 30 33 32 30 33 35 36 34 31 30 30 29 29 27 26 25 26 26 24 23 22 22 22 24 29 29 29 32 33 33 37 36 31 30 25 23 18 20 25 20 18 13 10 9 9 8 7 7 6 6 6 6 5 6 6 6 6 6 6 5 5 5 5 4 5 5 5 5 5
26 26 27 28 29 29 30 30 30 30 31 31 30 31 31 31 34 34 33 32 31 31 29 28 30 35 33 30 31 33 31 32 34 35 36 33 29 29 28 27 26 26 25 24 25 24 22 21 20 20 20 24 24 26 28 27 31 33 36 32 26 24 25 26 27 28 25 23 18 11 11 11 9 8 7 7 6 6 7 6 6 6 6 6 6 6 5 5 5 5 5 5 5 5 5 5
25 27 27 27 28 29 29 29 30 30 30 30 30 31 31 31 32 33 33 32 31 30 29 29 30 35 34 34 30 32 33 34 36 34 33 31 30 29 28 26 25 23 23 22 22 22 21 20 19 18 17 19 20 19 24 28 29 29 34 32 29 30 27 33 30 28 25 19 17 15 12 11 9 8 8 8 7 7 7 7 6 6 6 6 6 5 5 5 5 5 5 5 6 5 5 5
26 28 28 28 28 28 29 29 29 31 30 30 31 31 30 31 32 32 32 31 31 30 30 29 30 32 35 33 32 30 32 32 34 35 35 33 29 29 27 25 24 23 22 22 22 21 20 19 18 17 17 16 16 18 24 25 25 28 30 31 33 33 30 34 29 24 24 22 22 19 15 12 10 9 8 8 9 8 8 7 7 6 6 6 6 6 5 5 5 5 5 6 6 6 6 6
26 28 29 29 28 28 28 29 29 29 30 30 30 31 32 32 32 32 33 33 32 32 31 29 29 30 33 35 35 33 31 31 33 34 31 30 29 27 25 22 22 21 21 21 20 20 20 19 17 16 16 15 15 16 17 19 24 25 27 28 28 31 32 31 29 30 32 27 20 20 20 17 13 10 10 10 9 9 9 8 8 7 7 6 6 6 6 6 6 6 6 6 6 6 6 6
25 26 27 28 30 29 29 30 29 29 29 30 30 31 32 32 31 32 33 33 33 33 32 31 30 29 31 33 34 34 31 31 34 35 31 29 28 27 24 23 22 20 20 20 19 19 18 17 16 15 15 14 14 14 15 16 18 22 24 24 26 27 29 32 33 33 30 24 24 24 22 21 18 14 11 11 10 10 10 9 8 7 7 7 7 6 6 6 6 6 6 7 7 7 7 7
25 25 25 27 29 30 29 29 29 29 29 30 31 31 31 31 31 32 33 32 32 32 33 31 30 30 30 32 35 34 31 31 32 33 30 29 27 26 24 22 21 20 17 18 18 18 17 16 15 15 14 13 13 13 13 14 14 15 19 22 24 26 27 31 32 31 27 29 32 27 24 23 19 17 14 12 11 11 10 10 9 8 8 8 8 7 7 6 6 7 7 7 8 8 8 7
26 25 26 26 28 29 29 29 29 29 29 29 30 30 31 31 31 31 33 33 33 31 32 30 30 30 31 33 34 34 32 31 34 32 29 27 26 24 23 21 20 20 20 19 16 16 16 16 15 15 15 13 13 12 12 12 13 13 16 23 25 26 27 28 29 31 32 33 31 26 24 23 24 21 18 14 12 12 11 10 10 9 9 9 9 9 8 7 7 7 8 8 10 9 9 9
26 26 26 26 27 29 29 29 29 29 29 30 30 30 30 31 32 32 32 33 33 32 31 31 29 29 32 33 34 36 32 31 33 33 32 27 26 25 22 21 20 19 18 18 17 16 15 15 14 14 14 14 12 12 12 11 12 12 13 19 21 24 26 27 26 28 32 31 29 26 26 25 26 24 22 20 15 13 14 11 10 10 9 10 10 9 8 7 7 8 8 9 10 12 11 11
27 27 26 27 27 28 29 29 29 29 29 30 30 30 30 31 31 33 32 33 33 31 31 31 30 30 31 33 33 36 32 31 34 34 32 28 28 25 23 20 18 17 16 15 14 15 15 14 13 13 13 13 12 12 11 11 11 12 12 13 18 23 24 24 24 27 27 30 33 31 26 24 23 24 23 21 19 17 14 12 11 11 11 10 11 10 9 8 8 8 9 10 12 12 12 11
29 29 27 27 27 27 28 30 29 29 29 30 31 31 31 30 31 32 33 32 33 32 32 31 30 30 31 32 34 35 32 31 35 33 29 27 28 25 23 20 19 17 16 14 13 12 13 14 13 13 12 12 12 11 11 11 12 11 12 12 13 16 18 20 23 23 25 30 33 32 27 26 26 23 23 23 22 21 17 13 12 11 11 11 11 10 9 8 8 9 9 11 13 12 12 11
28 29 27 27 27 28 28 28 28 28 29 29 31 32 32 31 31 31 33 33 32 31 31 31 31 30 31 33 33 35 33 30 33 34 30 27 26 24 23 20 18 16 16 15 13 11 12 13 12 12 12 11 11 11 11 11 12 12 12 12 12 14 16 19 22 22 24 27 28 31 30 32 32 26 23 24 22 20 20 16 14 13 12 12 12 12 10 9 9 10 12 11 12 12 11 11
28 28 29 28 27 28 28 29 30 29 29 28 29 31 32 32 31 32 32 32 32 31 31 32 32 31 31 31 34 35 34 30 33 34 29 26 25 24 23 20 17 16 16 15 14 12 11 11 12 12 11 11 11 11 11 11 11 12 12 12 12 12 13 16 20 19 21 23 24 26 25 30 31 27 24 23 22 21 21 20 17 15 15 13 14 13 11 10 11 12 12 11 11 11 11 11
