inputs/cropped_bioclim_tortoise/wc2.1_2.5m_bio_17_band1.asc
ncols        480
nrows        504
xllcorner    -120.000000000000
yllcorner    24.000000000000
cellsize     0.041666666667
[rows 153 to 203 of 504, columns 96 to 191 of 480]
46 48 49 49 43 38 38 36 34 34 35 38 49 63 65 60 60 57 56 51 49 50 51 56 71 77 69 65 62 66 86 64 55 53 54 58 71 67 55 53 53 53 48 47 46 44 48 59 80 65 55 49 41 33 30 29 31 51 84 62 45 30 26 25 29 48 59 48 41 40 40 40 41 44 47 53 60 56 58 59 62 62 64 68 71 70 68 69 65 56 50 48 44 50 68 96
42 46 46 46 38 34 33 31 32 32 34 41 68 69 66 65 65 63 53 52 49 49 50 53 61 71 74 74 61 64 81 63 55 55 55 58 66 73 58 56 56 59 48 47 48 48 51 60 80 71 59 52 42 36 33 31 31 42 69 68 40 27 26 25 39 72 63 49 45 44 41 42 43 45 49 55 64 59 59 62 64 62 68 84 71 65 65 60 62 57 55 49 50 74 86 89
42 46 45 39 36 33 33 33 34 32 34 44 66 70 75 66 63 57 51 49 48 50 50 51 60 79 82 67 61 64 76 61 58 54 55 58 69 75 61 59 59 62 54 49 50 49 55 64 86 81 66 58 44 37 35 32 32 43 57 52 37 25 25 26 53 82 58 51 54 50 43 45 45 48 51 57 69 67 62 63 64 62 72 95 81 72 73 77 80 57 57 56 65 85 98 93
42 41 43 37 35 32 32 33 34 34 36 44 57 76 72 67 57 54 51 49 49 49 50 50 60 81 67 61 61 66 74 64 59 57 57 58 61 64 67 68 67 69 67 53 52 51 59 66 83 86 70 58 45 40 36 35 35 44 73 53 34 26 26 29 48 67 56 50 50 46 46 46 47 49 54 59 71 73 70 67 67 64 76 94 90 84 99 90 75 61 49 54 69 94 93 86
41 41 40 35 33 32 31 32 34 34 39 49 61 67 76 66 55 52 51 49 49 49 49 51 68 68 61 61 62 69 67 78 66 58 58 59 60 64 76 77 76 70 65 59 55 53 56 62 70 77 72 59 48 43 39 38 38 48 76 50 33 29 29 32 43 56 52 47 47 46 48 48 49 52 55 62 76 76 67 67 63 64 72 82 92 97 107 100 77 53 47 49 59 76 86 84
39 39 36 33 33 32 32 32 34 38 48 62 71 69 63 56 53 50 49 49 49 48 51 54 70 68 60 60 65 64 65 71 65 60 60 61 62 67 76 80 85 78 70 62 57 55 57 61 65 71 70 61 54 47 42 42 44 64 82 49 41 35 35 38 47 54 51 53 54 50 48 50 50 53 57 65 79 71 62 62 61 62 69 81 95 107 113 103 95 65 47 45 48 70 82 86
44 41 34 34 35 34 33 33 37 44 59 80 84 66 60 55 52 50 49 49 49 50 51 58 72 66 60 62 68 62 62 76 70 62 61 62 62 67 72 81 87 88 76 66 61 58 57 58 69 78 70 63 57 52 46 48 63 85 79 55 49 42 39 43 53 56 56 56 57 49 46 49 51 53 61 69 78 63 60 60 59 60 62 71 85 98 105 112 92 76 50 44 44 55 80 76
41 38 35 35 35 35 34 37 40 47 64 90 84 61 56 53 50 52 49 48 50 53 56 58 61 60 61 66 67 60 59 67 70 67 62 64 68 72 74 84 85 78 80 78 71 65 61 59 64 77 82 79 66 55 51 53 81 90 75 64 54 53 44 47 52 54 54 51 48 46 48 49 51 58 74 73 64 58 58 59 59 59 62 82 93 90 91 101 87 65 49 45 48 60 79 66
37 37 35 35 35 34 35 40 44 50 69 88 72 56 51 50 52 50 50 49 52 55 57 56 57 60 64 66 57 57 58 65 70 68 65 63 68 75 86 85 80 76 77 75 77 83 75 63 64 73 86 83 68 60 55 55 69 80 81 71 67 61 47 46 49 49 50 48 46 47 48 50 52 55 62 65 59 57 58 58 58 58 62 70 80 89 95 98 74 58 45 46 62 72 80 58
34 34 35 36 36 37 42 56 61 62 72 73 59 52 48 50 56 53 50 49 50 54 55 54 57 60 64 59 54 57 59 67 70 68 64 63 68 73 86 87 78 73 71 70 72 85 87 68 63 70 80 86 74 66 60 56 61 70 77 68 60 59 50 45 45 46 47 47 47 48 50 51 52 53 57 59 57 59 59 58 58 58 60 72 85 92 98 91 60 49 44 42 49 62 72 52
34 36 36 39 39 45 54 70 71 70 71 59 53 49 48 50 51 52 51 51 51 51 56 53 57 61 60 55 54 55 60 67 67 64 61 62 64 69 74 81 77 70 70 67 69 76 79 69 65 70 79 92 78 70 65 61 62 64 69 62 57 57 60 46 45 45 46 48 48 50 51 51 54 55 60 63 65 62 61 61 59 58 60 65 81 95 97 73 50 42 42 45 46 47 45 42
36 36 39 42 50 62 65 78 66 61 60 53 49 46 48 51 50 49 54 56 53 51 50 52 54 56 55 53 52 55 57 60 60 59 59 60 62 65 71 79 83 75 69 64 63 72 80 73 66 67 75 87 84 72 68 63 61 64 67 70 55 52 55 46 46 48 49 50 53 53 54 55 56 62 66 69 73 71 66 65 61 57 58 63 79 84 74 58 47 42 44 56 73 75 55 43
35 39 45 46 55 68 77 69 60 59 53 49 48 48 48 51 46 48 51 57 58 53 52 49 50 53 53 51 51 52 54 56 63 66 59 59 60 62 64 71 75 74 68 65 63 70 78 73 67 63 67 75 79 76 69 64 61 66 64 64 60 53 52 49 49 49 50 54 59 59 62 66 66 67 69 73 76 79 67 60 57 60 60 63 72 72 67 54 53 48 50 66 83 73 58 47
34 39 46 51 61 69 68 58 52 50 47 47 47 47 49 47 45 45 48 52 57 64 57 52 49 51 54 52 50 49 52 56 62 76 65 58 58 59 61 65 69 71 69 63 64 70 80 73 68 63 63 68 74 75 72 65 61 64 60 62 61 53 51 51 51 50 50 56 58 59 66 66 65 66 67 71 71 68 59 57 59 62 65 74 70 62 58 49 59 64 68 86 85 72 62 52
36 39 46 53 56 64 59 52 48 47 46 45 45 46 48 48 46 47 48 50 55 65 65 55 49 50 52 51 49 49 49 53 61 79 70 61 57 57 58 59 64 67 67 64 67 72 79 77 68 65 63 68 69 65 66 65 62 57 54 54 54 51 51 50 50 51 51 53 55 59 66 65 64 63 68 69 64 62 59 59 68 65 70 65 66 61 49 46 61 77 89 92 82 74 62 54
35 40 46 55 52 51 49 47 47 47 45 45 46 48 48 46 46 46 45 50 55 66 67 56 48 51 54 48 47 48 49 51 59 73 72 64 59 55 54 57 59 60 60 64 67 74 83 76 70 67 68 74 69 60 56 57 54 53 51 51 49 50 50 50 50 51 53 53 56 59 59 60 60 62 67 68 61 59 60 62 67 73 69 62 57 50 45 46 61 77 90 86 78 71 63 58
36 40 49 48 45 43 43 44 47 52 45 45 47 51 51 46 46 45 45 50 54 55 60 54 47 50 51 49 47 48 48 54 62 73 73 66 65 59 55 55 56 58 56 60 66 71 75 78 69 67 67 62 57 51 51 51 51 51 51 51 50 49 50 51 52 53 53 53 54 56 57 57 58 62 65 60 58 61 64 66 74 72 75 68 54 46 44 47 60 71 81 84 75 68 58 52
36 41 46 43 40 40 40 42 48 56 46 45 48 56 51 44 43 45 45 52 55 51 50 50 48 52 49 47 46 47 47 52 58 73 79 66 58 59 57 54 54 56 57 59 67 67 70 70 67 63 58 52 50 50 51 52 52 51 51 51 50 51 50 51 53 54 53 55 55 54 55 56 59 62 60 60 61 62 66 69 72 78 69 60 53 44 44 47 61 74 83 78 75 65 56 52
38 42 40 40 38 38 39 39 43 53 46 46 51 59 49 45 44 46 46 50 51 48 47 46 49 54 49 46 45 47 47 50 55 65 70 59 54 53 54 53 53 56 58 62 67 66 63 63 67 60 53 50 50 51 51 52 52 52 52 51 51 51 50 51 54 54 54 55 55 55 55 58 62 60 60 62 64 68 75 79 81 82 71 61 54 45 45 50 57 70 78 72 69 61 53 51
38 40 40 38 39 37 38 38 40 51 48 51 51 51 45 45 44 45 45 44 48 45 44 47 50 53 49 45 45 47 47 49 53 56 57 54 50 49 50 52 54 57 62 69 70 68 60 59 57 51 49 51 52 53 52 54 55 53 52 52 51 51 52 52 54 55 55 56 54 55 55 57 60 61 65 68 68 74 84 92 86 81 76 64 56 49 48 51 61 65 73 70 63 55 51 51
39 43 41 39 38 37 36 37 40 45 49 52 50 50 46 46 44 46 46 44 43 41 44 48 50 53 50 45 46 47 46 50 52 54 57 52 48 49 50 51 53 57 63 70 68 63 61 55 51 52 50 51 54 55 55 56 56 56 53 55 56 58 56 55 54 55 55 58 55 57 57 59 64 70 70 74 74 79 91 93 85 77 71 69 65 58 54 52 57 63 67 61 57 56 52 55
41 40 38 37 36 37 36 37 40 45 48 51 51 55 52 48 47 48 43 45 41 40 43 46 50 53 48 46 45 46 47 53 53 57 63 56 49 47 49 50 54 59 65 66 63 61 57 54 55 53 52 51 51 53 54 56 56 57 56 57 61 64 61 60 56 56 57 56 58 57 58 66 81 87 83 90 90 95 92 85 79 77 77 72 67 60 54 52 61 62 61 56 55 56 58 58
41 39 36 37 36 37 37 37 41 45 49 53 54 56 59 56 50 45 40 40 44 43 45 48 53 56 48 46 45 45 48 55 55 55 59 55 47 47 50 53 57 61 64 64 62 60 60 60 61 60 59 56 54 53 54 57 57 58 57 59 63 68 65 63 60 61 61 58 59 59 62 69 81 91 94 102 107 101 92 83 79 74 69 67 65 59 53 56 68 66 61 58 57 54 48 48
37 36 36 36 37 37 36 40 47 51 55 56 55 56 64 56 48 43 39 42 41 41 42 45 47 47 47 47 45 46 50 58 56 54 50 49 49 49 51 57 64 66 64 63 64 62 64 63 61 62 63 63 60 57 56 57 58 58 59 59 58 62 67 66 65 63 61 57 59 62 69 78 75 79 82 94 103 96 90 82 75 71 71 69 61 57 58 64 71 66 63 62 59 49 44 43
36 36 35 36 36 37 40 41 46 46 49 48 46 52 54 45 41 38 38 40 40 39 42 46 45 45 46 46 47 51 55 59 58 53 50 48 49 49 50 56 61 63 64 62 61 63 64 63 61 61 59 61 62 61 60 58 59 61 64 62 64 65 67 70 70 66 63 61 63 65 78 91 91 85 87 99 102 96 90 82 74 70 66 66 62 59 62 73 74 67 66 64 56 45 44 44
36 36 37 37 41 47 42 41 41 40 43 43 43 52 53 45 40 37 37 39 37 40 44 47 45 45 45 45 48 55 61 61 57 53 48 52 55 56 55 56 59 61 59 61 61 63 62 63 65 62 62 60 62 60 59 60 61 64 68 66 68 68 70 74 79 76 65 62 66 82 93 95 90 91 88 94 97 93 89 83 77 72 68 64 61 62 68 77 74 70 66 55 50 44 43 41
38 40 40 39 44 53 45 40 38 38 38 37 39 48 46 42 37 37 36 38 39 42 51 55 46 44 43 44 48 57 65 62 57 50 52 59 60 59 59 58 58 59 57 57 59 59 59 62 67 67 63 62 68 65 62 63 65 65 67 67 69 75 78 69 68 68 64 63 74 85 94 89 85 81 79 83 90 90 88 82 77 71 68 66 65 68 75 77 71 70 59 53 50 46 41 40
37 36 36 37 41 50 52 43 38 35 35 35 38 44 42 41 39 37 35 35 38 43 56 58 48 45 42 43 48 54 63 61 58 53 50 60 65 63 60 59 58 58 58 59 60 63 58 60 64 68 68 64 64 64 67 67 65 68 73 72 71 78 84 73 65 63 62 67 79 76 83 88 83 79 76 80 77 76 82 82 75 71 69 67 68 69 72 76 74 72 64 54 48 44 41 38
37 34 34 35 41 47 59 47 41 35 35 35 36 38 43 44 44 38 34 34 34 42 46 52 47 43 43 43 45 53 56 61 58 56 48 57 63 61 58 59 59 59 60 60 60 61 56 54 58 64 64 61 63 62 62 62 63 64 69 72 74 79 88 83 70 62 62 67 73 71 82 78 77 69 73 77 70 69 76 80 76 70 65 64 64 65 74 77 76 68 58 52 48 48 44 40
34 32 32 34 38 44 51 44 40 36 35 34 34 37 40 46 47 41 34 33 34 39 40 44 44 44 42 43 44 53 61 60 57 53 45 50 56 56 52 57 61 62 63 58 54 54 52 49 51 54 56 61 65 60 55 56 59 63 70 69 74 86 92 74 66 62 61 63 66 75 79 72 66 63 68 66 66 69 71 72 71 65 64 64 61 62 69 67 64 59 54 50 51 50 47 40
32 31 31 32 35 41 44 40 38 35 35 33 33 35 41 54 54 45 38 33 33 38 38 40 42 41 41 43 47 55 66 61 54 50 41 40 49 50 48 53 58 65 66 60 50 53 50 47 46 50 59 59 57 52 49 53 56 65 76 84 85 89 84 68 62 57 61 62 66 70 73 72 66 61 62 61 66 69 65 65 64 60 61 61 58 59 59 58 57 55 51 51 49 46 44 38
29 30 29 29 30 32 34 36 37 35 35 33 33 33 37 47 48 44 41 35 32 34 35 38 40 41 41 44 48 58 59 58 52 46 45 45 40 40 43 50 58 56 54 52 46 47 45 43 40 45 51 50 49 45 46 52 56 62 66 76 83 71 68 63 56 56 57 63 61 64 66 69 69 62 62 65 71 66 63 60 59 57 59 58 58 58 56 53 53 51 51 52 49 47 41 39
29 29 30 30 32 32 31 34 36 37 35 32 32 33 34 37 42 42 41 35 32 31 34 38 41 41 48 47 52 57 49 46 42 42 46 42 35 37 42 50 54 50 46 45 40 40 39 38 38 40 43 44 41 41 49 53 54 56 62 63 62 58 57 51 47 48 54 60 57 59 62 69 67 63 63 64 64 60 58 57 56 60 59 57 58 56 54 52 53 53 53 47 46 44 43 40
29 29 29 30 31 31 32 33 36 38 39 33 31 32 33 37 38 39 38 37 33 31 31 35 38 44 46 47 51 46 40 37 36 43 40 36 30 34 38 44 46 43 42 41 41 38 36 37 34 40 47 47 41 41 50 53 43 50 53 53 52 47 41 41 41 41 50 52 52 56 60 64 62 62 61 60 58 58 57 54 58 64 58 56 58 56 55 52 53 55 55 47 46 46 45 38
29 30 28 33 31 30 31 33 36 36 39 33 31 30 30 36 36 36 36 35 33 31 30 32 35 47 45 43 45 37 34 34 39 39 35 34 29 32 37 38 37 37 38 38 38 35 34 32 34 42 57 56 42 34 33 38 35 41 41 38 40 37 34 34 39 43 45 47 49 52 55 59 60 57 57 57 56 53 52 54 57 57 54 54 55 53 51 52 52 54 50 49 46 42 40 38
30 33 30 30 30 30 31 31 33 35 39 36 31 30 30 33 33 36 35 34 33 33 35 29 30 42 43 40 39 32 30 36 36 34 33 30 27 30 33 33 33 33 35 37 35 34 31 29 35 45 60 59 46 38 32 30 28 32 32 32 32 31 32 36 40 48 49 53 53 53 53 56 56 57 59 58 58 58 57 58 56 55 54 55 54 51 51 54 51 49 51 48 43 40 39 40
28 30 30 29 29 30 31 33 36 40 39 39 35 29 30 29 30 33 33 33 38 33 30 27 28 37 36 34 30 29 34 39 33 33 29 27 27 29 31 29 30 31 33 34 36 32 29 28 32 41 52 52 52 44 34 29 27 27 28 28 29 31 33 36 42 49 51 53 56 59 58 61 57 63 60 60 57 60 61 61 60 57 55 56 56 55 52 50 52 52 50 47 41 41 41 40
25 28 29 28 28 30 34 36 36 39 39 33 33 31 29 30 27 27 28 30 41 36 29 27 26 30 31 30 29 33 34 31 30 28 26 27 31 33 34 30 29 31 32 32 32 29 27 26 28 32 36 45 55 45 35 27 25 25 26 27 29 36 42 39 42 51 57 56 54 54 59 66 65 59 61 61 56 60 63 66 60 56 55 53 55 55 50 49 48 48 45 43 45 45 45 39
25 26 28 28 30 30 34 34 34 34 36 30 28 31 30 28 26 26 26 28 39 39 29 24 23 25 26 27 35 34 30 28 25 24 27 33 41 42 38 34 28 27 27 29 27 27 25 24 25 26 28 38 45 42 36 26 23 24 25 25 29 31 34 35 37 48 51 51 51 51 51 54 59 58 58 57 52 55 58 64 55 52 50 50 50 48 46 46 45 44 42 42 48 48 46 38
23 25 26 26 31 32 31 29 27 31 33 28 26 27 32 27 24 26 26 28 39 42 29 24 23 23 23 28 35 32 27 24 23 25 31 43 51 48 36 32 29 27 25 25 25 25 23 23 22 22 23 30 30 30 29 29 26 26 26 27 29 30 34 33 40 46 47 49 50 50 50 51 55 55 54 54 59 59 55 54 48 46 45 46 46 47 44 43 43 43 42 46 49 50 45 40
23 26 23 25 29 30 29 25 23 25 34 28 25 25 30 32 25 24 26 27 36 42 30 24 22 21 22 27 31 28 24 22 20 23 29 38 49 50 39 32 33 27 23 23 21 22 22 23 21 21 21 26 24 30 38 33 31 32 30 32 34 36 36 40 47 47 47 49 50 51 50 49 48 48 52 54 61 57 53 46 46 43 44 46 44 44 43 42 42 43 46 51 51 50 44 42
22 22 20 22 30 31 29 25 22 22 31 28 24 24 27 32 30 31 29 27 34 43 30 26 22 20 21 27 28 27 25 21 20 23 26 31 37 39 33 31 31 25 22 21 20 21 21 21 21 21 21 32 36 42 47 37 42 43 36 44 41 40 43 46 50 50 48 49 49 50 48 49 49 48 50 50 55 51 47 43 42 42 41 42 43 43 44 43 45 45 50 53 53 51 46 44
17 18 18 21 26 26 31 29 22 22 32 28 24 24 27 36 35 35 33 30 35 46 33 27 22 20 20 24 26 26 23 20 20 21 23 26 32 33 27 26 24 22 21 19 21 20 20 21 20 20 25 45 46 53 55 48 44 47 44 49 47 43 42 42 50 49 49 48 49 48 48 48 49 47 46 46 44 42 41 41 41 41 41 42 44 43 45 45 46 50 54 57 55 54 48 48
17 18 18 20 22 26 31 28 21 21 31 27 23 24 25 31 31 40 36 34 39 47 33 27 22 19 18 20 21 23 21 20 17 19 21 21 24 22 21 22 22 21 19 18 21 18 18 19 19 23 33 56 53 61 58 48 51 54 50 52 48 43 43 42 46 50 49 48 48 48 48 48 48 48 46 44 43 43 40 40 40 40 41 42 45 45 47 48 51 59 61 61 58 55 47 53
17 18 20 24 25 26 27 23 19 20 25 26 23 23 25 27 27 34 37 40 46 45 32 27 22 19 18 17 17 20 17 17 17 17 19 20 21 20 19 19 19 19 18 17 18 18 19 19 21 29 47 60 62 54 56 48 51 53 50 47 46 44 44 43 43 49 49 48 46 47 47 48 49 50 48 46 42 41 41 40 40 41 42 44 45 45 49 52 56 65 66 65 61 51 42 49
17 18 21 23 23 26 23 19 19 19 29 25 21 21 25 30 28 33 41 49 52 43 33 27 23 19 21 20 17 18 16 17 16 16 17 19 19 19 19 18 18 17 17 17 18 20 21 21 25 34 47 50 47 45 46 48 50 46 46 47 47 46 44 43 42 48 50 48 47 47 47 48 48 49 46 44 41 41 40 41 41 42 44 45 46 49 52 56 62 69 71 67 62 54 44 38
21 23 26 25 23 21 19 19 19 22 28 21 21 23 27 30 28 37 51 66 56 43 36 30 24 19 23 24 20 19 16 16 16 16 15 17 18 18 18 18 16 16 18 20 24 27 29 29 37 39 40 43 42 40 40 45 45 45 46 47 47 48 44 43 43 44 50 50 47 47 47 47 47 47 45 44 41 41 41 42 42 44 44 47 49 50 55 59 70 72 74 72 67 52 50 38
20 26 26 25 23 20 18 19 19 21 22 20 19 21 28 28 31 41 60 67 57 48 37 27 22 20 24 24 20 20 16 16 15 15 15 16 16 17 17 17 15 16 20 25 33 47 48 44 41 35 36 39 42 36 39 43 44 46 47 47 48 47 45 44 44 44 51 50 47 47 46 46 46 45 44 44 44 43 42 43 41 41 46 48 52 55 59 64 72 75 75 74 68 56 51 42
17 18 19 20 20 19 18 19 19 19 19 19 19 21 25 27 35 51 62 57 51 48 41 30 22 20 24 22 19 17 16 15 15 17 17 16 15 15 17 16 15 17 20 25 41 58 53 38 35 32 35 36 35 36 41 42 45 46 48 47 47 48 48 45 45 47 52 51 50 49 47 46 46 46 45 45 45 46 44 42 42 41 48 50 55 57 63 67 73 76 76 77 69 61 54 49
20 20 18 18 18 18 19 19 19 19 19 20 19 21 21 26 36 54 55 44 43 41 41 33 22 20 20 20 17 17 17 15 17 19 17 17 15 15 15 15 15 18 19 22 33 42 48 33 31 30 29 30 30 32 43 46 48 48 48 48 48 48 47 46 49 55 51 51 50 49 48 48 47 48 49 47 46 42 41 40 36 42 44 48 54 58 65 67 72 76 79 79 72 65 54 47
25 22 22 21 21 21 22 23 22 21 19 20 20 19 19 24 31 45 42 36 37 42 41 28 21 20 17 16 17 17 16 16 17 19 17 15 15 15 15 15 15 16 19 21 25 31 38 31 29 27 26 26 28 31 34 40 47 49 49 48 48 48 47 47 53 56 54 52 50 49 50 48 48 49 49 48 48 46 45 44 35 40 37 47 54 58 65 69 72 75 78 78 75 69 58 49
