inputs/cropped_bioclim_tortoise/wc2.1_2.5m_bio_19_band1.asc
ncols        480
nrows        504
xllcorner    -120.000000000000
yllcorner    24.000000000000
cellsize     0.041666666667
[rows 0 to 44 of 504, columns 192 to 287 of 480]
68 92 119 133 139 141 140 116 102 125 149 167 168 170 177 179 180 184 189 186 188 191 189 189 187 189 186 185 184 182 161 120 160 140 123 126 117 123 158 170 157 152 141 153 161 160 156 153 150 146 141 143 136 137 134 130 127 120 117 113 112 108 106 106 97 69 59 40 31 25 24 28 30 30 30 33 33 33 33 30 30 30 31 33 36 36 36 36 36 38 42 49 53 54 57 63
79 101 125 139 144 144 144 137 127 128 155 171 172 175 182 189 187 188 186 189 192 196 194 193 193 193 189 189 188 181 170 150 151 150 151 160 157 128 126 140 130 146 162 164 162 157 158 158 154 147 144 140 135 126 124 127 127 124 119 116 113 112 108 106 88 56 44 33 25 25 25 23 25 27 33 33 32 30 30 27 27 27 27 29 30 31 33 34 34 36 36 44 54 61 59 68
90 116 133 143 147 150 151 152 151 138 152 175 176 178 186 197 200 198 196 194 198 201 201 199 198 197 195 192 191 183 175 177 171 175 178 181 178 157 138 138 148 143 143 163 150 156 158 159 155 149 147 143 140 137 129 116 112 119 118 116 115 112 109 101 76 44 33 28 25 25 25 23 22 24 26 32 30 30 25 24 24 24 24 26 27 29 29 30 33 33 33 34 41 51 63 76
95 121 136 144 147 151 157 158 162 156 152 166 183 188 199 204 209 204 203 206 209 209 206 206 205 202 200 198 196 191 186 189 185 188 187 184 178 170 163 154 173 170 159 140 153 161 157 158 154 148 144 142 137 134 128 119 102 97 97 98 95 108 109 93 57 34 31 26 25 25 25 23 22 22 26 31 30 27 25 22 22 24 24 24 26 26 27 28 29 30 32 32 34 39 56 77
109 120 134 144 149 154 156 158 161 165 168 168 178 199 198 199 216 219 216 216 216 213 210 210 210 208 206 201 202 196 193 194 194 193 190 187 184 183 177 166 175 175 172 168 151 158 161 159 154 149 147 143 140 132 123 120 118 118 116 111 100 79 87 65 79 37 31 28 28 28 25 24 22 22 28 30 22 19 19 20 20 20 21 23 23 24 26 26 28 32 31 31 33 36 43 58
109 124 130 137 144 152 157 156 162 177 180 186 196 205 192 200 215 224 224 220 216 211 208 206 209 212 210 209 207 204 199 196 197 196 194 191 189 186 176 173 177 176 173 170 167 154 157 156 154 151 146 142 140 133 128 128 122 114 106 106 98 79 72 82 71 42 36 32 28 29 32 29 26 25 26 24 19 17 17 17 18 19 20 20 23 23 26 26 26 32 32 29 31 34 40 44
112 117 122 135 137 145 153 165 174 180 188 197 205 204 195 203 211 226 227 225 222 218 214 209 209 213 213 213 211 207 201 199 199 198 196 192 187 184 185 183 180 178 175 171 167 158 159 156 153 151 146 141 137 133 130 127 116 106 95 95 98 85 94 90 68 51 38 44 40 41 36 32 28 25 22 19 17 16 16 17 17 17 20 20 22 23 26 26 28 29 29 27 29 31 34 39
106 107 112 123 129 139 150 165 177 185 194 202 210 216 213 217 228 233 234 231 228 224 220 217 215 218 219 218 214 211 207 208 206 203 200 195 189 189 187 185 181 179 175 171 168 163 154 154 151 148 146 141 138 133 130 123 111 106 108 107 104 90 101 94 71 51 45 45 51 52 38 30 25 22 19 19 16 16 16 17 17 17 19 20 20 23 23 26 29 26 26 26 26 29 31 37
97 104 113 122 131 142 151 161 174 189 198 204 211 220 226 233 237 232 236 238 235 230 227 226 226 224 220 215 212 210 211 210 209 206 201 197 192 191 189 187 183 179 175 172 168 164 158 156 151 148 145 141 137 134 128 122 122 119 117 111 107 104 102 99 86 66 59 48 51 51 40 30 24 22 22 19 22 19 17 17 17 17 18 19 20 23 23 25 26 26 26 26 25 28 31 34
100 115 127 134 140 147 158 167 179 190 201 211 219 224 233 237 241 240 237 244 242 239 237 236 233 230 228 223 220 219 214 211 211 209 206 200 197 193 189 187 183 179 173 171 168 164 159 155 151 146 141 139 137 133 130 125 124 122 120 117 112 99 85 85 88 74 61 51 43 36 33 30 23 24 31 28 26 20 18 17 17 17 18 18 20 22 23 23 23 23 23 23 26 27 28 31
123 132 150 158 158 161 174 179 186 193 201 202 204 212 234 240 243 245 247 248 245 242 237 233 233 233 231 227 222 222 220 216 214 211 208 203 200 196 190 184 181 177 174 171 167 162 157 152 141 146 143 139 137 133 125 111 114 120 116 117 110 92 76 74 69 84 73 49 37 30 27 24 22 25 28 36 36 29 21 18 18 18 18 19 20 20 22 21 22 22 22 22 23 23 29 29
134 129 140 150 159 166 174 182 190 198 207 208 213 224 239 247 247 247 250 246 241 242 239 233 233 236 235 232 230 227 224 222 215 214 210 206 203 197 191 169 181 178 176 172 167 163 158 152 136 139 139 138 131 131 117 107 92 101 102 91 97 88 68 63 61 45 60 63 40 27 26 25 24 25 25 28 28 26 24 23 21 20 20 20 19 19 19 19 21 21 21 21 22 23 23 24
124 125 127 135 151 159 169 175 184 195 207 218 228 236 243 249 251 251 253 251 247 241 238 233 235 239 237 235 233 228 222 221 217 215 212 208 203 198 174 169 165 178 176 173 167 162 155 149 144 130 119 121 115 112 99 85 79 75 79 63 58 52 47 47 46 39 33 35 41 30 28 25 25 26 25 24 24 22 21 21 20 20 19 19 19 19 19 22 22 20 20 20 21 21 21 24
111 117 120 131 140 151 162 170 180 191 203 216 226 235 246 252 253 253 253 253 249 244 238 238 235 236 236 237 237 232 227 226 221 218 215 210 205 200 176 172 183 178 176 171 166 162 155 153 148 133 134 111 110 101 98 97 79 86 76 75 73 67 58 64 59 44 33 32 32 29 29 28 28 25 24 23 22 21 21 21 22 22 21 19 19 19 19 19 19 19 19 19 20 20 20 22
119 114 119 128 139 151 162 172 182 191 201 212 226 235 244 251 252 252 252 253 251 245 239 238 238 235 235 237 237 233 232 229 224 221 217 212 208 202 195 189 183 178 173 170 165 161 157 150 138 141 139 125 130 123 119 93 97 110 107 103 99 92 75 59 43 38 37 36 37 32 31 30 27 26 24 24 23 21 22 25 24 21 20 20 19 18 18 19 19 19 19 19 19 19 19 19
107 111 118 129 141 154 166 177 189 201 207 217 217 225 234 244 246 249 252 251 250 248 248 242 239 238 236 236 238 240 234 231 227 223 219 214 208 201 197 191 184 179 173 170 164 160 155 149 144 143 134 129 135 131 112 94 104 122 120 104 84 71 54 44 45 50 52 49 47 37 33 33 31 27 26 24 24 24 26 24 21 21 23 20 19 20 19 19 19 19 19 19 19 19 19 19
107 113 118 129 141 153 166 178 190 199 207 210 212 219 228 234 238 243 249 251 250 249 250 245 242 242 242 239 234 235 230 229 230 225 219 215 210 202 198 192 184 178 170 165 163 159 155 150 146 142 133 131 134 125 110 112 120 121 105 83 59 50 49 54 63 74 78 77 57 40 35 35 35 29 26 26 27 26 23 23 23 26 26 29 27 23 20 19 19 19 19 19 19 19 19 19
105 113 119 128 139 147 156 169 182 194 205 204 210 215 223 230 228 230 242 250 250 249 252 249 248 247 244 236 228 227 226 226 230 221 208 210 210 205 197 192 186 179 173 166 158 155 154 147 144 141 139 135 131 125 124 125 117 105 81 59 53 65 71 68 84 99 97 81 60 47 44 41 36 32 29 29 26 25 25 23 24 29 27 26 23 23 20 20 20 22 22 22 19 19 19 19
96 105 113 122 131 139 144 147 162 171 192 204 204 208 214 219 218 216 232 243 246 245 241 234 241 246 242 242 234 230 229 230 232 224 213 216 212 205 194 191 184 179 173 167 160 151 149 145 141 142 137 134 133 125 118 107 100 99 75 53 67 90 104 100 103 104 98 77 59 48 42 39 36 33 29 27 26 28 26 23 23 23 23 20 20 20 20 20 20 23 23 22 22 22 21 20
88 97 106 113 120 126 131 136 139 148 164 186 201 205 209 209 205 207 218 234 237 234 231 227 229 240 240 247 241 241 240 240 236 231 223 217 212 203 196 188 183 176 170 165 160 150 151 149 145 135 130 132 126 126 120 123 113 84 59 78 99 110 111 99 88 86 74 58 48 43 39 35 33 31 28 28 31 31 26 23 23 21 20 20 20 20 20 20 20 21 22 23 23 22 21 21
85 92 100 106 112 118 123 128 133 140 154 166 179 185 192 199 196 194 200 208 221 223 223 221 223 226 237 245 246 246 243 244 238 223 220 221 212 199 189 186 183 175 170 165 157 146 145 144 136 129 131 125 126 127 120 110 88 64 92 92 104 110 99 85 72 60 53 47 43 39 36 33 32 31 28 30 32 29 26 24 24 25 25 24 23 21 20 20 20 20 20 20 22 22 22 22
82 89 94 98 101 107 115 119 123 130 138 146 147 155 165 172 176 181 187 194 200 212 214 214 219 232 243 243 240 242 245 240 233 211 212 217 211 202 191 183 181 175 169 163 157 145 142 137 137 129 126 121 122 126 116 107 82 102 106 109 104 92 84 73 69 56 47 42 39 36 33 32 29 30 32 31 28 28 28 28 29 28 28 28 25 23 23 21 21 21 20 20 20 22 20 22
84 89 94 97 95 97 107 112 116 120 127 135 144 153 158 168 174 178 182 189 197 203 209 214 218 234 240 235 231 233 239 237 230 217 211 210 204 197 190 184 179 173 167 161 154 149 141 136 139 136 128 128 117 123 128 122 86 119 117 115 100 87 89 91 94 76 53 45 42 36 34 34 32 34 32 32 28 28 26 28 29 27 27 27 27 25 23 23 22 21 21 21 20 20 20 22
82 89 97 98 89 90 97 102 109 114 121 131 142 149 157 163 168 174 181 185 193 201 209 212 219 234 235 231 232 236 235 234 234 219 210 210 197 194 192 184 178 170 165 157 155 150 149 136 139 141 135 133 125 126 125 98 91 102 106 116 105 85 90 100 98 75 81 65 56 42 34 35 32 35 32 32 31 30 29 26 26 26 26 26 24 24 23 24 24 23 24 24 22 22 22 20
73 76 81 82 81 85 91 97 104 111 120 132 143 150 156 161 168 171 178 185 190 200 210 215 219 230 229 218 218 222 229 227 228 224 219 209 202 195 193 183 176 168 163 155 152 147 145 143 136 131 133 136 126 119 102 89 115 121 111 115 107 105 91 110 113 98 96 77 62 50 37 37 37 34 34 32 31 29 29 29 27 26 26 27 28 27 26 26 25 25 24 23 22 24 22 20
66 69 71 74 77 81 86 93 100 108 121 131 138 148 152 158 164 168 172 176 178 195 210 220 222 225 224 214 221 203 217 221 222 225 219 213 206 198 188 180 174 168 160 154 151 147 142 141 138 132 131 129 113 95 92 96 109 119 116 115 117 112 104 102 115 105 79 64 53 46 44 41 40 39 37 35 33 31 31 29 28 28 27 27 27 29 29 29 27 27 25 24 22 22 22 21
67 69 70 72 75 80 86 92 98 106 118 129 141 144 153 160 167 168 167 171 176 188 203 214 223 222 219 210 207 209 219 216 218 220 218 211 203 195 187 178 172 165 156 149 144 139 136 128 124 131 131 130 126 97 120 110 118 111 109 93 103 108 111 109 107 91 95 68 59 58 62 50 50 46 41 35 33 33 34 31 30 29 29 27 25 25 26 29 28 26 25 24 24 22 24 24
67 69 70 72 75 80 85 90 99 108 122 134 141 146 156 170 168 164 161 163 168 173 186 200 213 217 214 210 209 209 211 210 213 215 212 205 198 190 181 174 164 156 150 143 144 133 129 133 133 131 126 128 118 107 117 119 116 96 106 85 101 108 108 108 104 104 88 69 64 68 74 61 50 42 39 36 33 34 31 29 28 27 27 27 25 25 25 25 27 28 27 24 25 27 27 27
66 68 70 73 76 85 91 97 103 111 127 140 146 149 168 186 175 159 155 156 160 163 169 180 204 213 211 204 203 208 208 208 207 209 203 198 194 186 178 171 164 159 152 149 147 145 139 128 128 128 130 126 117 123 115 108 119 103 68 82 91 103 103 99 103 98 88 79 78 88 81 71 53 43 42 39 34 33 28 27 26 26 25 25 25 26 26 26 27 26 26 25 27 31 30 30
70 69 71 74 77 88 95 102 108 119 136 144 146 152 179 194 179 156 151 150 152 155 159 169 196 205 208 202 204 201 198 199 199 194 196 195 191 184 177 170 163 157 152 149 142 139 139 131 132 122 113 112 93 118 121 99 101 100 67 67 90 95 89 94 87 101 103 103 98 91 69 59 54 46 37 33 30 28 28 29 28 26 26 26 26 26 26 26 27 27 27 27 27 29 27 29
68 70 72 75 78 84 95 104 112 128 141 144 147 160 180 192 174 163 149 146 146 149 153 177 205 204 205 200 194 200 185 183 185 195 195 188 182 177 171 166 161 156 151 146 142 138 133 125 117 123 106 83 81 101 113 100 75 82 60 82 80 74 92 77 89 109 94 90 85 85 65 51 41 41 39 31 28 27 26 26 26 26 25 25 26 26 26 27 27 28 28 27 27 27 27 27
68 71 73 76 79 82 91 108 119 131 135 145 158 167 176 187 184 174 154 144 142 146 151 187 199 202 200 198 195 191 172 168 176 188 190 185 178 174 169 164 158 153 148 141 136 128 129 126 104 104 99 86 65 78 92 88 65 61 53 74 61 71 73 64 84 100 95 86 72 62 67 53 43 35 30 29 27 26 26 29 29 28 26 26 25 25 25 26 28 29 30 30 30 30 30 30
70 72 74 77 80 83 86 101 121 136 136 145 160 156 170 184 183 184 168 141 138 143 161 193 198 199 197 195 185 162 155 172 166 175 183 179 176 171 167 160 156 151 145 138 127 123 126 124 109 90 83 75 63 63 67 67 56 52 61 41 46 47 41 48 65 92 81 88 79 65 62 59 56 45 42 37 37 35 37 37 34 32 29 26 26 26 26 27 27 29 30 30 30 30 33 34
71 73 75 78 81 86 89 93 99 110 107 109 116 137 164 174 167 163 171 141 138 142 172 188 196 196 196 192 152 140 145 155 166 173 180 177 173 167 162 157 151 146 139 135 124 121 125 121 111 104 93 75 64 52 50 49 44 40 45 37 34 31 34 41 59 77 74 69 56 56 53 48 38 41 40 45 59 60 54 58 47 38 32 29 29 26 26 28 27 28 28 28 30 30 33 31
72 74 79 86 91 94 96 103 114 116 111 111 118 116 147 162 149 147 154 155 157 156 159 180 191 193 192 153 129 131 135 144 156 173 176 172 169 165 159 154 147 139 132 126 124 118 118 121 115 108 100 90 83 67 44 34 30 31 38 38 26 29 35 34 50 60 72 56 42 38 41 39 35 31 27 28 35 42 46 54 55 52 42 34 27 26 26 26 32 29 29 28 30 30 33 35
73 75 81 91 97 99 98 105 117 131 127 118 118 112 120 138 150 163 168 160 174 182 185 179 187 190 172 127 131 135 126 136 168 178 173 169 167 162 157 152 147 139 131 126 124 119 111 111 111 111 103 103 99 94 79 59 33 25 25 31 25 25 31 31 31 36 51 45 32 29 31 31 29 26 26 24 26 26 29 31 37 37 42 37 29 26 26 26 28 32 32 29 35 35 38 38
74 74 82 96 98 98 101 112 120 133 134 140 124 107 114 116 131 150 144 161 180 167 176 184 181 181 144 120 120 135 150 176 176 172 171 166 164 159 156 151 149 142 131 123 123 125 118 108 104 104 101 103 109 110 98 85 62 45 32 26 22 25 27 26 24 26 28 31 28 26 29 28 29 27 24 26 23 23 23 23 23 23 26 35 35 29 31 35 37 38 39 35 35 43 43 41
74 80 91 104 102 102 102 110 116 130 144 148 136 125 114 105 104 117 160 177 158 172 182 185 175 162 146 120 115 147 170 166 172 170 167 164 160 158 154 151 148 140 135 127 118 120 114 108 105 102 98 105 113 117 101 102 102 87 50 39 25 23 22 22 22 23 24 27 26 24 24 26 26 25 23 23 24 23 20 20 20 21 20 22 22 21 21 24 29 30 30 27 31 35 38 45
78 86 99 109 103 105 113 115 119 128 136 140 128 124 143 132 120 118 131 153 177 181 179 168 173 169 161 138 120 121 140 164 168 165 164 161 157 155 155 150 148 142 134 124 121 120 110 102 97 97 103 107 119 118 121 123 99 82 90 70 42 27 24 24 22 22 23 23 23 24 23 23 26 24 23 22 21 23 20 18 18 19 19 19 19 20 20 20 21 21 21 21 23 25 26 29
92 96 106 118 108 105 112 120 125 129 132 123 129 141 145 154 158 145 129 139 160 173 155 166 168 172 160 147 145 159 130 144 160 163 160 158 154 153 147 145 147 143 134 129 123 113 102 91 89 85 79 86 110 114 127 131 111 108 110 88 57 37 29 28 24 22 22 22 22 23 23 23 23 26 24 22 20 19 18 20 18 16 18 18 18 18 19 19 19 20 20 19 20 20 21 24
104 113 119 123 113 112 119 117 128 133 134 140 133 140 158 155 150 160 148 129 129 142 167 171 173 173 166 149 140 139 138 141 153 160 159 156 156 151 144 137 134 137 135 128 123 115 105 87 94 100 97 77 99 110 120 137 125 124 89 82 77 66 50 35 29 26 23 22 21 22 21 21 21 21 20 21 20 18 16 16 17 18 17 17 18 18 18 18 18 18 18 18 18 19 20 20
95 107 127 126 118 116 122 127 120 128 135 140 146 145 150 147 144 144 137 149 129 131 148 160 170 172 169 160 141 138 161 147 146 155 154 153 155 153 149 141 134 125 128 127 119 115 102 87 91 103 122 98 85 116 126 133 120 105 93 110 97 75 64 47 33 28 26 25 23 22 20 21 20 20 19 18 18 19 16 16 16 16 16 17 16 17 19 17 17 17 17 17 16 17 17 18
95 108 127 127 120 117 120 123 122 124 124 132 134 138 142 154 158 165 152 158 143 127 140 155 163 165 160 155 144 134 159 154 153 153 151 154 152 155 153 144 133 122 116 115 110 107 97 84 85 102 120 109 105 87 114 131 130 110 114 98 97 89 84 76 54 36 30 31 28 25 24 21 20 19 19 18 18 16 16 13 15 16 16 16 16 17 17 17 17 17 16 16 15 15 17 18
98 107 113 124 125 119 122 131 126 123 126 125 133 139 141 139 145 145 153 145 137 128 122 128 147 143 146 144 146 146 152 155 152 150 149 149 143 144 153 142 129 119 112 112 105 97 91 81 80 94 115 112 118 109 96 124 131 130 120 116 120 102 93 80 67 51 36 29 26 26 26 26 25 24 23 21 18 16 16 16 16 16 16 16 18 18 17 16 16 16 16 15 15 17 18 18
101 101 108 114 120 123 123 123 126 125 125 125 127 129 140 142 137 134 141 139 153 147 128 128 140 147 146 141 149 147 150 152 149 148 146 142 138 137 141 137 126 117 109 104 99 91 84 80 80 89 94 100 109 115 113 122 128 130 112 106 103 106 102 82 64 49 48 40 33 29 27 26 26 25 22 21 21 19 17 16 16 16 16 19 19 19 17 17 17 17 16 15 15 15 16 17
