inputs/cropped_bioclim_tortoise/wc2.1_2.5m_bio_19_band1.asc
ncols        480
nrows        504
xllcorner    -120.000000000000
yllcorner    24.000000000000
cellsize     0.041666666667
[rows 45 to 89 of 504, columns 192 to 287 of 480]
108 105 105 111 115 126 123 121 121 127 127 130 126 126 129 144 157 146 148 152 150 152 131 124 142 155 153 144 152 149 145 148 146 145 143 137 135 135 131 125 118 111 104 98 95 87 82 77 76 76 81 102 99 98 109 110 110 124 125 115 112 87 77 62 70 88 71 64 43 32 29 29 26 24 24 21 21 22 21 18 19 19 19 19 19 19 17 16 16 16 15 17 17 18 17 18
103 103 109 114 117 118 123 121 121 122 130 132 124 126 127 136 152 153 146 145 136 137 125 122 138 157 151 142 144 147 143 143 141 141 142 135 130 125 121 116 110 106 101 95 90 85 79 74 71 69 69 82 82 87 94 93 106 110 120 109 94 83 86 91 97 101 86 78 62 37 36 36 29 27 24 24 22 21 24 21 20 20 19 19 21 19 17 16 16 16 17 18 19 18 17 18
100 108 107 108 110 119 115 115 122 122 122 124 123 123 125 131 138 144 147 143 136 130 125 119 133 152 151 150 141 144 143 141 142 138 136 129 126 120 115 110 106 101 95 91 86 80 76 71 68 63 60 64 69 64 80 94 98 99 113 109 100 104 94 112 104 100 87 66 59 50 39 34 29 27 27 25 24 23 22 22 21 21 21 19 19 18 17 16 17 17 18 19 20 18 18 19
105 116 113 115 112 111 111 113 115 124 124 117 125 130 125 131 134 136 138 136 136 133 125 121 129 143 148 146 144 138 138 137 136 136 136 132 126 118 112 107 101 96 92 87 82 77 72 68 64 60 59 57 55 63 80 85 84 95 101 105 110 111 102 113 100 84 84 78 76 64 50 39 32 30 27 27 28 27 25 24 23 21 21 20 19 19 18 18 18 18 18 20 21 20 20 20
99 113 116 120 112 110 110 115 111 114 117 117 121 129 135 134 130 133 141 144 139 139 132 121 124 133 143 145 143 138 134 131 132 132 127 124 119 113 107 101 96 92 87 83 78 73 70 67 61 56 55 54 52 55 58 63 80 84 91 95 96 105 108 105 99 102 110 94 70 70 70 58 43 34 33 32 30 30 30 27 27 25 23 21 21 20 20 21 21 20 20 21 21 21 21 21
97 103 107 114 120 115 109 117 112 110 111 116 119 122 133 137 128 136 141 141 139 140 136 129 126 129 135 139 138 137 131 128 131 134 127 120 114 107 102 97 92 89 83 78 75 69 65 61 58 53 52 50 49 49 52 55 61 74 81 81 88 91 97 106 111 109 102 84 85 88 79 74 64 47 37 35 33 33 32 30 27 24 24 24 24 23 22 21 22 22 21 22 23 24 23 23
97 94 94 102 116 120 111 113 111 109 111 116 120 124 125 126 123 131 137 136 132 134 135 131 126 133 133 133 137 135 126 123 123 126 120 117 111 103 98 93 89 84 80 75 70 67 61 57 53 53 50 46 45 44 44 47 48 50 63 75 82 88 91 103 106 104 94 100 109 97 84 80 67 58 46 39 36 34 32 32 29 27 28 29 28 26 25 22 21 23 23 24 26 26 25 24
96 93 93 96 106 114 112 111 109 111 109 111 116 115 125 122 122 123 134 137 135 126 128 120 116 124 130 134 136 131 124 119 128 126 120 111 106 99 95 89 85 81 75 71 67 63 59 56 51 51 51 45 43 42 42 42 44 44 52 76 83 88 91 96 97 104 106 112 104 95 84 79 85 77 64 48 38 37 36 33 32 30 30 31 31 31 27 25 23 24 26 26 32 29 29 27
96 94 96 96 97 106 107 106 106 106 106 116 112 114 115 117 127 126 127 137 135 125 121 118 113 115 127 130 133 136 121 116 126 124 121 109 105 98 92 86 81 77 72 67 63 58 55 51 49 48 50 48 42 40 40 39 40 40 43 62 70 82 87 91 88 95 106 104 99 90 94 91 96 86 79 70 50 44 48 36 33 35 32 33 34 31 28 25 25 26 27 29 32 39 38 36
107 99 96 94 94 97 106 107 103 101 104 114 116 112 112 119 119 132 126 131 132 122 119 120 111 112 123 127 125 133 120 114 124 127 123 111 107 97 90 86 81 76 71 63 58 55 52 48 46 45 48 45 42 40 37 37 38 40 40 44 59 76 82 80 81 90 91 99 110 105 97 90 86 83 80 74 66 58 45 40 36 35 37 34 36 34 31 27 26 27 28 32 39 43 42 39
118 112 97 93 93 94 100 106 103 99 101 108 119 116 114 111 116 121 129 126 129 120 119 116 108 110 120 123 126 130 117 109 124 121 112 104 105 95 89 82 76 70 66 61 56 51 47 46 44 44 45 42 39 37 37 38 40 39 39 40 44 54 61 69 77 78 86 101 108 106 96 93 97 89 85 83 81 75 60 41 38 37 36 37 37 34 30 27 27 29 29 37 45 43 41 39
107 115 99 93 93 93 94 97 95 95 98 102 114 122 119 116 112 112 125 126 123 113 112 113 111 106 115 123 118 128 119 109 117 124 116 104 98 90 83 77 70 65 59 55 51 48 43 43 41 41 41 38 37 38 37 38 40 40 40 40 42 47 54 64 75 75 81 92 95 104 101 108 108 100 91 88 84 78 70 57 45 43 39 41 41 41 34 30 29 33 41 40 42 41 39 37
104 104 107 99 92 91 91 103 108 97 95 95 100 114 123 123 114 118 124 121 117 110 113 113 116 107 107 113 124 126 122 108 115 123 113 100 96 87 83 74 67 60 54 51 46 43 40 40 40 38 38 36 36 36 38 39 39 40 40 40 40 42 44 55 68 66 72 78 82 88 86 100 104 95 91 86 86 84 81 77 59 53 51 45 46 45 37 34 36 41 41 39 38 37 36 37
115 120 115 98 91 89 89 95 121 115 100 98 93 98 109 121 118 118 124 112 109 116 116 111 115 112 104 112 115 118 116 106 111 120 108 99 96 83 76 70 65 58 53 47 43 41 39 38 36 35 39 37 36 38 39 40 40 40 40 40 40 42 42 47 53 61 64 70 75 76 77 83 91 92 92 90 87 87 86 83 77 61 53 50 47 44 43 45 44 42 39 38 36 35 37 35
118 134 118 101 89 88 89 90 113 116 112 111 95 92 98 107 112 115 128 112 109 113 113 110 112 109 102 106 109 108 109 106 108 109 108 92 89 81 73 65 60 54 50 45 42 38 37 35 35 35 36 35 37 37 38 38 38 38 38 39 40 41 42 45 48 55 61 65 69 72 73 77 80 84 87 86 87 88 86 83 78 73 65 59 55 47 43 46 45 42 39 38 36 35 35 32
123 121 123 105 89 85 86 86 103 116 124 119 103 90 89 90 101 117 128 112 110 112 109 104 100 100 102 101 101 104 110 112 103 96 92 87 98 86 72 66 60 55 50 45 42 39 37 37 37 35 35 36 36 36 36 37 38 38 38 38 38 38 40 42 44 48 54 61 68 68 69 73 77 81 84 85 87 87 83 77 75 73 69 65 61 53 47 45 42 41 42 41 38 35 35 34
116 113 116 115 96 87 84 87 98 120 129 121 103 90 87 85 92 115 117 102 100 99 98 95 94 97 99 93 101 99 100 112 107 93 90 96 104 92 76 69 60 52 48 43 39 37 36 36 37 36 34 34 34 34 36 36 36 36 36 36 37 38 41 45 46 44 46 50 57 63 65 69 73 78 80 82 82 81 77 71 67 67 65 61 57 54 53 49 44 42 42 45 42 39 37 35
111 108 108 119 105 90 84 88 98 116 119 110 100 94 92 84 84 103 114 99 96 91 86 91 88 88 91 89 95 91 97 99 105 97 81 87 106 95 78 63 59 52 47 42 38 35 35 34 36 36 35 34 33 34 34 34 34 34 34 35 36 38 38 42 46 44 45 49 50 54 57 61 65 70 71 74 74 73 70 67 63 62 61 59 57 57 57 52 46 42 41 42 42 42 43 44
100 108 103 103 100 93 84 89 101 110 115 105 88 89 87 79 79 92 99 92 92 85 81 93 91 86 86 87 87 92 91 99 108 95 80 77 84 92 81 63 56 54 45 39 36 37 37 36 36 35 33 33 33 32 32 32 32 32 32 34 34 37 38 38 40 42 44 46 49 50 53 56 58 62 66 66 67 66 65 64 63 61 61 61 58 54 52 49 46 42 40 41 39 38 40 41
95 99 102 100 97 92 89 92 102 112 121 104 89 81 79 76 75 78 87 93 88 81 78 89 92 86 84 84 92 96 94 99 102 89 82 74 72 72 76 66 61 46 42 37 36 36 35 36 36 33 33 32 33 31 31 31 30 30 30 32 33 34 34 37 38 40 42 43 45 47 51 52 54 59 63 70 70 65 67 67 66 63 59 55 53 51 48 46 44 42 42 42 39 40 38 37
92 95 97 93 94 94 89 90 95 115 122 107 94 79 74 73 71 73 75 86 80 75 75 85 89 87 79 78 88 91 88 94 101 88 74 77 74 69 55 53 55 42 39 35 39 38 36 36 33 33 33 31 30 30 30 30 29 30 30 30 32 32 34 36 36 38 40 41 43 45 47 48 51 55 60 70 67 64 65 61 57 55 53 51 48 47 46 44 42 40 42 42 41 38 36 35
92 92 93 92 94 91 88 91 100 118 120 108 90 81 73 69 68 67 69 78 72 72 70 80 90 79 73 72 84 86 81 88 93 88 71 71 74 70 54 47 44 40 37 33 34 33 35 33 32 33 31 30 28 30 29 29 29 29 29 30 30 32 32 33 35 37 38 41 42 43 46 48 51 55 62 63 57 56 54 54 51 51 48 46 45 44 44 44 44 42 40 38 36 35 34 34
94 93 92 92 91 90 92 101 101 119 115 106 88 82 71 67 64 67 75 70 67 68 68 67 77 74 67 69 80 83 78 84 90 80 65 65 69 67 52 46 41 40 37 33 33 34 32 31 29 29 29 30 28 29 29 29 29 29 29 30 30 30 31 33 34 36 37 39 42 46 51 53 55 55 58 59 54 51 51 49 46 45 44 42 40 40 40 39 39 37 35 34 34 33 34 34
94 94 91 92 93 93 93 95 93 109 119 112 95 81 69 64 61 66 84 73 63 68 73 66 63 69 64 66 80 77 72 73 75 74 63 57 61 62 51 44 41 38 34 31 31 30 30 29 28 27 28 28 26 28 29 30 28 28 28 29 29 28 31 31 33 34 37 41 42 47 51 53 51 53 57 58 52 49 47 47 45 43 41 40 40 37 37 36 35 33 33 33 32 31 32 32
97 94 94 93 93 95 91 96 106 117 113 103 94 82 69 63 60 62 76 70 64 71 77 68 59 60 58 63 78 75 69 66 66 74 75 56 54 54 46 41 38 36 33 30 28 28 28 26 25 25 25 25 25 27 27 27 27 27 27 28 27 27 29 31 32 34 37 41 45 43 47 47 48 51 52 55 51 48 47 46 44 42 40 40 39 37 35 33 33 32 32 31 31 30 30 31
97 96 95 93 93 94 94 99 116 117 119 114 99 85 70 65 62 60 71 70 65 68 74 68 58 55 57 63 77 75 66 63 63 71 74 56 56 56 46 42 38 35 33 32 27 25 24 24 23 23 23 23 23 24 26 27 27 27 27 27 27 27 28 30 33 35 37 42 47 47 48 51 49 50 53 49 49 47 44 43 41 40 39 38 37 35 35 33 32 31 31 30 29 28 27 27
100 96 96 95 94 95 98 111 121 113 119 113 113 86 70 66 63 61 72 68 65 66 70 68 54 51 53 63 71 69 64 61 59 68 65 56 56 56 46 40 37 35 32 29 29 25 23 21 21 22 23 22 22 23 23 25 27 25 25 27 27 28 28 30 33 35 37 40 40 41 50 52 52 52 51 50 48 45 43 40 40 37 37 36 35 35 35 32 31 31 29 27 26 26 25 25
102 99 98 98 95 98 103 109 126 110 110 102 110 85 71 69 65 64 69 62 63 65 64 58 50 49 52 64 70 69 64 61 59 65 59 56 53 49 44 40 36 32 29 27 25 23 21 21 21 21 21 22 22 22 22 23 25 25 25 27 28 30 30 32 34 37 35 34 36 39 43 48 56 53 44 43 41 39 37 36 36 35 35 33 31 30 30 29 29 28 26 25 25 26 25 25
103 99 100 99 100 102 114 119 124 109 96 104 101 83 72 70 66 66 68 65 63 63 58 50 46 47 52 62 68 68 64 59 56 59 52 53 52 46 43 39 35 32 30 27 24 23 22 23 22 21 21 21 22 22 22 23 25 25 25 27 27 30 31 34 38 41 34 34 36 39 43 44 44 41 39 39 37 37 36 34 34 33 32 32 31 30 28 27 27 28 26 25 25 24 25 24
106 102 101 101 103 104 111 119 121 105 93 107 101 84 74 71 68 70 69 66 60 59 52 46 43 46 52 60 62 65 59 56 56 53 50 50 50 47 44 39 36 32 29 27 24 23 22 22 22 22 22 22 22 22 22 23 24 25 26 27 30 30 31 34 38 39 34 32 36 39 43 43 41 41 39 38 37 36 35 33 33 32 31 30 29 28 28 26 26 28 26 25 25 25 25 25
104 104 104 106 108 106 112 122 108 97 92 109 101 83 75 72 70 71 69 62 56 55 47 43 43 49 54 58 55 55 54 53 56 53 49 50 49 47 42 37 34 32 29 27 25 25 23 22 22 22 22 22 22 22 22 23 25 27 28 29 29 31 31 34 37 34 32 32 36 39 41 43 43 40 39 38 38 38 37 36 34 33 32 29 28 27 27 26 26 25 25 25 24 24 25 24
107 107 108 109 110 107 111 113 99 94 92 103 97 86 76 74 70 71 68 60 55 51 45 44 45 46 47 53 52 49 50 49 52 51 49 49 47 43 40 36 33 31 30 28 27 27 25 22 22 24 24 22 22 22 22 25 25 27 29 29 28 31 31 33 36 32 30 32 36 38 42 44 44 44 40 39 37 35 37 37 36 36 33 31 29 29 28 26 25 23 23 24 24 23 23 23
110 109 110 110 114 110 107 105 99 95 93 96 90 88 78 76 73 71 63 58 51 47 44 44 49 55 52 58 56 56 55 51 54 51 48 47 45 40 38 35 33 31 30 27 27 26 25 24 23 24 24 24 24 22 22 23 24 26 28 28 29 31 33 34 35 31 30 35 35 33 35 40 39 42 41 36 34 33 33 36 37 36 34 31 29 29 28 26 25 23 23 22 22 21 22 21
113 112 114 115 117 112 114 115 104 98 97 94 86 86 85 81 75 65 59 54 49 46 47 47 49 52 52 60 61 56 55 53 54 48 45 46 43 40 37 35 33 33 32 29 25 25 24 23 23 24 24 24 24 24 23 23 25 26 28 28 31 33 34 37 34 30 30 33 33 30 31 34 38 35 36 35 34 31 33 33 32 32 32 29 29 27 27 26 26 24 22 22 22 21 21 21
118 116 116 117 119 111 118 113 101 96 95 91 90 94 94 87 75 64 56 52 48 49 57 49 49 54 58 59 57 56 55 56 53 47 44 46 41 37 34 33 33 30 30 29 27 25 24 24 23 23 24 24 24 24 24 24 24 26 28 29 31 33 34 37 39 31 29 32 32 30 29 29 32 32 32 32 31 31 29 31 30 32 32 30 29 27 27 27 27 24 24 24 21 21 21 21
123 122 120 121 120 112 110 107 101 97 92 89 92 96 96 82 70 64 56 51 48 63 57 50 54 63 65 58 55 53 50 52 50 45 43 44 41 38 34 32 31 29 28 27 27 25 24 24 24 24 24 24 24 24 24 25 25 26 26 29 31 34 37 39 40 31 29 32 32 30 29 29 29 31 34 35 34 31 31 31 31 31 32 30 28 27 27 27 27 27 26 24 23 22 21 21
123 126 125 125 122 113 112 108 103 97 93 89 98 105 91 77 67 62 59 48 45 52 46 49 57 60 64 59 54 53 50 49 49 44 41 41 39 37 33 32 30 30 28 27 26 24 24 24 24 24 24 24 24 24 24 26 27 27 26 29 31 32 36 38 39 30 29 31 31 29 31 31 31 31 33 34 34 31 29 29 30 31 31 27 27 28 28 28 30 28 27 25 25 24 23 24
124 125 127 127 124 114 109 111 104 98 93 92 102 104 86 79 72 67 58 48 43 45 41 46 46 55 61 59 56 55 52 48 44 41 42 39 36 35 33 32 30 29 28 27 26 25 24 24 24 24 24 24 24 24 24 25 25 28 28 28 29 34 36 35 31 29 31 33 33 31 31 32 31 34 35 34 37 34 31 29 30 31 29 27 30 31 31 31 30 30 30 30 29 27 24 23
126 128 122 126 125 117 113 110 105 98 94 104 109 99 89 82 73 67 56 48 40 40 40 43 41 43 57 60 57 53 50 47 41 41 44 41 39 35 34 32 31 30 28 28 27 27 26 26 24 24 24 24 24 24 25 25 27 28 30 30 29 29 31 31 31 31 33 33 33 33 32 33 31 35 39 34 37 34 31 30 29 29 29 29 31 30 31 32 32 30 30 28 28 28 27 25
128 129 124 123 123 117 115 111 105 100 99 106 111 98 92 81 73 65 59 48 43 41 42 42 48 52 52 58 53 52 49 47 43 44 44 41 38 34 34 32 32 31 28 28 27 28 28 29 27 25 25 24 26 26 26 25 26 28 30 32 32 30 30 33 33 33 35 37 37 37 38 34 33 36 36 35 37 35 34 33 30 30 32 30 30 30 33 32 32 29 30 29 29 28 29 26
129 126 124 121 121 118 119 114 108 102 102 110 109 98 89 88 81 70 59 49 46 43 44 44 47 52 59 57 53 50 48 47 42 44 41 38 37 34 35 34 31 31 30 28 27 30 30 29 28 27 26 26 26 26 26 26 27 28 31 32 32 33 30 33 35 33 35 40 45 49 43 38 35 33 36 38 35 36 35 33 36 36 33 32 30 30 33 32 30 31 32 32 30 29 29 29
135 128 126 122 123 122 119 114 111 105 104 107 107 103 96 95 81 70 57 52 48 46 44 44 48 52 62 57 55 54 50 46 44 43 41 40 38 38 39 36 31 31 30 28 28 30 32 30 30 28 26 26 26 26 26 26 27 27 30 32 32 30 33 33 36 34 37 41 44 46 45 41 35 33 39 38 38 36 37 39 43 41 38 36 36 34 31 32 32 35 33 32 32 31 31 32
133 130 132 132 122 123 122 112 110 103 100 101 104 104 99 92 83 71 58 55 52 50 51 47 49 55 65 58 57 52 47 44 47 42 42 42 42 40 36 34 32 31 29 29 30 32 32 32 30 28 27 27 27 26 26 27 27 27 30 30 32 30 34 35 36 39 36 41 43 40 39 38 36 37 38 37 37 38 38 43 48 42 39 37 36 34 33 33 34 32 31 31 31 31 32 33
141 137 129 136 134 126 119 112 110 105 100 99 102 101 94 87 82 74 63 60 57 57 57 50 51 49 53 56 56 53 47 49 47 44 45 46 43 39 37 35 34 32 31 31 31 32 32 30 28 28 27 27 27 26 27 27 28 28 29 29 30 32 37 39 39 40 40 42 43 43 40 39 38 37 36 36 37 38 40 46 48 42 40 39 37 36 34 34 34 33 31 31 31 33 34 36
142 138 130 132 138 135 127 118 114 108 102 99 99 100 89 84 81 75 68 65 61 59 57 54 51 50 53 53 56 53 52 51 46 45 48 48 44 40 38 37 34 34 31 33 33 32 32 30 30 30 28 28 27 27 28 28 28 29 30 30 33 33 36 39 39 37 42 42 45 45 42 39 39 40 39 37 37 40 43 43 49 43 39 38 37 37 37 34 34 33 32 32 34 34 34 37
