inputs/cropped_bioclim_tortoise/wc2.1_2.5m_bio_18_band1.asc
ncols        480
nrows        504
xllcorner    -120.000000000000
yllcorner    24.000000000000
cellsize     0.041666666667
[rows 42 to 83 of 504, columns 95 to 189 of 480]
37 37 38 37 37 38 40 41 42 44 40 44 47 50 60 61 57 56 55 53 53 54 51 52 53 53 55 52 51 54 54 52 59 59 59 62 61 60 55 51 49 49 49 49 49 48 49 49 49 51 50 50 50 51 51 53 56 58 57 57 57 58 59 61 61 60 60 60 63 63 63 63 64 62 61 58 58 57 56 57 57 57 56 56 56 57 57 58 60 60 63 63 66 71 77
36 36 36 36 36 36 39 39 39 41 43 45 41 42 47 52 53 53 53 51 50 50 49 49 51 51 54 52 51 51 50 58 58 59 60 61 57 57 53 49 48 47 47 47 47 47 47 46 47 47 47 50 50 50 50 50 53 53 53 54 56 57 57 58 60 60 60 61 63 65 65 63 62 61 58 57 56 56 57 57 56 56 56 56 57 57 57 59 60 61 63 65 69 78 85
36 36 36 36 36 36 36 36 39 40 40 43 42 43 37 41 41 44 44 44 44 45 44 44 44 44 43 43 46 51 53 53 53 52 54 55 52 51 48 48 45 45 45 46 46 46 44 45 46 47 47 47 50 50 50 50 49 50 51 52 54 55 57 57 57 57 60 60 63 64 66 64 61 59 58 56 57 56 57 57 56 56 56 56 56 57 58 59 62 66 69 69 69 76 88
35 34 33 34 34 35 36 36 37 38 38 40 40 40 40 42 44 44 45 46 46 47 47 47 47 46 46 45 43 43 45 44 44 44 44 42 43 45 45 45 43 43 43 43 46 44 43 43 43 44 46 46 47 48 48 47 48 48 48 50 52 53 54 57 57 57 58 60 61 61 64 63 61 59 56 56 55 55 55 56 56 56 56 56 56 59 59 60 66 66 69 75 74 79 82
35 35 34 34 34 36 35 35 37 37 38 37 37 38 39 39 39 41 41 39 40 40 38 40 40 38 39 38 40 40 38 38 38 38 38 38 38 40 39 40 40 40 39 42 42 42 42 42 43 43 43 44 46 47 47 46 47 48 48 49 50 52 54 56 57 57 58 60 61 64 64 61 61 59 57 56 55 55 54 54 55 55 55 56 57 58 59 61 64 65 69 77 83 81 85
35 35 35 34 34 35 36 36 37 37 38 37 36 36 36 36 37 38 37 34 34 34 35 35 35 35 35 37 35 38 38 37 38 38 36 36 36 37 37 39 39 39 39 39 39 39 39 39 41 43 43 43 44 45 46 45 46 46 48 49 50 51 54 54 57 57 60 61 64 65 64 62 60 59 58 56 55 54 54 54 55 55 55 57 58 59 60 62 66 67 69 76 82 84 87
33 34 34 34 34 34 34 35 36 36 36 36 35 33 36 36 35 33 34 34 34 34 34 34 36 38 36 35 35 35 36 35 35 35 35 35 36 36 36 36 36 36 36 38 39 39 39 39 40 40 42 43 43 43 43 44 45 45 47 48 49 51 54 55 57 58 60 61 63 62 63 63 63 59 57 55 54 54 54 54 56 57 56 58 60 60 62 68 77 74 73 77 84 86 94
33 33 33 33 34 34 33 33 33 33 33 34 35 32 33 35 32 31 31 35 34 33 34 34 36 36 36 35 35 36 36 36 35 35 35 35 33 35 36 37 37 37 39 39 38 36 37 38 39 39 39 40 43 43 43 43 45 45 47 48 49 51 53 54 57 58 60 62 63 62 61 60 61 61 59 56 54 54 54 55 56 56 58 60 61 61 64 72 80 84 79 80 86 97 95
34 33 34 33 33 34 33 33 32 33 33 33 33 34 36 36 35 35 31 34 34 32 33 35 35 35 33 34 34 34 36 36 35 35 34 34 34 35 36 36 37 37 37 37 37 36 37 37 39 40 40 40 42 42 42 45 45 45 47 48 48 51 53 55 57 59 62 64 63 63 63 63 60 60 59 57 56 55 55 57 57 59 60 63 66 63 66 72 80 84 84 82 88 97 92
35 35 35 34 34 34 34 34 36 36 35 33 33 34 33 35 35 35 35 33 33 33 34 36 36 36 36 33 34 33 34 34 33 33 33 33 35 36 36 34 34 36 35 36 36 37 37 39 39 42 42 41 42 43 44 46 47 46 47 49 49 51 52 55 56 59 62 63 63 63 64 63 61 60 60 58 57 57 57 58 59 59 63 69 75 71 67 74 86 83 82 79 87 88 95
35 35 35 35 35 34 34 34 36 36 35 35 35 34 34 34 34 35 35 35 33 34 34 37 36 36 33 32 33 33 34 33 33 33 33 33 33 34 35 34 34 34 35 35 35 36 37 38 39 41 42 42 42 43 43 46 46 46 46 49 49 51 52 53 56 59 61 62 63 63 64 62 63 63 61 60 58 60 60 62 64 63 66 76 78 79 78 69 76 75 77 76 83 92 93
36 36 35 35 35 35 34 34 35 36 38 39 38 35 34 34 34 33 35 33 33 34 35 36 36 36 32 32 33 33 33 33 33 33 33 33 33 33 33 34 35 34 35 35 35 36 37 39 39 41 46 48 45 43 43 44 45 46 46 47 49 50 52 54 56 59 60 62 63 64 65 64 65 64 63 62 64 66 66 69 75 69 68 78 82 83 76 78 83 82 78 74 84 99 92
39 39 36 36 35 37 35 36 36 38 39 39 38 38 38 37 34 34 34 33 33 34 36 36 36 36 34 34 33 33 33 33 33 33 33 33 34 34 36 36 35 34 34 36 35 36 39 39 40 40 43 45 43 43 43 43 45 46 46 47 48 49 52 55 56 59 61 61 63 64 65 66 66 65 64 64 68 72 70 70 70 72 69 78 75 83 79 82 82 82 83 74 83 94 99
43 42 38 38 38 38 38 39 39 39 39 41 40 39 39 41 41 38 36 35 34 35 36 37 36 36 36 36 33 32 32 33 33 33 33 33 34 34 34 33 33 33 34 33 34 36 36 39 39 39 40 43 43 43 43 43 46 46 46 48 48 49 51 54 56 59 61 63 65 65 68 68 68 67 68 71 74 71 76 73 76 74 75 78 81 79 80 83 91 89 84 76 80 91 97
46 46 43 44 42 40 40 40 39 40 41 42 43 42 42 41 41 41 41 40 37 37 37 36 37 37 37 36 35 33 33 33 33 33 33 32 33 33 33 33 33 33 33 34 35 35 36 37 39 39 40 41 43 43 43 44 46 46 49 49 50 52 54 56 59 61 64 66 67 69 69 70 69 72 72 74 77 75 83 74 72 74 78 84 83 84 80 85 92 92 84 76 77 83 86
49 49 49 47 45 44 42 40 41 41 42 42 42 42 42 42 42 41 41 41 41 40 40 40 37 38 38 37 36 36 36 36 35 35 34 33 33 33 33 33 33 35 35 35 35 35 36 36 39 40 42 43 43 43 44 46 46 49 49 52 55 60 61 64 66 67 69 71 74 74 73 76 76 79 78 75 79 74 85 85 84 80 80 83 84 85 88 85 85 91 82 77 77 83 84
50 51 52 49 48 47 45 43 42 42 42 42 42 42 42 42 43 44 44 43 41 42 40 40 40 38 38 38 37 37 38 38 38 37 35 35 35 35 35 35 35 35 36 36 36 36 38 38 39 41 43 43 43 43 45 46 48 51 54 57 60 65 68 69 70 72 75 76 77 79 80 74 75 85 81 78 79 82 78 84 88 80 83 81 83 90 87 92 87 87 82 78 77 82 89
41 52 52 52 50 48 47 45 43 43 43 43 44 43 45 45 45 45 45 46 44 42 43 43 43 40 40 40 39 39 39 40 40 39 38 38 37 37 36 35 37 38 38 38 38 38 38 40 41 43 44 45 45 46 47 48 51 54 57 62 65 75 74 76 79 79 81 81 86 86 88 80 81 78 85 84 82 84 77 86 89 82 86 83 85 87 87 84 86 87 82 80 78 81 87
45 54 53 52 52 51 49 47 47 46 43 43 46 46 46 45 45 47 48 47 46 44 44 44 44 42 40 40 40 41 41 41 42 41 41 41 41 41 39 38 38 38 40 41 40 39 41 42 45 47 49 48 48 48 51 52 55 58 68 80 75 73 82 81 84 84 85 87 91 91 92 81 83 84 80 88 85 85 78 89 92 92 89 84 89 85 82 92 93 93 87 81 80 80 84
47 43 55 54 52 51 50 48 48 47 46 46 49 49 49 47 45 48 48 50 48 47 47 45 44 44 43 42 42 42 41 42 45 45 44 42 43 44 42 41 39 41 41 41 41 41 44 45 48 49 51 51 51 52 54 56 59 67 76 79 82 76 87 87 89 92 92 93 94 94 81 87 87 88 85 90 86 86 79 94 92 89 89 86 90 85 89 94 85 91 92 84 80 81 83
49 47 43 54 53 52 50 48 50 49 46 48 50 51 50 50 48 49 50 51 51 49 48 47 45 47 47 46 45 43 44 45 45 46 46 44 45 45 44 45 48 48 48 51 48 51 49 48 50 51 52 53 54 55 59 63 73 71 82 82 87 78 93 95 96 97 99 98 97 81 85 85 87 89 88 81 89 87 93 92 86 86 90 86 83 89 89 90 88 97 94 88 83 82 83
49 48 44 54 54 54 50 50 50 47 49 49 49 50 52 52 50 50 51 51 52 54 50 50 48 49 49 49 48 48 48 48 47 48 46 47 47 50 50 53 59 54 60 63 61 60 65 56 54 55 55 56 58 59 65 73 77 79 81 77 93 80 81 100 105 105 104 102 99 99 84 85 86 86 88 83 91 91 85 91 84 82 87 89 87 92 87 91 95 100 93 91 88 86 89
48 48 46 55 53 53 53 53 48 47 49 49 49 52 52 52 52 52 52 51 54 54 53 52 52 52 52 52 52 51 51 51 51 50 50 50 50 60 61 64 58 63 64 58 63 68 66 60 61 59 60 60 63 66 72 83 86 95 94 88 81 81 81 105 110 113 109 104 103 101 100 83 85 87 87 83 94 93 81 84 86 82 87 91 87 92 87 88 91 99 95 91 91 92 94
48 48 48 45 54 53 53 53 50 53 52 52 51 52 52 53 55 55 54 54 55 56 57 57 57 56 56 56 55 55 55 55 53 51 51 53 55 63 60 62 64 67 62 64 72 75 72 63 73 66 63 64 68 73 78 77 82 80 81 79 95 97 102 107 109 111 108 104 102 101 99 98 86 87 86 86 84 82 92 90 82 89 86 87 90 87 93 88 87 88 88 87 86 92 103
49 48 48 48 56 56 53 53 52 53 53 52 52 52 54 55 55 56 56 56 57 59 60 59 60 60 60 59 58 58 56 55 54 55 54 54 56 62 62 63 64 72 69 67 77 79 74 72 69 72 68 68 72 77 83 79 89 84 80 93 82 83 100 103 107 107 106 104 85 85 99 99 98 84 87 85 86 83 90 87 87 84 85 91 89 90 87 88 83 82 82 84 85 89 96
50 50 49 50 48 56 54 55 53 56 56 55 55 55 55 58 58 58 57 57 59 61 53 53 53 53 62 60 60 62 58 56 57 58 58 61 61 65 60 63 67 72 74 74 79 78 79 76 67 73 70 71 77 80 76 89 99 100 85 80 86 88 82 101 106 105 104 102 86 91 88 100 97 97 83 82 84 83 89 90 84 83 83 87 84 87 89 89 81 79 79 83 90 90 94
51 51 51 51 49 46 55 56 52 48 48 58 58 56 58 58 58 58 58 57 59 61 53 53 54 56 57 58 61 61 60 58 60 64 59 59 57 58 59 62 66 71 74 79 79 74 65 74 76 75 72 78 77 73 79 93 86 81 79 95 86 85 98 101 103 104 102 101 86 94 97 89 98 94 91 92 82 93 89 87 83 82 84 93 88 89 92 86 81 78 77 80 92 92 94
54 54 52 51 48 48 48 48 55 48 49 59 59 59 58 58 59 59 61 59 59 62 54 56 56 59 64 66 70 62 59 60 62 58 65 59 59 59 69 61 64 71 71 78 78 74 69 70 68 76 72 82 79 83 78 86 81 91 91 92 81 85 98 100 100 100 99 100 101 93 97 94 98 91 88 87 89 90 87 81 78 79 85 87 86 83 88 89 83 79 78 79 91 94 91
58 57 56 53 49 49 48 51 48 48 49 50 50 51 60 60 61 61 62 61 62 64 56 60 64 67 71 72 70 55 60 60 64 58 63 59 67 58 70 60 63 71 70 76 73 76 67 63 67 77 75 69 83 83 78 80 80 91 92 92 92 95 95 97 97 98 98 97 100 91 90 87 95 88 86 83 83 86 84 79 78 81 87 93 83 83 88 93 95 91 82 79 87 95 93
62 61 58 58 56 51 52 51 50 48 51 51 51 53 52 51 51 53 53 53 54 57 63 68 71 72 72 69 67 55 66 61 65 66 58 56 67 59 70 71 63 71 70 71 70 69 63 72 74 73 76 70 81 78 73 77 78 89 90 92 93 95 95 96 97 97 97 97 97 98 96 94 89 84 83 80 80 83 84 78 78 81 94 92 84 83 83 90 90 93 85 78 85 92 90
64 62 57 56 61 59 56 55 50 48 52 56 56 56 56 56 57 59 60 60 61 65 70 78 70 69 68 66 69 58 56 65 67 64 65 66 59 61 61 60 63 71 68 65 68 63 73 71 72 72 78 73 84 78 72 77 79 87 90 93 80 87 84 85 88 100 100 97 95 94 91 88 86 83 82 80 78 78 79 78 76 81 88 88 84 85 85 91 93 89 82 79 82 95 87
56 61 59 58 64 65 58 55 48 52 60 64 65 63 61 64 66 66 70 69 68 69 77 76 67 63 60 65 65 61 58 67 64 64 65 70 61 67 65 63 63 70 68 63 63 60 71 71 72 65 72 80 86 88 76 87 76 90 77 81 85 91 99 105 102 95 93 89 97 91 88 85 83 82 79 77 75 75 75 75 82 82 86 85 84 82 85 92 96 94 87 79 79 91 93
54 59 61 62 64 63 61 58 49 49 57 65 71 70 64 71 77 71 80 80 76 74 75 71 64 59 58 64 63 64 62 67 64 64 66 58 67 74 75 68 64 62 64 62 59 70 69 72 62 69 75 80 83 82 79 73 82 85 85 87 92 102 105 108 108 105 94 88 93 88 85 82 80 78 75 75 75 75 75 79 88 85 81 84 82 80 82 89 89 90 88 82 78 84 89
55 52 54 57 66 66 58 55 55 55 52 57 64 75 70 89 85 71 82 86 77 71 67 63 62 57 62 63 65 64 58 67 65 70 68 58 67 74 75 68 63 59 59 58 69 69 72 62 67 70 69 75 80 76 80 75 82 85 84 87 86 85 84 85 84 82 81 91 88 84 80 79 81 77 75 75 78 76 76 79 86 81 78 83 84 79 79 84 87 86 92 88 79 78 80
59 53 51 53 58 61 60 59 61 66 58 59 78 81 75 85 91 80 88 85 71 62 60 59 56 56 60 66 72 64 57 65 60 68 60 60 69 72 68 64 62 61 59 60 60 60 62 67 78 78 73 67 70 71 86 80 85 79 76 75 88 87 88 88 88 88 88 86 83 79 78 75 77 74 74 74 74 75 76 76 78 75 81 86 86 79 79 82 86 84 89 89 82 76 78
58 54 51 54 58 60 59 62 64 68 68 59 81 73 83 86 92 88 82 74 64 58 57 56 55 59 57 61 70 64 57 68 60 69 61 64 66 69 64 61 62 62 62 62 63 62 67 72 75 75 71 67 65 70 80 87 86 79 75 85 84 83 83 83 84 84 83 82 77 76 74 73 72 71 72 72 72 79 77 72 70 72 76 86 86 78 78 80 86 84 81 89 82 76 78
60 53 53 55 60 57 58 60 60 66 60 57 64 67 75 75 80 82 73 65 59 57 56 56 59 64 64 60 58 57 58 63 67 69 61 62 64 64 61 59 59 64 64 67 69 69 70 72 66 65 65 62 64 68 80 90 77 70 84 82 81 80 80 80 79 79 79 80 76 74 71 71 70 70 70 70 72 73 70 69 69 71 75 86 84 78 76 81 86 82 76 81 78 76 78
58 61 62 63 58 55 55 56 58 66 63 58 56 65 70 67 77 75 67 58 58 56 56 56 61 67 64 59 55 66 63 72 72 69 66 63 61 60 57 58 62 64 67 65 66 70 75 74 64 59 59 73 63 68 83 89 71 80 79 77 79 81 79 79 79 77 78 80 76 71 71 70 69 69 69 69 68 68 69 69 72 74 81 82 80 80 77 85 85 81 74 75 75 75 75
59 68 65 64 58 55 56 60 60 64 62 57 54 61 65 65 71 62 61 58 58 57 56 59 64 62 62 58 65 66 59 62 64 72 72 64 61 58 66 58 64 70 72 65 62 64 69 69 66 59 69 71 75 67 79 76 69 79 79 76 77 79 79 79 80 76 75 75 72 69 69 69 68 67 67 68 68 68 68 68 75 76 82 80 78 75 73 79 80 75 74 74 75 75 75
63 68 63 60 56 55 57 62 62 62 63 58 54 59 62 61 60 56 55 55 58 63 64 65 65 61 57 56 65 65 58 62 67 75 69 61 59 55 64 56 61 65 73 68 63 60 67 70 66 61 69 69 72 65 74 75 69 77 74 72 73 74 76 78 77 77 73 72 72 72 69 67 67 67 67 67 67 67 68 69 73 73 79 79 80 71 71 71 72 72 74 79 75 74 74
65 71 71 59 56 54 57 59 59 59 59 59 56 54 57 59 58 55 52 52 55 61 70 75 72 64 59 57 57 65 67 60 65 70 61 58 56 63 65 66 57 61 64 64 62 59 64 69 66 61 67 67 71 64 73 72 77 74 71 68 70 71 73 70 70 68 68 68 71 72 66 66 67 67 67 67 67 67 68 69 69 70 76 84 82 71 71 71 71 71 72 73 73 73 74
71 86 74 57 54 54 58 58 54 59 61 58 56 53 53 59 64 55 52 53 53 58 70 76 75 65 60 57 57 65 66 59 65 59 56 54 63 56 59 57 65 66 55 58 58 60 67 66 62 58 66 66 71 65 71 69 78 73 68 65 66 67 67 65 65 65 65 68 72 78 68 65 65 67 66 65 65 66 66 66 67 67 70 81 86 75 70 70 70 70 70 71 73 73 74
