inputs/cropped_bioclim_tortoise/wc2.1_2.5m_bio_14_band1.asc
ncols        480
nrows        504
xllcorner    -120.000000000000
yllcorner    24.000000000000
cellsize     0.041666666667
[rows 58 to 115 of 504, columns 192 to 287 of 480]
30 31 30 28 27 27 27 28 31 30 29 29 29 29 31 32 32 32 33 32 31 32 32 32 33 32 29 32 33 34 33 30 31 33 29 26 26 23 20 18 18 15 14 14 13 13 12 11 11 11 12 11 11 11 12 12 12 12 12 12 12 12 12 14 15 17 18 20 21 22 22 24 27 27 26 24 24 22 21 20 20 17 15 14 13 13 13 13 12 12 11 11 11 11 11 11
30 33 31 29 27 27 27 27 30 31 30 31 29 29 29 31 31 32 34 32 31 32 32 31 32 32 29 31 32 32 31 30 30 31 29 25 25 23 20 17 16 16 14 13 12 12 12 11 11 11 11 11 11 11 11 11 11 11 11 11 12 12 12 13 14 16 17 18 19 20 20 21 21 23 24 23 21 20 20 20 19 19 18 17 16 14 13 13 13 12 12 11 11 11 11 10
31 31 31 29 27 26 26 26 29 31 32 32 30 28 28 28 30 32 34 31 31 31 31 29 29 29 30 29 30 31 32 31 28 26 26 25 28 23 20 18 16 15 14 12 11 11 12 12 12 10 11 11 11 10 11 11 11 11 11 11 11 11 12 12 13 14 15 17 19 19 19 19 19 20 20 20 19 18 18 17 18 18 19 18 17 15 14 13 12 12 12 12 11 11 11 11
30 30 30 31 28 26 25 26 28 31 33 32 30 28 27 26 29 32 32 29 28 28 28 28 27 28 29 28 30 30 31 33 30 26 26 27 29 25 21 20 17 14 13 12 11 11 11 11 12 11 10 10 10 10 11 11 11 11 11 11 11 11 12 13 13 13 13 14 16 18 18 18 18 18 18 17 17 17 17 17 18 18 18 17 16 15 15 14 13 12 12 13 12 12 11 11
29 29 29 31 29 27 25 27 29 31 31 31 30 29 29 26 26 31 32 29 28 27 26 27 26 25 25 26 29 28 30 30 31 28 24 25 30 27 22 19 18 16 15 13 11 11 11 11 11 10 10 10 10 10 10 10 10 10 10 10 11 11 11 12 13 13 13 14 14 15 16 17 18 17 17 17 17 17 17 18 18 18 17 17 16 16 16 15 13 12 12 12 12 12 13 13
27 29 28 29 28 27 25 27 29 30 31 30 27 28 27 24 24 28 29 27 28 26 25 28 26 25 25 25 26 28 28 30 31 27 24 23 25 27 23 18 17 17 14 12 11 12 10 10 10 9 9 10 10 10 10 10 10 10 10 10 10 11 11 11 12 12 13 13 14 14 15 16 17 18 17 17 17 17 17 18 18 17 17 17 16 15 15 14 13 12 12 12 11 11 11 12
25 27 28 28 28 27 26 27 29 31 32 30 28 24 24 23 23 24 27 26 26 25 24 27 28 25 24 24 27 29 29 30 30 27 24 22 22 22 23 20 18 14 13 10 10 11 11 11 10 10 10 10 10 9 9 9 9 9 9 10 10 10 10 11 11 12 12 13 13 14 15 15 16 17 18 18 18 18 18 18 18 18 17 16 15 15 14 13 13 12 12 12 11 12 11 11
24 25 27 26 27 27 26 27 28 31 32 30 29 24 22 22 21 22 23 26 24 23 23 26 27 26 23 23 26 28 27 29 30 27 22 23 22 21 17 17 17 12 10 10 12 12 11 10 10 10 10 10 9 9 9 9 9 9 9 9 10 10 10 11 11 11 12 12 13 13 14 14 15 16 18 18 18 18 18 18 17 16 16 15 14 14 13 13 12 12 12 12 12 11 11 10
24 24 25 25 26 25 25 27 29 32 32 31 28 25 22 21 20 20 21 24 22 22 22 24 27 24 22 21 25 26 25 27 29 27 21 21 22 21 16 15 14 12 11 9 10 10 11 10 10 10 10 9 9 9 9 9 9 9 9 9 9 10 10 10 11 11 11 12 12 13 13 14 15 16 17 18 17 17 16 16 15 15 15 14 13 13 13 13 13 12 12 11 11 10 10 10
25 25 24 24 24 25 26 28 29 32 32 30 28 25 21 20 19 20 23 22 21 21 21 20 23 22 20 20 24 25 23 26 28 24 20 20 21 20 15 14 13 12 11 10 10 11 10 10 9 9 9 9 9 9 9 9 9 9 9 9 9 9 10 10 10 11 11 12 12 13 15 15 16 16 17 17 16 15 15 15 14 14 14 13 12 12 12 11 11 11 10 10 10 10 10 10
24 24 23 24 25 26 26 27 27 30 32 31 29 25 21 19 18 20 25 22 20 21 21 20 19 20 19 20 24 23 22 22 23 23 19 17 18 19 15 13 13 12 10 9 9 9 9 9 9 8 9 9 8 9 9 9 9 9 9 9 9 9 10 10 10 10 11 12 12 14 15 15 15 15 16 17 16 15 14 14 13 13 12 12 12 11 11 11 10 10 10 10 9 9 9 9
24 24 24 24 24 25 24 27 29 32 31 30 29 26 21 19 18 19 23 20 20 21 23 20 18 18 17 19 24 23 21 20 20 23 23 17 17 17 14 13 12 11 10 9 8 9 9 8 8 8 8 8 8 8 8 8 8 8 8 9 8 8 9 10 10 10 11 12 13 13 14 14 14 15 15 16 15 14 14 13 13 12 12 12 11 11 10 10 10 9 9 9 9 9 9 9
24 24 23 23 24 24 25 27 31 32 32 32 29 27 22 20 19 19 22 20 19 20 22 20 17 17 17 19 24 23 20 19 19 22 23 17 17 17 14 12 12 11 10 10 8 7 7 7 7 7 7 7 7 7 8 8 8 8 8 8 8 8 9 9 10 11 12 13 14 14 14 15 14 15 15 15 15 14 13 13 12 12 11 11 11 10 10 10 9 9 9 9 9 9 8 8
24 23 23 23 23 24 26 30 32 31 33 32 32 27 22 21 20 19 21 20 19 19 20 20 16 15 16 19 22 21 19 18 18 21 20 17 17 17 14 12 11 11 10 9 9 8 7 6 6 6 7 7 7 7 7 8 8 8 8 8 8 9 9 9 10 11 12 13 12 13 15 15 15 15 15 15 15 14 13 12 12 11 11 10 10 10 10 9 9 9 9 9 8 8 8 8
24 23 23 23 23 24 27 29 33 30 31 30 32 27 23 22 20 20 21 19 18 19 19 17 15 14 15 19 21 21 19 18 18 20 18 17 16 15 13 11 10 10 9 8 8 7 6 6 6 6 6 7 7 7 7 7 8 8 8 8 9 9 9 10 10 11 11 11 12 13 13 15 17 16 14 13 13 12 11 11 11 10 10 10 10 10 10 9 9 8 8 8 8 8 8 8
24 23 23 22 23 25 30 32 33 30 28 30 30 26 23 22 20 20 20 19 18 18 16 14 13 14 15 19 21 21 19 18 17 18 15 16 16 14 13 12 10 10 9 8 7 7 7 7 7 6 6 6 7 7 7 7 8 8 8 8 8 9 9 10 11 12 10 10 11 12 13 14 14 13 12 12 12 12 11 11 11 10 10 10 9 9 9 9 9 8 8 8 8 7 7 7
24 23 22 22 23 26 29 31 32 29 27 31 30 26 24 22 21 21 20 19 17 17 15 13 12 13 15 18 19 20 18 17 17 16 14 15 15 14 13 12 11 10 9 8 7 7 7 7 7 7 7 7 7 7 7 7 7 8 8 8 9 9 9 10 11 12 10 10 11 12 13 13 12 12 12 11 11 11 11 10 10 10 10 10 9 9 9 8 8 8 8 7 7 7 7 7
23 23 23 23 24 26 30 32 30 27 26 31 30 25 23 22 21 21 20 18 16 16 14 12 12 14 16 17 16 16 16 16 17 16 15 15 15 14 13 11 10 10 9 8 8 8 7 7 7 7 7 7 7 7 7 7 8 8 8 8 8 9 9 10 11 10 10 10 11 12 12 13 13 12 12 11 11 11 11 11 10 10 10 9 9 9 9 8 8 8 7 7 7 7 7 7
23 23 23 23 23 26 29 30 26 25 26 29 28 26 23 22 21 21 20 17 16 15 13 13 13 13 14 16 15 14 15 15 16 16 14 15 14 13 12 11 10 9 9 8 8 8 8 7 7 7 7 7 7 7 7 8 8 9 8 8 8 9 9 9 11 10 10 10 12 12 13 13 13 13 12 12 12 11 11 11 11 11 10 9 9 9 8 8 8 7 7 7 7 6 6 6
23 23 23 23 23 26 26 26 25 25 26 28 26 27 24 23 22 21 18 17 15 14 13 13 14 16 15 17 17 17 17 16 17 16 15 14 14 12 11 11 10 9 9 8 8 8 8 7 7 7 7 7 7 7 7 7 7 8 8 8 9 9 9 10 11 10 10 11 11 11 11 13 12 13 12 11 11 11 11 11 11 11 10 9 9 9 8 8 8 7 7 7 6 6 6 6
23 23 23 23 23 26 29 30 28 27 27 27 25 26 26 24 22 19 18 16 15 14 14 14 14 15 15 18 18 17 16 16 17 15 14 14 13 12 11 10 10 10 9 8 8 8 7 7 7 7 7 7 7 7 7 7 8 8 8 8 9 9 10 11 10 9 10 10 11 10 10 11 12 11 12 11 11 10 11 11 10 10 10 9 9 8 8 8 8 7 7 7 7 6 6 6
24 22 23 23 24 27 31 30 26 25 26 26 26 28 29 26 22 19 17 16 15 15 17 14 14 16 17 18 17 17 16 17 16 14 13 14 12 11 11 10 10 9 9 8 8 8 7 7 7 7 7 7 7 7 7 7 7 8 8 9 9 10 10 11 12 10 9 10 10 10 9 9 10 10 10 10 10 10 9 10 10 10 10 9 9 8 8 8 8 7 7 7 6 6 6 6
26 23 23 23 24 27 27 25 25 26 24 25 27 29 29 25 21 19 17 16 15 19 17 14 16 19 20 17 16 16 15 16 15 14 13 13 12 11 11 10 10 9 9 8 8 8 7 7 7 7 7 7 7 7 7 7 7 8 8 9 9 10 11 11 12 10 9 10 10 10 9 9 9 10 11 11 11 10 10 10 10 10 10 9 9 8 8 8 8 8 8 7 7 6 6 6
26 23 23 23 24 26 28 27 25 25 24 25 29 31 28 23 20 19 18 15 14 16 14 15 17 18 20 18 16 16 15 15 15 13 12 12 12 11 10 10 9 9 8 8 8 7 7 7 7 7 7 7 7 7 7 8 8 8 8 9 9 10 11 11 12 9 9 10 10 9 10 10 10 10 10 11 11 10 9 9 10 10 10 8 8 9 9 9 9 8 8 8 8 7 6 7
26 25 24 23 24 26 27 29 27 26 24 26 29 31 26 24 22 20 17 15 14 14 13 14 14 17 19 18 17 16 15 14 13 12 13 12 11 11 10 10 9 9 8 8 8 7 7 7 7 7 7 7 7 7 7 7 7 8 8 8 9 10 11 11 10 9 10 10 10 10 10 10 10 11 11 11 12 11 10 9 9 10 9 8 9 10 10 10 9 9 9 9 8 8 7 7
25 24 26 24 24 25 25 27 28 26 25 30 31 30 27 25 22 20 17 15 13 13 13 13 13 13 18 18 17 16 15 14 12 12 13 12 11 10 10 10 9 9 8 8 8 8 7 8 7 7 7 7 7 7 7 7 8 8 8 9 9 9 9 9 9 10 10 10 10 10 10 10 10 11 12 11 12 11 10 9 9 9 9 9 10 9 10 10 10 9 9 8 8 8 8 7
26 25 27 26 25 25 28 28 27 26 27 30 32 29 28 25 22 20 18 15 14 13 13 13 14 16 16 18 16 15 14 14 13 13 13 12 11 10 10 10 9 9 8 8 8 8 8 8 8 7 7 7 7 7 7 7 7 8 8 9 9 9 9 10 10 10 10 11 11 11 12 11 10 11 11 11 12 11 11 10 9 9 10 9 9 9 10 10 10 9 9 9 9 8 9 8
30 28 28 27 26 26 30 29 28 27 28 31 31 29 27 27 25 21 18 16 15 14 14 14 15 16 18 17 16 15 14 14 12 13 12 11 11 10 10 10 9 9 9 8 8 8 8 7 7 8 7 7 7 7 7 7 8 8 9 9 9 10 9 10 10 10 11 12 14 15 13 12 11 10 11 12 11 11 11 10 11 11 10 9 9 9 10 10 9 9 10 10 9 9 9 9
32 28 26 26 29 30 30 29 29 27 28 30 30 30 29 29 25 21 18 17 15 15 14 14 14 16 19 17 16 16 15 13 13 13 12 12 11 11 11 10 9 9 9 8 8 8 8 8 8 8 8 8 7 7 7 7 8 8 9 9 9 9 10 10 11 10 11 13 14 14 14 13 11 10 12 12 12 11 11 12 13 13 12 11 11 10 9 9 10 11 10 9 9 9 9 10
27 29 25 24 27 31 31 27 28 26 27 28 29 30 29 28 25 21 18 17 16 15 15 14 15 17 20 18 17 15 14 13 14 12 12 12 12 11 10 10 10 9 9 9 8 8 8 8 8 8 8 8 8 7 7 8 8 8 9 9 10 9 10 11 10 12 11 13 13 12 12 12 11 11 12 11 11 12 12 13 15 13 12 11 11 10 10 10 10 9 9 9 9 9 10 10
21 23 27 23 22 24 25 27 25 24 25 27 29 29 28 27 25 22 19 17 16 16 16 15 15 15 16 17 17 16 14 14 14 13 13 13 12 11 11 10 10 9 9 9 9 8 8 8 8 8 8 8 8 7 8 8 8 8 9 9 9 10 11 12 12 12 12 13 13 13 12 12 12 11 11 11 11 12 12 14 15 13 12 12 11 11 10 10 10 10 9 9 9 10 10 11
20 24 28 24 21 21 22 24 24 26 26 27 28 29 27 26 25 23 20 19 18 17 17 16 15 15 16 16 17 16 15 15 13 13 14 14 13 12 11 11 10 10 9 9 9 8 8 8 8 8 8 8 8 8 8 8 8 8 9 9 10 10 11 12 12 11 13 13 14 14 13 12 12 12 12 11 11 12 13 13 15 13 12 11 11 11 11 10 10 9 9 9 10 10 10 11
20 21 26 26 23 22 22 24 27 30 30 29 28 27 26 25 25 23 22 20 18 17 17 16 16 16 16 16 17 16 15 15 14 14 15 15 13 12 12 12 10 10 10 9 9 8 8 9 9 9 10 8 8 8 8 8 8 8 9 9 10 11 12 13 13 13 12 14 15 15 13 13 13 13 12 12 12 12 13 13 13 14 12 11 11 11 11 10 10 10 9 9 10 11 10 11
20 22 30 29 24 23 24 25 27 28 30 28 27 25 24 25 25 24 23 21 19 18 18 18 18 18 17 17 18 17 16 15 15 15 16 15 14 13 13 12 11 11 10 10 10 10 9 9 11 11 9 9 9 9 10 10 9 9 9 9 10 11 12 13 14 14 13 14 17 15 14 14 14 14 13 12 12 13 13 13 12 13 13 12 11 11 11 11 11 11 10 10 10 10 10 10
20 20 23 25 21 21 24 28 29 30 29 26 24 24 26 27 27 25 24 21 20 19 19 19 18 17 18 17 17 17 17 17 16 17 17 16 16 14 14 14 14 13 11 11 13 12 11 12 14 13 10 9 9 10 11 10 9 9 9 9 10 11 12 13 15 16 15 14 14 14 14 14 15 15 14 13 13 14 13 12 12 12 14 13 11 11 11 11 11 10 10 10 10 11 11 11
20 20 24 32 25 21 22 27 30 27 26 24 24 26 28 27 26 24 23 21 20 21 21 19 19 19 19 18 18 18 19 18 19 20 19 19 17 16 16 16 15 14 15 14 13 13 14 15 14 12 10 9 9 10 10 9 9 8 9 10 10 11 12 14 17 18 16 13 13 13 14 15 15 15 14 13 13 12 12 12 12 12 12 14 12 12 12 11 11 11 12 12 11 12 13 13
19 19 24 33 28 23 21 22 25 24 24 23 25 28 28 27 25 24 23 23 23 25 22 21 20 20 20 19 20 20 21 21 21 23 21 21 19 20 19 19 19 18 16 13 12 12 13 12 11 10 10 9 9 9 9 9 9 9 9 10 11 12 12 13 15 15 13 12 12 12 14 18 19 17 16 14 12 12 12 12 12 12 13 12 12 12 12 12 13 13 14 14 15 15 15 14
18 18 21 30 31 25 22 21 24 25 27 23 24 27 26 25 26 27 25 24 26 28 22 21 21 21 20 21 22 25 25 26 25 24 24 26 22 24 22 23 22 19 16 14 14 14 13 11 11 11 11 10 9 9 9 8 9 9 10 10 11 11 11 12 15 14 11 12 16 15 16 19 18 15 15 14 13 12 12 12 12 13 13 12 12 12 13 13 13 14 14 14 14 14 14 13
18 18 18 27 31 28 25 22 25 28 27 26 25 25 25 26 27 27 25 26 28 25 22 22 22 22 22 21 24 27 31 31 30 26 27 28 26 27 25 25 22 20 18 17 16 16 16 13 13 17 17 12 11 10 9 8 9 10 10 10 10 11 12 12 14 13 10 11 13 16 18 19 19 19 17 16 13 12 12 12 12 13 12 12 12 13 14 13 12 12 12 13 13 13 13 13
18 18 18 25 31 29 26 26 25 26 26 27 27 26 24 26 27 26 26 25 24 24 26 26 25 26 26 23 24 26 28 32 30 27 27 30 28 28 27 27 25 26 22 21 21 22 20 19 19 20 17 15 14 12 10 10 10 11 12 12 12 11 11 12 12 13 11 12 12 14 17 18 17 18 18 17 14 13 13 12 11 11 12 13 13 14 15 14 14 14 14 13 13 13 13 14
18 18 18 22 29 31 29 30 29 27 27 29 29 27 25 27 28 27 26 26 28 28 28 31 31 28 25 25 25 30 32 33 31 31 31 31 30 28 28 28 28 27 27 29 28 25 24 25 23 20 18 18 16 16 14 13 12 12 12 12 12 12 12 12 10 11 10 9 8 9 10 13 14 16 18 18 17 14 12 11 11 12 11 12 13 15 15 15 16 16 15 13 13 13 15 16
18 18 20 24 29 33 33 31 30 28 28 30 32 29 26 28 29 29 29 28 30 33 33 34 33 29 28 26 29 31 34 34 34 34 33 34 33 32 32 34 33 34 32 36 34 29 30 28 27 25 22 19 17 16 15 14 14 15 15 17 16 16 18 17 17 15 15 12 9 9 8 8 9 10 12 17 18 17 12 10 11 11 13 13 16 15 15 14 16 17 17 14 14 14 15 17
18 18 23 25 28 29 30 29 30 28 29 31 30 28 27 28 30 32 31 29 31 33 30 30 32 33 32 31 32 35 35 36 37 36 35 36 36 36 34 40 38 37 36 37 36 38 37 33 35 32 28 24 23 22 23 23 23 24 23 22 19 18 19 17 17 16 17 16 14 13 13 10 8 8 9 11 15 15 14 11 11 13 14 14 14 14 14 13 15 16 15 14 14 15 16 17
18 18 19 21 25 27 26 27 29 29 29 29 29 29 27 28 29 30 29 28 31 30 34 33 30 34 34 36 35 37 38 38 37 38 38 38 38 39 40 39 34 33 31 31 36 34 34 30 30 34 35 32 31 27 25 25 23 24 22 22 19 20 19 16 16 16 16 15 16 14 16 15 13 11 9 10 11 11 11 12 14 14 12 12 12 13 13 13 14 16 14 14 15 16 18 18
18 19 19 20 22 27 28 29 30 30 29 28 28 29 28 27 27 27 29 31 33 32 35 36 35 34 35 37 38 39 38 38 39 36 35 37 37 34 36 42 38 34 32 28 37 35 31 27 32 33 31 33 31 28 25 23 23 22 23 20 19 18 18 17 17 17 16 15 15 15 18 15 15 15 10 10 10 10 11 12 14 15 15 13 13 13 13 13 14 16 16 15 16 17 18 19
19 19 19 19 21 27 30 32 33 34 30 29 29 28 29 28 27 27 31 34 35 35 36 37 36 35 36 34 36 38 34 35 38 35 31 38 36 31 37 34 41 36 32 25 33 34 31 25 30 30 27 29 30 26 24 22 21 20 19 19 18 17 17 16 16 16 17 16 16 15 15 15 15 15 13 12 11 11 11 12 13 14 15 16 14 13 13 14 15 15 15 16 18 19 19 20
20 19 19 20 21 30 32 33 32 34 34 31 30 27 28 28 27 27 29 29 32 33 34 34 34 32 32 34 34 34 34 34 36 34 29 34 35 29 34 31 35 35 32 26 25 28 27 26 23 25 26 24 21 20 22 21 18 19 18 16 16 15 14 15 16 15 16 16 16 16 17 16 14 13 15 16 13 12 13 13 13 14 14 15 15 14 14 14 15 15 17 18 18 19 19 20
20 19 19 21 22 29 34 36 35 35 35 33 31 27 27 27 27 26 27 29 29 29 30 32 31 33 29 35 34 33 30 33 36 33 30 27 31 31 28 25 29 29 27 29 20 19 24 25 21 18 24 22 20 18 19 20 18 17 16 13 12 12 12 13 15 17 16 14 14 14 14 17 14 15 17 19 17 16 15 14 14 15 14 14 14 15 14 14 15 17 18 18 18 19 20 20
20 19 19 21 23 30 33 34 37 35 33 29 28 25 27 28 27 27 27 28 28 29 31 31 33 33 28 32 36 34 30 27 30 31 31 25 25 30 31 25 22 22 22 23 20 17 18 20 16 16 19 17 16 15 15 15 13 12 13 11 12 12 11 12 13 13 12 11 11 11 12 16 13 15 16 17 18 18 18 17 17 17 15 15 16 14 14 15 16 17 17 18 18 19 20 21
20 19 19 21 28 34 36 37 33 32 32 28 25 24 24 26 27 28 29 29 30 30 30 31 31 32 29 27 33 33 34 30 26 24 28 29 23 21 23 20 20 20 18 18 17 16 15 15 14 14 14 14 14 14 16 17 14 12 12 12 12 12 11 11 11 11 11 10 10 12 16 12 10 11 13 15 15 15 17 17 17 18 18 18 16 14 17 16 16 16 17 18 19 19 20 21
22 19 22 25 26 25 30 34 29 31 30 26 24 24 24 24 26 28 30 32 31 31 31 30 29 28 29 28 29 28 27 28 32 26 21 23 22 20 19 19 19 18 18 16 16 15 14 14 13 13 13 12 13 13 15 15 13 12 12 11 11 11 11 11 12 13 13 12 15 17 15 13 13 12 11 12 12 14 14 14 15 16 15 15 14 14 16 17 16 17 18 19 19 20 21 22
25 22 21 23 22 22 28 30 30 29 26 25 24 25 26 26 27 29 32 33 31 30 30 29 28 26 26 26 24 24 23 25 28 25 22 20 18 17 17 17 17 17 16 15 15 14 14 13 13 13 12 12 12 13 13 13 13 13 12 12 11 11 11 10 10 10 10 13 16 18 18 18 18 18 16 17 17 18 18 17 17 16 15 13 14 15 16 17 17 18 19 19 20 20 22 24
23 21 19 19 20 21 26 30 36 30 26 25 25 24 25 28 27 30 32 34 31 30 29 33 30 27 26 26 26 22 20 21 24 26 24 19 20 19 17 17 17 16 16 15 15 13 13 13 13 12 12 12 12 12 12 12 12 13 13 13 12 11 10 10 10 10 11 12 15 19 19 19 19 18 17 18 19 19 19 18 17 17 16 16 16 16 18 18 19 20 20 20 21 22 23 23
21 20 18 19 19 20 21 26 29 28 25 26 28 26 24 27 29 28 30 31 30 28 27 29 30 29 28 26 31 27 21 18 19 20 19 17 19 19 18 17 16 16 16 15 15 13 12 12 11 12 11 11 11 12 12 12 12 12 13 13 12 11 10 10 11 11 13 15 16 14 15 17 18 18 19 19 19 19 19 18 17 16 16 16 16 17 18 18 19 20 21 21 22 24 25 25
23 24 20 18 19 19 21 22 24 29 30 26 27 28 27 28 30 29 28 29 31 31 27 26 26 27 25 22 24 24 20 18 19 18 19 17 18 17 16 15 16 16 15 15 14 13 12 11 11 11 11 10 11 11 11 11 11 11 12 11 11 11 11 11 11 11 11 11 12 12 13 14 16 19 21 19 18 18 17 17 17 16 14 15 15 16 17 17 17 18 20 23 23 24 25 26
23 28 24 19 19 19 20 21 22 28 32 31 27 26 26 28 30 30 27 26 29 30 27 25 23 22 21 19 18 17 17 16 18 20 19 17 16 17 16 14 15 15 14 14 13 12 12 11 11 10 10 10 10 11 11 11 11 11 11 11 11 12 11 11 11 12 12 12 12 12 12 14 15 15 15 15 14 14 14 13 15 16 14 14 15 15 18 17 17 18 19 21 22 22 25 27
22 26 23 19 19 19 20 20 21 27 32 28 24 25 25 26 27 30 27 24 25 27 27 24 23 21 19 19 18 18 16 16 16 17 15 15 15 16 15 14 14 15 13 13 12 12 12 11 11 11 10 10 10 10 10 11 11 11 11 11 12 12 12 12 12 13 13 13 13 13 13 13 13 13 13 13 14 13 13 13 14 14 14 14 15 17 18 17 17 17 18 19 22 25 25 26
21 22 19 19 19 19 20 20 20 24 27 25 24 25 25 26 25 28 29 26 24 24 23 23 24 23 22 20 19 18 17 18 18 16 15 15 15 15 16 16 15 15 14 13 12 12 12 11 11 11 11 11 11 10 10 10 11 11 11 12 12 13 13 13 13 13 13 12 13 13 13 13 13 13 13 13 14 14 14 13 13 14 14 15 15 16 16 16 17 18 19 21 23 24 25 25
