inputs/cropped_bioclim_tortoise/wc2.1_2.5m_bio_12_band1.asc
ncols        480
nrows        504
xllcorner    -120.000000000000
yllcorner    24.000000000000
cellsize     0.041666666667
[rows 80 to 119 of 504, columns 0 to 90 of 480]
380 417 403 344 337 341 354 340 320 313 315 329 320 310 320 353 332 309 307 297 301 297 329 305 268 240 221 236 321 391 453 341 293 243 220 221 219 217 224 238 253 236 216 217 217 238 294 301 244 234 236 244 251 258 296 338 373 414 388 402 384 372 315 296 308 308 303 299 300 295 289 283 282 279 273 272 277 279 279 278 276 275 279 279 283 284 282 280 286 292 307
371 397 396 350 336 332 331 332 322 316 316 324 338 332 297 336 336 322 320 293 279 301 319 297 281 288 249 238 276 358 309 275 311 244 212 209 209 214 213 220 245 239 223 221 218 221 270 282 240 235 237 249 255 263 321 381 422 344 301 307 356 355 305 276 286 301 297 288 283 285 282 283 279 279 268 272 275 279 278 278 276 277 283 290 288 288 277 283 286 293 316
350 436 426 362 337 332 333 333 342 333 325 331 348 328 295 287 296 297 323 313 294 281 285 295 326 342 281 249 258 290 242 242 292 271 217 209 208 208 207 211 238 235 217 219 218 220 259 269 243 233 234 247 257 268 338 421 393 315 274 260 270 306 274 267 286 328 304 293 290 279 274 271 267 265 269 276 276 277 279 279 278 281 282 293 290 292 282 297 297 301 303
333 434 431 360 337 331 328 327 369 377 358 335 320 295 286 273 277 295 305 314 304 298 278 315 365 371 295 260 232 219 219 232 269 243 210 209 207 216 207 209 222 221 216 220 218 219 256 254 235 232 236 246 252 258 303 390 413 299 256 252 253 256 276 282 295 304 288 277 263 263 269 256 267 263 271 279 279 280 282 282 279 281 285 293 297 300 289 335 343 329 316
322 398 414 361 336 329 322 320 363 361 343 327 298 281 275 279 278 306 293 294 274 255 270 365 444 410 311 233 214 208 212 212 222 216 210 207 216 246 215 210 211 212 216 217 218 218 236 232 228 230 235 242 248 263 340 434 384 285 253 245 243 243 252 277 283 273 258 259 245 254 270 250 268 281 275 286 287 283 283 294 291 285 296 305 318 343 310 308 309 306 306
320 402 369 349 355 346 324 325 346 352 315 305 296 282 276 283 287 305 280 268 240 237 262 327 363 305 267 209 205 208 209 208 208 209 206 207 217 256 219 215 215 213 216 215 217 217 225 224 228 230 229 232 243 276 398 421 317 263 246 238 234 239 237 245 247 243 244 246 238 239 256 291 291 276 276 286 293 289 286 298 299 304 337 381 361 376 327 357 354 333 319
327 392 362 348 349 356 345 326 324 354 320 307 304 280 276 299 310 293 242 225 225 263 280 324 359 294 223 206 209 209 206 206 207 205 210 208 233 276 242 251 235 217 217 219 218 218 219 223 226 226 227 229 238 257 320 383 300 253 236 233 231 240 245 235 232 232 233 235 236 248 265 302 316 305 287 300 296 294 293 306 322 344 346 356 344 376 374 387 383 360 353
359 439 405 370 368 345 350 335 323 321 328 320 303 292 273 268 292 258 221 214 234 326 300 293 282 257 218 201 204 207 204 207 206 207 213 224 334 348 297 296 241 221 218 220 226 219 218 234 236 227 222 222 245 253 259 297 283 238 228 227 232 273 261 233 229 229 235 242 239 253 285 343 366 345 317 316 330 312 309 321 322 318 307 312 314 344 379 443 447 416 368
358 398 442 412 420 402 339 330 338 341 333 340 329 305 296 282 250 240 224 217 228 300 315 297 248 222 214 201 200 206 203 203 203 206 206 244 293 358 405 294 228 216 214 214 214 214 220 252 262 229 220 222 246 276 262 241 233 227 231 227 230 255 256 235 228 230 244 268 252 255 287 321 367 387 340 328 374 341 330 298 277 277 280 288 305 343 379 440 386 359 318
323 451 450 407 386 361 323 313 322 333 326 310 306 297 289 280 248 255 238 214 207 246 352 331 251 217 214 201 199 198 201 200 201 205 220 289 276 328 371 257 216 211 213 211 211 214 222 250 268 227 219 222 243 296 262 228 224 223 222 221 230 260 245 237 235 249 252 263 245 248 266 313 373 392 365 349 360 333 290 268 263 272 285 296 299 309 359 377 363 318 295
306 410 408 355 347 328 332 337 343 312 291 278 272 279 304 288 249 271 275 226 204 208 237 253 221 205 199 198 197 197 198 196 201 212 294 303 240 261 247 220 210 213 212 208 208 215 230 254 262 232 220 223 242 310 281 232 226 223 218 220 245 295 242 237 269 303 252 235 233 241 253 276 313 400 417 356 297 279 262 257 262 272 275 272 277 290 316 329 350 321 297
296 371 371 321 319 320 342 355 331 303 295 277 285 293 308 292 265 283 331 248 203 200 202 231 220 202 196 198 196 195 195 196 201 223 331 262 220 210 207 209 209 208 207 206 208 213 232 264 269 236 224 225 240 316 268 233 226 223 217 223 258 281 242 269 346 323 245 230 228 233 240 268 292 300 263 262 258 254 257 256 265 288 306 293 278 297 308 319 364 366 343
302 322 330 304 323 364 367 344 318 294 291 286 310 338 307 289 284 311 343 263 207 199 199 201 216 203 197 196 196 193 194 197 198 220 297 237 210 209 207 205 207 205 205 204 205 209 223 248 247 222 213 214 227 268 242 229 222 215 213 221 265 252 252 318 364 291 231 223 217 224 226 227 224 226 247 270 254 251 266 280 301 298 298 309 287 293 310 339 386 411 391
361 293 284 287 311 343 334 337 323 298 298 297 318 381 312 291 301 354 339 241 201 196 195 195 200 207 196 195 192 192 195 196 196 224 253 236 210 204 202 205 206 204 203 204 205 208 215 226 224 213 209 211 220 232 231 217 210 209 208 213 219 225 264 317 256 229 219 217 212 215 218 218 222 251 268 268 271 282 276 278 290 296 285 293 278 281 305 352 409 410 387
355 280 276 279 286 301 302 312 311 326 341 341 335 354 303 263 271 286 317 251 207 198 196 194 208 203 191 194 194 191 188 197 203 220 234 256 220 206 206 217 218 202 202 202 203 208 211 217 215 209 210 212 223 240 217 209 210 208 207 214 217 255 260 226 210 206 209 210 210 213 213 216 223 233 266 312 296 264 248 257 279 263 256 270 269 280 288 334 401 426 399
307 276 274 272 276 286 279 279 292 321 398 376 302 270 257 236 240 236 299 242 199 196 196 193 216 208 191 190 189 190 188 197 216 240 239 254 235 208 200 204 204 202 202 201 204 220 231 228 226 221 223 229 243 264 217 206 204 213 203 202 210 253 229 204 205 208 207 208 211 210 211 216 222 236 276 328 275 247 236 239 244 244 249 263 281 272 266 291 354 365 328
322 286 276 279 269 271 265 273 288 310 347 351 327 250 224 222 211 218 254 229 196 197 195 194 197 192 191 189 186 185 186 191 206 222 228 223 229 222 199 203 201 201 201 201 202 244 252 225 210 220 217 215 221 232 210 216 231 252 217 199 200 220 212 203 205 205 205 207 210 207 211 216 222 242 279 274 253 236 232 232 239 241 250 264 264 246 260 268 332 315 284
366 341 317 308 275 265 268 280 291 319 311 317 310 261 219 214 210 208 227 205 195 197 199 193 191 188 188 187 182 182 183 188 195 201 205 207 217 216 201 203 199 198 196 199 201 203 206 205 207 211 216 209 207 209 217 241 283 314 254 214 204 208 232 226 214 204 207 207 205 208 210 213 217 234 237 241 246 234 232 234 265 250 255 270 244 243 255 286 335 298 274
380 375 342 336 285 285 297 318 306 308 280 307 328 255 221 215 211 205 200 199 198 197 196 191 189 187 184 182 181 182 185 191 200 199 202 204 202 205 200 201 200 199 196 207 213 213 202 203 205 207 212 208 211 213 226 290 382 377 289 240 222 238 248 227 214 209 207 208 207 204 210 212 214 219 222 245 254 241 243 240 301 265 274 260 229 228 231 281 331 272 264
372 373 349 330 300 278 305 328 308 283 246 262 349 359 270 211 207 202 198 198 196 195 191 189 184 182 182 182 182 184 188 214 225 204 216 228 211 194 196 196 197 197 227 274 257 223 204 201 206 224 234 229 210 210 234 311 369 428 309 250 232 250 222 207 211 211 208 209 208 208 208 212 213 217 229 246 252 253 253 252 263 250 248 229 224 219 220 260 311 265 251
334 328 313 310 290 284 311 315 316 290 250 233 266 419 314 213 204 201 198 196 194 190 188 185 185 190 188 187 187 190 208 232 233 216 228 241 234 203 192 197 210 205 259 303 262 213 202 203 216 262 301 254 212 212 225 264 342 342 323 270 240 229 208 212 225 219 220 211 213 212 214 215 216 223 251 291 280 272 274 281 277 226 216 217 218 219 223 250 283 280 269
316 307 287 275 279 299 315 322 319 290 253 226 225 352 380 229 208 202 198 195 193 191 191 202 192 193 192 190 190 193 198 218 229 216 225 230 247 213 198 190 193 203 231 238 223 202 202 205 227 265 282 253 212 211 215 240 314 302 365 290 224 217 232 275 284 249 252 234 220 214 214 213 216 219 242 326 314 305 295 275 226 213 213 215 218 223 230 264 310 339 288
323 318 292 264 260 297 322 324 300 276 227 214 216 235 292 234 213 200 198 195 198 201 216 209 194 202 219 193 209 222 199 215 214 219 242 234 218 207 194 189 190 195 217 202 198 197 200 204 220 239 269 280 220 210 213 221 259 300 302 250 221 236 283 293 254 241 252 249 239 228 215 213 215 215 227 298 331 300 245 215 210 211 211 214 219 231 242 292 349 373 293
319 311 297 269 250 260 275 285 273 232 216 214 213 208 218 217 203 200 217 198 204 235 242 210 200 217 223 197 203 200 195 196 199 210 247 251 241 210 192 186 187 191 190 192 194 196 199 205 209 217 231 273 241 214 213 214 239 301 282 233 233 265 255 244 237 236 255 280 327 289 234 219 216 217 215 228 236 218 214 214 210 223 235 224 219 240 251 289 340 335 284
275 286 307 268 246 236 235 244 233 219 216 212 209 207 208 204 201 222 223 200 216 240 224 212 224 223 206 199 208 209 205 201 197 207 227 266 250 221 191 182 185 188 186 194 201 204 206 206 210 216 241 286 248 221 218 217 227 256 265 242 249 265 261 246 235 248 287 351 352 346 266 230 218 222 222 217 216 222 261 277 294 285 267 225 215 228 240 269 294 321 306
261 264 273 265 242 234 228 226 223 223 217 212 221 206 204 201 211 262 222 206 217 219 219 240 243 234 204 205 225 250 235 205 209 205 206 213 223 217 188 179 180 188 200 235 251 244 211 206 217 257 286 300 244 223 222 221 225 262 265 261 297 354 288 247 235 251 313 366 368 350 282 246 222 220 220 217 214 227 288 330 279 237 228 219 220 232 235 245 260 274 276
262 257 271 260 239 234 231 228 222 219 225 234 216 206 203 199 212 240 226 209 212 217 214 237 255 226 206 222 257 301 248 217 218 216 214 197 198 205 183 180 177 187 239 360 327 239 209 206 230 289 322 298 249 238 242 227 224 236 255 280 354 370 272 237 232 243 281 294 309 292 247 230 222 224 221 218 217 225 260 285 246 234 243 235 220 223 224 233 247 259 283
293 288 256 248 238 237 233 227 222 236 272 250 215 208 206 208 224 261 227 206 206 205 204 216 247 203 209 252 294 260 206 189 186 195 212 194 184 186 189 179 177 194 247 378 322 223 205 202 225 295 299 280 263 286 277 241 240 233 252 293 339 296 249 231 228 228 240 248 259 262 230 225 227 229 223 226 225 230 267 296 265 257 236 227 222 227 240 272 291 278 324
306 292 258 245 241 242 233 229 225 254 296 247 219 209 212 213 227 276 224 208 201 197 195 204 217 190 206 235 263 224 188 180 180 185 199 199 199 197 198 179 175 190 242 354 270 211 202 198 202 225 253 244 274 309 296 259 249 237 249 313 352 261 233 229 226 228 228 229 230 232 230 227 226 229 245 279 286 285 294 342 301 244 225 224 224 235 257 301 296 263 327
300 320 271 248 247 244 237 231 234 260 301 250 222 211 213 225 226 275 238 206 198 192 191 188 187 182 184 203 218 186 174 174 179 194 214 223 212 191 183 177 174 186 247 361 270 209 196 194 193 201 216 243 298 328 270 240 233 234 261 343 363 248 229 231 233 234 236 232 230 236 231 234 240 268 346 374 322 338 344 321 270 236 224 226 238 262 261 257 250 287 336
295 314 288 257 249 244 237 233 269 323 317 244 219 210 213 230 222 303 230 202 196 193 190 200 198 182 173 191 186 172 172 177 188 215 260 243 210 191 182 170 171 185 248 368 276 212 191 190 192 196 206 228 277 315 257 231 227 238 307 421 316 239 232 234 232 230 263 244 230 235 232 243 259 326 414 435 346 365 336 281 252 235 227 230 231 235 237 243 266 332 329
293 302 270 262 252 243 237 237 260 287 278 237 216 211 214 213 213 256 211 200 196 195 196 209 188 171 169 184 170 171 180 184 199 226 258 230 201 181 173 166 170 176 229 319 259 211 188 187 193 192 199 216 251 311 264 228 226 248 305 378 290 234 229 228 231 248 265 235 233 230 236 248 283 364 412 411 334 317 315 268 245 233 231 231 230 239 262 326 385 377 316
294 294 267 266 255 249 240 241 239 243 253 247 221 220 229 202 196 212 203 200 194 195 197 188 170 166 162 164 168 180 190 196 205 218 232 205 178 164 158 160 171 185 217 258 254 226 192 186 189 194 200 225 260 293 271 229 229 267 279 306 274 237 232 237 269 300 272 244 235 234 243 274 312 347 366 393 324 300 288 260 239 234 232 231 236 278 360 389 388 334 297
290 288 287 272 261 251 246 244 236 231 228 242 256 246 235 197 194 199 203 207 205 211 248 196 175 168 162 161 173 201 213 202 190 187 179 166 153 150 154 169 191 221 213 236 286 236 195 187 188 193 203 256 324 300 243 226 237 291 285 255 244 248 273 270 296 324 292 261 247 239 254 291 341 363 319 319 303 293 265 243 236 236 235 260 306 350 395 375 327 298 286
291 284 282 272 264 260 261 247 238 227 224 229 282 267 223 198 195 204 212 229 225 238 263 192 175 168 161 161 172 206 248 204 177 167 157 149 149 151 153 174 198 209 202 207 290 255 195 182 186 193 198 224 247 249 227 221 236 279 259 233 235 268 310 289 280 279 298 282 250 239 260 308 329 319 284 280 264 274 251 238 235 236 268 342 352 357 376 324 292 284 274
299 293 284 274 266 258 252 241 239 234 226 220 280 304 216 195 194 210 236 247 238 235 209 177 167 164 160 162 168 190 215 196 176 161 147 148 149 147 160 203 212 197 183 203 244 220 184 178 185 188 193 219 258 234 217 213 227 254 231 220 242 306 378 332 307 283 266 250 245 241 261 316 342 315 267 258 261 248 246 242 254 297 369 385 347 331 325 304 282 274 273
304 297 290 276 271 264 248 246 240 231 224 217 264 271 212 194 195 218 247 224 231 222 195 178 165 163 162 164 175 199 209 172 161 161 150 145 147 148 150 185 191 167 168 184 189 179 175 179 181 186 201 234 271 224 222 208 206 219 213 210 252 322 344 313 321 299 266 242 242 244 279 352 344 302 260 261 276 261 276 290 320 331 407 374 322 296 287 279 278 280 283
310 302 297 280 286 299 253 246 238 231 224 217 254 280 218 196 194 223 232 213 222 232 202 177 167 161 160 165 175 203 211 164 149 148 147 147 147 148 149 190 181 159 162 167 170 169 172 177 182 194 210 250 248 204 201 193 190 196 201 225 244 287 294 269 270 274 254 248 250 259 310 378 311 267 267 297 283 284 311 333 313 288 355 335 299 285 283 282 285 286 292
326 304 310 343 368 366 283 245 238 232 227 217 219 247 209 196 194 216 246 210 206 226 203 181 170 162 158 161 172 194 176 155 145 146 144 144 146 147 172 188 160 153 158 163 166 168 172 184 205 231 235 270 219 177 179 183 187 192 223 270 249 247 248 249 244 245 248 251 257 289 333 319 265 257 301 337 310 323 374 364 293 287 298 309 303 311 309 306 296 292 297
447 324 316 368 418 448 411 266 237 233 227 219 217 240 204 193 189 213 233 207 201 213 201 181 168 162 160 159 174 188 173 151 145 144 141 144 146 157 161 155 148 151 153 158 175 172 187 228 275 253 244 245 176 170 174 180 189 212 288 310 251 241 243 246 246 249 247 251 270 314 315 264 258 263 283 315 321 335 360 347 288 290 289 324 366 369 335 303 298 294 297
