inputs/cropped_bioclim_tortoise/wc2.1_2.5m_bio_14_band1.asc
ncols        480
nrows        504
xllcorner    -120.000000000000
yllcorner    24.000000000000
cellsize     0.041666666667
[rows 58 to 115 of 504, columns 96 to 191 of 480]
10 10 9 9 9 8 8 8 8 8 8 8 8 8 8 9 9 9 9 8 9 8 8 8 8 8 8 7 7 8 8 8 7 7 7 7 7 7 7 7 7 7 7 7 7 8 8 8 9 9 9 9 9 10 10 11 12 13 14 15 17 16 16 15 15 15 15 15 16 18 23 24 23 22 21 21 22 25 27 29 25 22 22 22 25 28 26 25 25 23 22 22 24 27 29 27
10 10 10 10 9 9 8 8 8 8 8 9 8 9 9 9 9 9 10 9 9 9 9 9 8 8 8 8 8 8 8 8 8 8 8 7 7 7 7 7 8 8 8 8 8 8 8 9 9 10 10 10 10 10 11 12 13 14 16 16 17 15 15 14 14 14 14 17 18 19 26 26 25 23 23 22 22 24 28 29 26 23 22 23 28 28 26 24 25 23 23 22 24 26 29 29
11 10 10 10 10 9 9 9 9 8 8 9 9 9 9 9 10 10 10 10 9 9 9 9 9 8 8 8 9 9 9 9 9 9 9 9 9 8 8 8 8 8 9 8 8 9 9 10 11 12 11 11 11 12 12 13 14 16 20 16 21 15 13 13 13 13 14 16 17 20 26 27 27 25 24 23 23 24 29 30 30 24 22 24 27 26 26 27 27 25 23 23 23 25 28 30
11 11 11 10 10 10 9 9 9 9 9 10 10 10 10 9 10 10 11 10 10 10 10 9 9 9 9 9 9 9 9 10 10 10 9 10 10 9 9 8 9 9 9 9 9 10 10 11 12 12 12 12 13 13 14 15 16 17 16 16 21 14 12 12 12 12 13 16 19 23 28 28 29 28 25 23 23 25 31 30 29 24 23 25 27 25 27 27 29 27 24 23 24 24 26 28
12 11 11 11 10 10 9 10 10 9 9 10 11 11 11 10 10 11 11 11 11 10 10 10 10 10 10 10 9 10 10 10 11 11 10 10 10 10 10 11 11 11 12 11 12 12 11 12 12 13 13 13 14 15 16 18 23 18 16 16 23 16 11 11 11 11 12 15 20 26 27 28 29 29 26 24 23 25 30 28 28 25 23 26 25 25 26 28 31 30 26 24 24 24 25 26
13 11 11 11 11 10 10 10 9 10 10 10 11 11 11 11 11 11 11 12 12 11 11 11 11 11 11 11 11 11 11 11 11 11 11 11 12 12 13 15 13 15 16 15 19 17 14 13 14 14 14 15 15 16 18 25 26 26 23 20 25 23 12 9 9 11 12 14 17 24 26 28 27 29 27 25 25 28 30 27 26 24 24 28 26 24 26 31 32 30 27 26 25 27 26 25
13 12 11 11 11 11 11 9 9 10 10 10 11 11 11 11 11 11 11 12 12 12 12 12 12 12 12 12 12 12 12 12 12 12 12 12 15 15 16 17 16 16 18 20 22 21 19 16 15 15 15 16 16 17 21 28 31 30 28 24 22 18 11 9 9 11 12 14 16 20 23 27 28 28 27 26 26 26 27 28 26 24 26 28 26 24 25 29 32 30 27 27 28 30 28 24
13 13 12 11 11 11 11 10 11 11 11 11 11 11 12 12 12 12 12 13 13 13 13 13 13 13 13 13 13 13 13 13 12 12 13 13 16 18 19 20 21 19 20 23 24 23 20 19 17 16 16 16 17 18 25 27 26 25 21 17 15 12 10 9 10 11 12 15 16 19 23 27 28 27 27 27 26 25 25 26 25 24 28 29 28 27 25 25 26 28 26 25 29 32 28 25
13 13 13 12 12 11 11 11 11 11 11 11 11 12 12 12 13 13 13 13 14 14 14 14 14 14 14 14 14 13 13 13 13 13 13 14 16 19 19 20 23 22 21 25 26 24 23 22 19 16 16 16 18 20 26 29 27 22 18 24 23 15 11 10 10 11 14 22 23 20 21 24 26 27 27 27 27 25 24 24 23 23 26 29 29 28 26 24 24 24 25 25 27 30 31 24
14 13 14 13 12 12 12 11 12 12 12 12 12 12 13 13 13 13 13 14 14 15 15 15 15 15 14 14 15 14 13 13 14 14 15 15 17 18 19 21 23 24 24 26 25 26 25 22 19 17 17 19 19 25 29 32 32 27 20 27 27 19 13 11 11 12 16 23 28 27 24 23 24 25 26 27 27 25 26 23 23 23 25 27 28 29 26 23 23 23 24 27 27 29 30 26
14 14 14 13 12 12 12 11 13 13 13 13 12 13 13 13 13 13 13 14 14 15 15 16 16 17 17 18 18 14 14 14 16 18 18 17 18 18 19 21 23 24 26 26 24 21 20 20 20 18 20 25 24 26 30 28 24 20 19 27 25 18 14 12 12 13 17 23 29 30 27 23 21 21 23 26 26 25 25 23 23 24 27 25 26 27 25 23 23 22 23 28 28 29 31 27
15 14 14 13 13 13 13 12 13 14 13 13 13 13 13 14 14 14 14 14 15 16 16 16 17 19 20 22 19 14 14 15 17 20 18 18 18 18 19 20 23 23 25 25 24 22 23 22 20 17 21 26 27 25 28 25 20 17 17 22 25 17 14 13 13 14 17 23 29 30 29 24 19 19 21 24 25 25 23 22 22 24 28 25 24 25 26 24 23 23 23 28 29 28 28 27
16 16 15 13 13 13 14 13 13 14 14 14 14 14 14 14 14 15 14 15 15 16 18 19 20 22 22 22 16 14 14 15 17 19 18 17 18 18 18 20 23 22 25 24 25 22 20 21 20 18 22 27 27 25 25 25 19 17 16 16 17 15 14 14 14 15 17 22 28 27 26 22 18 18 19 20 23 23 22 22 23 28 27 24 24 25 30 31 27 24 23 26 29 28 26 26
18 17 17 16 14 15 14 14 13 14 14 14 15 15 14 14 15 15 15 16 17 19 21 22 22 22 21 20 16 16 14 16 16 17 17 17 18 18 18 20 23 23 23 23 22 20 18 19 18 19 22 26 25 23 24 24 18 18 17 18 18 18 18 17 16 17 17 20 24 22 21 18 17 17 18 19 22 23 22 22 23 28 27 24 24 24 27 29 28 25 23 25 28 27 25 25
18 16 16 18 17 16 16 14 13 15 16 16 16 16 16 17 17 18 18 18 19 21 24 21 21 21 20 21 17 16 15 15 14 15 16 18 19 19 19 20 23 22 21 22 20 19 17 18 18 20 24 27 25 22 25 25 19 20 21 23 26 25 25 26 24 21 20 19 18 18 18 17 17 17 18 18 20 22 22 22 23 26 26 24 25 25 27 28 27 24 23 24 29 26 25 25
18 17 17 19 19 17 16 13 15 18 19 20 19 18 19 20 20 21 21 21 21 24 24 20 19 18 20 20 18 17 15 14 14 15 17 19 21 21 20 20 23 22 20 20 19 18 18 18 21 23 26 28 28 24 22 23 21 22 24 26 28 31 33 32 29 28 27 24 18 17 16 16 17 17 17 18 20 21 21 24 24 25 25 24 24 25 27 29 28 26 23 23 27 28 25 24
17 18 18 19 19 18 17 14 14 17 20 22 21 19 22 24 22 25 25 24 23 23 22 20 18 17 20 19 20 19 15 13 14 15 17 21 24 24 22 21 20 21 19 18 18 17 18 20 22 24 26 26 26 24 22 25 26 26 26 28 32 33 34 34 33 29 27 22 18 16 16 16 16 17 17 19 20 21 23 26 25 23 24 24 23 24 26 26 27 26 24 23 25 27 25 24
14 15 16 20 20 17 16 16 16 15 17 19 23 21 28 27 22 26 27 24 22 21 19 19 17 19 19 20 20 17 14 14 16 15 17 21 24 24 22 20 18 18 18 17 17 18 20 22 23 22 24 25 24 25 23 25 26 25 27 26 26 25 26 25 24 24 21 19 17 15 16 18 17 17 18 21 21 22 23 25 23 22 24 24 22 22 24 25 25 27 26 23 23 23 25 24
15 14 15 17 18 18 17 18 20 17 17 24 25 23 27 29 25 28 27 22 19 18 18 17 17 18 20 23 20 16 13 18 21 18 18 22 23 22 20 20 19 18 19 18 19 20 22 25 25 23 21 22 22 27 25 26 24 23 22 21 20 20 20 20 20 19 18 17 15 15 15 17 16 17 19 20 21 22 22 22 21 23 25 25 22 22 23 25 24 26 26 24 22 23 23 25
15 14 15 17 18 18 18 19 21 21 17 25 22 26 27 29 28 26 23 20 18 17 17 16 18 17 19 22 20 16 14 18 22 19 20 21 22 20 19 19 19 20 20 20 20 22 23 24 24 23 21 21 22 25 27 26 24 22 20 19 18 17 17 17 17 17 17 15 14 15 15 16 16 17 18 19 23 22 20 20 20 21 25 25 21 21 22 25 24 23 26 24 22 23 25 25
15 15 16 18 17 17 18 18 20 18 17 19 20 23 23 25 26 23 20 18 17 17 17 18 20 20 18 17 16 16 19 21 22 19 19 20 20 18 17 18 20 21 22 23 23 23 23 21 21 21 20 20 21 25 28 23 21 20 20 18 17 17 16 16 16 16 17 15 15 15 15 16 16 17 18 20 21 20 19 19 19 21 25 24 21 20 22 24 23 21 23 22 22 22 27 25
18 19 19 17 16 16 17 17 20 19 18 17 20 22 21 24 24 21 18 18 17 17 17 19 21 20 18 15 15 19 23 23 22 21 19 19 18 16 17 19 21 22 21 22 23 24 24 21 19 19 19 19 21 26 28 21 20 18 18 18 19 17 17 17 16 17 18 17 15 15 15 16 17 17 18 19 19 19 19 20 20 23 23 22 22 20 24 24 22 20 21 21 21 21 26 28
21 20 20 17 16 17 18 18 20 19 17 16 18 20 20 22 19 19 18 18 18 17 18 20 19 19 17 15 16 18 19 20 23 23 20 19 17 15 16 21 23 24 21 20 21 23 22 21 19 18 18 19 21 24 23 21 19 19 17 18 19 18 19 20 17 16 17 16 15 16 16 17 17 18 19 19 19 19 19 21 21 23 22 21 20 19 21 22 20 20 20 21 21 21 23 31
21 19 18 17 16 17 19 19 19 20 18 16 18 19 19 18 17 17 17 18 20 20 21 21 19 17 17 16 16 17 19 21 24 22 19 18 16 15 16 19 21 24 22 20 19 22 23 21 19 17 17 19 20 23 22 20 19 17 16 16 17 17 19 19 19 16 16 17 17 16 16 17 18 18 18 18 19 19 19 20 20 22 22 22 19 19 19 19 20 20 22 21 21 21 21 27
22 22 18 17 16 17 18 18 18 18 18 17 16 17 18 18 17 16 16 17 19 22 24 23 20 18 17 17 16 17 18 20 22 19 18 16 14 15 15 16 18 21 21 20 18 21 22 21 19 16 16 18 20 22 22 19 18 16 15 15 16 17 16 15 15 15 15 17 18 16 16 16 18 18 18 18 19 19 19 19 19 21 24 23 19 19 19 19 19 20 20 20 20 21 21 23
27 23 17 16 16 18 18 16 18 19 18 17 16 16 18 20 17 16 16 16 18 22 24 24 20 18 17 17 16 17 18 20 18 16 15 15 16 18 16 15 15 16 17 18 18 22 21 20 18 15 15 18 20 22 21 19 18 15 14 14 15 15 14 14 14 15 16 18 21 17 16 17 18 17 18 18 18 18 18 18 18 19 23 25 20 19 19 19 19 19 20 20 20 21 21 21
24 19 17 16 16 17 17 16 16 17 17 16 16 16 18 20 17 16 15 16 17 20 23 23 22 19 17 17 16 17 18 19 16 15 15 15 19 21 19 16 15 15 16 16 19 21 20 18 17 14 14 16 18 18 19 20 15 14 14 14 15 13 13 14 14 15 18 22 22 21 17 17 18 17 18 18 18 18 18 18 18 18 21 23 23 18 19 19 19 19 19 20 20 20 21 22
22 18 17 16 15 16 18 17 15 15 17 16 18 19 18 18 17 15 15 15 16 17 19 23 22 19 17 16 17 16 16 17 15 15 15 17 19 20 17 16 19 20 18 14 16 17 18 17 14 13 14 14 14 14 13 13 12 12 13 13 14 13 13 13 14 15 20 23 22 21 18 17 17 18 18 18 18 18 18 18 18 18 18 20 24 19 18 19 19 19 19 19 19 20 20 24
20 19 16 15 15 16 18 17 15 15 15 16 19 21 18 17 17 15 14 15 15 16 17 18 20 18 17 17 18 16 15 15 16 15 16 16 17 17 17 19 21 22 19 14 15 14 14 14 13 13 13 12 12 12 12 12 12 12 12 12 13 13 13 13 13 16 20 21 21 18 17 17 17 18 17 17 18 18 18 18 18 18 18 20 25 20 18 19 19 19 19 19 19 19 20 23
20 19 16 15 14 14 16 16 14 14 14 17 19 19 18 17 18 16 14 14 14 15 17 17 20 20 18 18 17 16 16 17 17 16 16 17 17 18 18 21 23 20 16 13 13 13 12 12 12 12 12 12 12 13 12 11 11 12 12 12 12 13 13 13 13 14 18 18 18 17 16 17 17 17 17 16 17 17 17 18 18 18 18 19 21 20 18 18 19 19 19 19 19 19 19 21
20 18 16 15 14 14 14 14 14 14 14 15 16 17 18 18 16 14 14 14 14 14 15 17 22 19 17 17 17 18 19 18 17 16 16 17 18 19 21 23 21 17 14 12 12 12 13 16 15 12 12 11 11 11 11 11 11 11 12 12 12 13 13 13 13 14 15 15 17 17 16 17 17 17 17 17 17 17 17 17 17 17 18 18 21 24 19 18 18 18 18 19 19 19 19 20
17 16 15 15 14 14 14 14 15 15 14 14 14 15 16 16 14 13 13 14 13 14 14 14 15 18 15 16 16 18 21 19 18 17 17 17 18 19 21 22 19 15 13 12 12 13 15 22 17 13 11 10 11 11 11 11 11 11 11 12 12 12 13 13 14 14 14 15 15 17 16 16 16 17 17 17 17 17 17 17 17 17 17 17 20 23 19 18 18 18 18 19 19 19 19 20
16 15 14 14 14 13 14 16 17 16 15 13 14 14 14 15 14 13 13 13 13 13 13 13 14 17 17 16 17 18 20 18 17 17 17 17 18 19 23 24 19 14 12 12 12 13 17 23 17 13 11 10 10 11 10 11 10 10 11 12 12 12 14 17 14 14 14 15 15 16 16 16 16 16 16 17 17 17 17 17 17 17 17 17 18 20 18 18 18 18 18 18 19 19 19 19
16 15 14 15 13 14 15 18 18 16 14 14 13 14 14 13 13 13 13 13 13 13 13 13 15 18 15 16 19 17 17 17 18 19 19 18 18 19 21 22 19 14 13 12 12 14 17 24 17 12 10 10 9 9 10 10 10 10 11 11 12 12 15 18 13 13 14 15 15 16 16 16 16 16 17 18 17 17 17 17 17 17 17 17 17 17 17 18 17 18 18 18 18 18 18 19
19 16 14 14 14 14 16 17 17 15 13 12 13 14 14 14 13 13 13 13 13 13 13 13 13 14 14 15 18 17 16 16 20 22 22 20 18 18 18 18 17 17 15 12 12 12 16 24 13 9 9 10 9 9 10 10 10 10 11 11 11 12 16 14 13 14 14 15 15 15 16 16 16 17 18 17 16 16 16 16 17 17 17 17 17 17 17 17 18 17 18 18 18 18 18 20
19 16 14 14 14 16 19 17 14 13 13 12 14 15 13 13 13 13 12 12 13 14 14 14 13 13 14 16 17 16 15 15 17 20 22 20 18 18 18 18 20 22 18 12 11 12 17 21 10 8 9 9 9 12 10 9 10 10 11 11 11 12 14 13 13 14 14 15 14 14 15 15 16 16 19 17 16 16 16 16 17 17 17 17 17 17 17 17 17 17 17 17 17 18 18 19
16 14 14 14 15 17 18 15 13 12 12 12 14 13 12 12 12 13 13 13 17 22 18 18 14 15 18 21 19 15 14 15 16 21 21 19 17 17 17 19 21 23 16 11 11 18 27 19 9 8 8 9 9 11 9 9 10 10 10 11 11 12 15 13 13 14 14 13 14 15 15 17 17 16 18 16 16 16 16 16 16 17 16 17 17 17 17 17 17 17 17 17 17 18 18 18
14 13 14 14 16 17 17 13 12 11 12 11 13 12 12 12 12 13 13 16 22 30 21 16 14 15 17 22 21 16 14 14 15 22 22 18 16 16 17 20 22 19 13 10 13 24 28 15 9 8 8 8 8 9 8 8 9 9 10 11 11 11 13 14 13 13 14 13 14 15 16 17 17 16 17 15 16 16 16 16 16 16 16 16 16 17 17 17 17 17 18 18 17 17 18 18
12 14 15 15 16 16 14 12 11 11 11 11 12 11 12 12 13 13 15 19 25 29 19 15 13 14 16 20 20 16 14 14 16 23 25 18 16 16 17 19 22 17 12 10 13 21 15 9 7 7 7 9 15 14 12 10 9 9 10 10 11 11 11 12 12 13 13 13 14 16 19 17 16 15 16 17 15 15 16 16 16 16 16 16 16 16 17 17 17 17 20 18 17 17 18 18
12 13 15 16 16 14 11 10 10 11 11 11 11 11 12 12 12 15 18 23 30 29 17 14 13 13 14 16 16 14 14 14 16 24 23 16 15 16 16 17 19 16 10 8 9 12 8 7 7 7 8 11 18 15 13 9 8 9 10 10 10 11 11 12 12 12 12 13 14 17 21 18 15 15 15 18 17 15 15 16 16 16 16 16 16 16 16 17 17 17 19 19 18 17 18 18
12 13 15 14 12 11 10 10 15 14 11 11 11 11 12 12 13 16 21 24 30 29 17 13 13 13 13 14 14 14 14 14 15 23 19 15 15 15 16 17 18 15 10 7 7 7 6 6 6 6 8 11 13 7 7 7 8 9 9 10 10 11 11 12 12 12 12 14 14 15 18 17 15 15 16 18 20 16 15 15 16 16 16 17 16 16 16 16 17 17 17 19 18 18 17 18
11 13 14 11 10 10 9 11 13 11 11 11 11 12 12 12 13 16 18 18 22 24 19 13 13 13 13 13 13 13 14 14 14 20 17 15 15 15 15 18 20 17 10 7 7 7 7 6 7 9 9 6 6 7 7 8 8 9 9 10 10 11 11 11 12 12 12 13 14 14 15 17 15 15 16 17 21 18 15 15 15 16 16 19 18 16 16 17 17 17 17 18 17 17 17 18
11 13 11 9 9 9 11 12 11 11 11 11 12 12 13 13 15 22 20 17 18 22 18 13 13 13 13 13 13 13 14 14 14 19 16 14 15 15 15 16 20 20 12 9 8 13 12 9 10 8 6 6 6 7 7 8 8 8 9 9 10 10 11 11 11 12 12 13 13 14 14 16 15 15 17 16 17 17 15 15 15 15 16 17 18 16 16 17 17 17 17 17 17 18 18 18
11 10 9 9 10 12 12 10 10 11 12 12 13 13 15 18 22 27 22 17 16 20 16 13 13 13 13 14 15 14 14 14 14 18 16 14 14 15 15 16 21 20 16 10 8 11 14 9 6 5 5 5 6 7 7 8 8 8 9 9 9 9 11 10 11 12 12 13 13 13 14 15 15 17 20 16 15 15 15 15 15 15 16 16 16 16 16 17 17 17 17 17 17 17 18 18
11 9 11 10 11 11 10 10 11 11 12 13 14 15 18 22 27 26 18 15 16 19 16 14 13 13 14 14 16 14 14 14 14 16 16 14 14 15 15 16 21 22 19 11 8 7 6 5 5 5 5 5 5 6 7 8 8 8 8 8 8 9 10 11 11 12 12 13 13 13 13 14 16 19 21 16 14 14 15 15 16 15 15 16 16 16 17 17 17 17 18 18 19 19 18 18
11 12 14 10 11 10 10 11 11 12 13 15 18 24 26 28 29 18 15 15 15 16 15 14 14 14 14 14 17 15 14 14 17 22 17 15 15 15 15 16 21 22 17 10 7 5 4 4 4 6 6 5 5 6 6 7 8 8 8 8 8 9 10 10 10 11 12 12 13 13 14 15 17 21 17 15 14 14 15 15 20 19 16 16 16 16 16 17 17 17 25 29 25 21 19 19
14 13 12 10 10 10 10 11 12 12 15 22 27 26 28 31 24 16 15 15 15 16 15 15 14 14 14 16 18 15 15 16 21 26 20 15 15 15 15 16 21 23 17 11 8 7 5 4 4 4 5 5 5 6 7 7 8 8 8 9 9 9 9 10 11 12 12 12 12 13 15 16 19 20 16 14 14 14 14 15 22 28 20 16 16 16 16 17 17 19 26 31 27 24 22 21
14 12 10 10 11 12 11 11 12 14 16 21 28 31 33 27 19 15 15 15 15 15 16 16 15 15 16 21 22 18 17 19 25 23 18 15 15 15 15 16 23 20 17 13 8 6 4 4 4 4 5 6 6 7 7 8 8 8 8 8 9 9 9 10 10 11 11 12 12 13 14 16 21 21 16 14 14 14 15 17 25 31 23 18 17 17 17 17 18 19 27 33 30 25 23 21
13 12 11 12 12 13 11 12 13 13 15 18 22 28 31 22 16 15 14 14 14 15 16 18 16 16 18 23 28 22 21 21 20 18 15 15 15 15 15 16 24 22 16 11 8 6 5 4 4 5 5 5 5 6 6 7 8 8 8 8 8 9 9 9 10 10 11 12 12 12 13 15 22 20 15 14 14 14 16 20 26 30 23 20 18 18 18 19 20 21 24 30 29 25 23 21
15 13 14 13 13 12 11 11 12 14 18 24 26 29 26 17 14 14 14 14 14 15 16 17 16 16 18 26 24 21 23 20 17 15 15 15 15 15 15 18 25 25 18 13 9 7 6 5 5 5 5 5 6 6 6 7 7 8 8 8 8 9 9 10 11 11 11 12 12 12 13 16 24 20 15 14 13 14 16 21 31 31 25 22 20 18 18 20 22 24 29 32 29 26 23 21
15 14 15 14 15 12 11 12 12 14 19 26 31 27 21 15 14 14 14 14 15 15 15 15 15 16 17 19 19 18 18 17 16 15 15 15 15 15 15 18 25 24 19 17 11 9 8 6 5 5 6 6 6 6 7 7 7 7 8 8 8 9 10 10 12 12 11 12 12 12 14 17 22 20 15 13 13 14 15 24 37 35 28 24 21 22 22 22 27 28 33 33 31 27 25 24
19 17 16 14 14 12 11 11 12 14 18 23 29 21 15 14 14 14 14 15 15 15 15 15 15 15 16 17 17 16 16 15 15 15 15 16 15 15 15 15 19 27 21 18 13 11 9 7 6 6 6 6 6 7 7 7 7 7 7 8 8 9 9 10 12 11 11 12 12 12 14 20 20 16 14 13 13 14 16 22 33 36 32 25 22 21 21 22 27 31 35 34 30 28 26 26
20 18 15 14 13 12 11 12 12 16 20 26 28 17 14 14 14 14 14 15 15 15 16 16 15 16 16 18 17 16 15 15 15 16 19 18 16 15 15 14 16 23 19 14 12 10 8 7 6 6 6 6 6 6 7 7 7 7 7 8 8 8 9 10 9 10 11 11 11 11 13 19 18 16 14 13 14 14 15 18 26 35 32 28 22 20 20 22 26 34 32 35 30 26 24 23
18 16 14 13 12 12 12 12 13 15 18 21 20 14 14 14 14 14 15 16 16 16 16 18 16 18 18 17 16 16 15 15 15 18 23 21 18 16 16 15 14 17 17 14 11 9 8 7 7 7 7 7 7 6 7 7 7 7 7 8 8 9 9 10 10 10 11 11 11 11 12 18 19 18 16 14 14 14 15 16 20 26 27 24 21 20 20 22 24 28 32 34 31 24 22 21
19 16 14 13 12 12 12 13 14 16 18 19 18 14 14 14 15 16 18 18 18 17 16 15 16 22 21 18 16 16 15 15 16 18 23 21 20 17 15 14 15 20 20 14 12 11 10 9 8 8 7 7 7 6 7 7 7 7 8 8 8 9 9 10 10 11 11 11 11 11 12 13 14 17 16 16 15 14 15 15 17 21 26 23 21 20 20 21 22 24 28 29 27 22 21 20
18 18 15 13 12 12 12 13 15 19 23 22 15 14 14 15 15 17 18 22 22 20 17 16 18 25 25 20 16 15 16 16 17 18 19 19 19 17 15 15 17 22 19 15 14 14 13 13 10 10 9 8 6 6 6 7 7 7 7 8 8 9 9 10 10 11 11 11 11 11 11 11 11 13 15 16 17 16 15 15 16 20 29 25 22 20 20 20 21 21 23 25 23 21 21 20
16 17 14 13 12 12 13 13 15 19 27 26 14 14 15 16 16 16 18 22 25 22 18 17 18 23 26 22 17 16 16 16 18 19 19 19 20 18 18 16 16 17 20 18 16 15 16 13 10 12 14 18 11 7 7 7 7 7 7 8 8 9 9 10 10 11 11 11 11 11 11 11 11 11 12 13 15 16 15 16 17 21 29 27 23 21 20 20 20 20 21 22 22 20 20 20
14 14 14 14 13 13 13 14 16 21 29 23 14 15 16 20 18 17 18 19 19 21 19 17 17 22 27 21 19 17 16 16 17 18 17 18 21 20 20 19 16 17 20 18 16 15 14 13 12 14 15 15 11 9 8 7 7 7 8 8 8 9 9 10 11 11 11 11 11 11 11 11 11 11 11 12 14 15 15 16 18 21 27 25 22 21 20 20 20 20 20 21 22 20 20 20
