inputs/cropped_bioclim_tortoise/wc2.1_2.5m_bio_12_band1.asc
ncols        480
nrows        504
xllcorner    -120.000000000000
yllcorner    24.000000000000
cellsize     0.041666666667
[rows 240 to 279 of 504, columns 182 to 272 of 480]
391 395 398 407 430 445 480 526 522 479 524 575 590 594 599 596 591 585 583 584 586 590 561 551 544 532 517 477 453 427 399 373 353 341 320 299 282 268 255 245 235 225 222 221 218 223 222 220 220 224 225 225 224 223 224 228 226 227 222 223 226 227 227 226 229 230 236 240 252 266 285 299 298 292 300 301 281 287 295 294 295 282 280 294 311 336 345 357 344 361 369
404 402 395 398 409 423 448 456 465 470 549 528 590 601 596 621 610 598 592 590 591 599 574 564 560 547 529 503 470 448 418 393 372 355 339 319 300 289 276 262 253 247 241 239 235 227 226 227 225 225 224 225 232 226 228 224 224 226 226 228 229 228 228 233 234 238 243 249 259 269 281 293 287 287 292 283 276 284 299 296 282 275 280 294 307 321 344 359 361 360 373
404 400 400 400 396 402 420 439 453 534 482 486 519 531 563 578 596 607 601 597 598 600 595 585 577 559 544 523 489 465 439 412 392 377 384 352 321 306 294 283 271 265 263 257 248 243 240 240 235 234 234 232 232 231 230 228 229 229 234 236 242 245 236 237 242 247 253 255 258 264 280 291 289 284 276 269 274 290 289 277 272 269 284 299 311 322 329 350 360 353 361
414 417 423 430 428 429 438 434 397 435 460 453 465 478 499 500 594 619 613 605 603 607 607 601 594 576 558 538 515 491 459 438 417 397 384 364 365 328 316 303 290 285 280 274 268 260 260 258 256 249 247 246 245 243 240 238 235 240 241 241 245 253 247 248 248 251 252 252 255 265 279 282 274 267 264 263 277 281 273 269 268 268 278 292 304 315 328 342 334 334 335
427 442 463 467 464 471 488 451 394 402 442 423 422 437 451 503 582 604 618 614 612 615 622 615 619 585 565 549 532 509 485 462 446 424 400 384 400 351 334 323 312 303 296 296 286 280 280 279 272 266 263 263 262 258 254 248 240 242 243 246 249 249 254 253 250 249 249 250 257 266 275 274 263 258 263 267 265 267 258 265 269 272 277 286 299 310 317 322 319 315 328
434 443 467 495 506 553 554 454 396 381 398 401 401 505 530 457 516 577 608 613 615 617 627 624 623 604 580 560 541 528 507 484 463 445 429 407 398 373 354 343 331 322 316 311 308 302 301 299 290 284 280 275 271 269 262 257 248 246 250 249 248 249 251 251 250 256 255 254 255 263 274 267 259 258 265 265 253 257 271 273 285 286 285 287 296 306 309 308 310 328 323
450 449 465 490 521 598 607 537 429 384 377 385 380 430 428 440 533 560 599 620 622 620 621 621 621 601 586 575 553 539 523 499 481 466 444 431 424 403 381 368 356 346 336 328 322 326 323 314 309 306 300 291 283 277 270 264 258 253 251 252 251 250 250 253 263 260 254 256 265 271 265 261 255 256 255 254 252 255 266 280 298 306 305 296 290 295 306 306 306 311 313
461 462 469 498 521 584 635 608 482 407 382 374 380 390 384 398 425 518 571 609 618 624 624 622 616 605 596 587 569 552 538 518 501 482 465 454 440 430 408 395 380 369 360 347 338 336 345 338 330 322 317 307 298 291 284 277 265 262 263 262 262 257 261 265 263 257 257 264 266 262 261 257 253 250 253 253 257 265 269 286 299 307 311 314 315 308 318 321 319 315 313
480 475 476 494 517 566 614 602 537 440 400 379 382 390 376 393 411 512 590 616 631 629 634 635 626 614 608 593 580 566 553 540 521 500 485 470 460 447 434 420 403 389 379 369 354 349 347 341 337 333 332 322 314 303 295 286 280 275 276 272 269 264 264 265 266 265 259 259 268 259 257 257 255 255 256 261 264 265 269 276 286 294 293 307 330 331 333 335 335 327 322
498 492 489 489 499 542 581 567 569 519 426 401 379 380 398 417 435 525 611 623 629 626 630 640 634 625 620 614 599 583 569 552 533 516 498 484 475 461 449 435 425 413 409 397 382 371 362 352 342 336 335 330 326 316 305 296 288 290 291 287 280 277 276 273 270 275 270 266 266 263 263 261 261 259 256 257 261 263 270 271 271 278 285 288 297 315 321 331 343 340 319
514 508 500 488 493 515 523 542 549 545 518 486 401 386 408 417 440 534 606 588 617 621 634 640 638 637 631 625 617 604 584 573 555 535 516 497 485 477 465 459 449 443 431 419 410 396 389 378 359 353 356 343 337 332 317 312 303 304 304 300 297 296 292 287 286 285 285 277 280 283 275 269 266 265 267 268 263 263 265 268 273 282 279 282 286 285 287 293 311 320 299
532 556 530 497 484 515 498 494 495 501 515 527 469 401 402 411 435 516 565 625 640 647 657 655 651 650 644 636 625 613 602 589 577 560 535 519 498 493 484 480 471 463 455 443 427 422 409 397 384 375 377 365 346 339 326 318 318 319 321 314 321 317 311 301 298 293 295 290 300 300 285 277 280 275 270 279 273 270 267 267 268 270 279 283 282 277 280 278 280 285 283
588 576 541 502 490 503 492 480 474 503 522 558 595 481 415 422 453 529 621 637 629 633 665 670 669 666 662 653 644 634 623 607 600 584 565 546 531 517 506 501 494 485 473 461 450 441 429 419 411 400 391 378 365 349 340 329 328 326 340 337 337 351 335 320 319 312 318 315 319 309 289 288 287 281 279 285 287 285 279 275 277 272 273 277 281 280 278 274 276 278 282
618 597 545 504 491 471 469 469 463 483 506 550 601 544 453 436 501 516 581 604 570 628 673 672 680 679 675 659 665 656 641 626 622 603 594 576 560 539 533 520 515 502 494 475 470 460 453 445 432 421 411 395 383 376 360 348 343 343 350 356 364 384 381 351 354 353 344 342 333 306 300 299 291 287 287 293 298 298 300 293 291 287 291 290 291 287 283 280 282 282 282
608 595 567 515 486 480 458 457 460 475 492 522 556 581 524 452 498 512 499 567 619 646 649 643 670 613 619 600 644 666 664 649 644 633 619 608 588 561 563 553 539 527 512 495 490 481 474 468 458 447 433 425 413 406 387 377 371 368 379 387 385 391 411 411 396 376 364 351 337 330 316 306 297 307 299 299 305 302 306 308 305 293 293 293 293 295 290 287 293 294 295
563 545 522 500 488 475 467 453 461 479 490 511 551 602 641 519 468 476 505 579 629 643 630 602 614 586 600 583 592 615 647 612 638 637 636 628 606 604 595 581 570 546 534 521 515 505 504 497 488 470 453 456 442 433 414 398 405 402 396 399 410 411 421 434 402 389 379 368 361 344 327 317 306 297 306 308 308 307 311 313 313 305 306 304 297 300 300 299 309 315 338
551 530 501 478 453 464 468 461 455 486 501 527 564 601 640 585 484 471 499 559 588 579 578 580 577 549 550 571 599 625 617 588 583 603 611 622 623 623 609 605 598 582 575 558 547 546 537 537 525 505 496 487 466 465 443 427 436 442 437 432 430 442 458 458 431 419 401 403 396 364 341 324 318 303 302 305 311 313 317 321 323 316 325 315 315 317 317 318 330 340 359
531 557 534 480 439 435 444 456 453 470 500 521 564 599 592 564 527 473 487 495 521 532 519 528 544 565 570 554 551 571 589 574 567 612 612 598 599 627 589 585 590 591 592 569 552 547 531 529 532 531 536 526 502 506 475 460 462 462 465 470 483 483 479 480 475 452 436 452 437 393 363 336 321 313 311 307 305 318 325 327 333 332 336 336 333 340 328 320 329 336 346
577 618 562 494 452 433 417 444 464 481 498 537 563 530 499 509 502 460 518 559 539 505 502 509 543 568 567 549 534 556 543 523 518 555 566 590 597 606 599 569 564 594 594 563 534 523 518 508 524 534 545 545 529 517 517 511 500 490 512 522 531 542 549 546 525 496 493 502 475 442 403 358 332 321 315 313 310 318 329 343 352 362 377 371 353 341 334 334 338 351 341
544 586 585 591 491 421 427 447 475 490 510 562 563 494 483 477 466 461 521 568 593 615 552 519 529 548 561 553 513 515 523 540 548 542 554 576 591 594 599 582 558 567 602 572 561 513 502 512 508 521 537 552 524 506 517 519 520 524 538 570 585 601 602 599 583 557 550 546 534 496 459 397 346 326 322 327 338 327 336 347 364 373 374 369 368 357 345 349 358 345 347
525 523 586 585 511 414 430 430 467 490 501 538 557 513 486 472 440 471 524 587 605 654 664 534 506 511 526 504 496 512 529 548 574 564 570 559 571 590 596 580 547 534 588 572 524 508 535 502 512 504 516 524 502 507 496 496 514 537 555 599 629 631 631 623 623 627 616 616 608 553 477 432 378 342 330 330 343 346 338 344 358 379 384 388 396 373 356 355 366 373 380
492 459 483 506 509 420 392 403 445 487 526 539 551 516 540 509 434 439 479 540 590 603 678 574 515 493 502 479 539 542 576 541 536 560 555 539 569 577 584 562 536 543 554 556 526 489 500 521 500 492 491 503 502 503 500 502 516 525 567 611 650 662 649 636 629 637 641 662 659 612 533 471 408 372 344 361 363 371 369 360 375 389 407 406 410 395 375 377 404 424 419
436 418 425 443 438 402 366 404 454 516 559 537 566 533 504 525 418 428 464 517 545 602 667 623 517 492 483 495 536 548 598 581 540 580 596 564 522 571 558 545 517 523 550 535 532 498 474 500 533 520 462 496 493 498 535 579 570 571 576 626 657 641 617 638 628 624 635 661 656 633 566 512 493 503 443 433 415 401 402 399 395 425 450 438 431 419 415 401 444 479 457
403 397 396 410 404 369 360 397 453 525 508 507 546 545 499 487 400 420 452 497 531 607 678 618 565 510 482 495 563 612 600 584 564 565 607 595 524 546 558 549 509 504 544 542 509 488 469 483 513 538 461 464 480 500 531 583 560 568 612 584 552 565 636 649 645 631 637 649 655 644 600 570 584 595 554 482 434 407 444 468 438 454 477 474 453 459 459 418 412 411 431
385 381 362 354 364 350 367 395 428 468 493 499 504 513 547 488 399 396 443 502 566 626 627 619 557 510 477 510 567 621 623 603 586 600 614 574 527 550 551 524 492 481 538 536 539 496 469 491 514 524 473 454 484 515 501 527 545 542 590 533 520 631 682 672 663 670 688 707 687 668 638 627 626 622 606 547 462 445 525 557 499 524 515 461 414 419 425 410 402 400 402
389 358 331 322 347 370 367 374 399 461 506 464 522 524 533 517 460 407 411 473 548 601 575 581 595 502 465 483 536 597 641 640 613 610 636 578 530 593 559 538 516 481 542 535 545 530 477 493 517 532 480 454 471 500 480 486 511 564 549 492 514 598 658 662 670 690 735 782 758 695 668 638 614 611 601 565 471 492 566 636 525 511 497 430 414 411 412 424 416 399 399
362 345 325 311 350 336 344 367 363 398 433 418 491 534 506 523 507 462 402 426 513 556 559 590 623 501 463 472 507 539 566 591 604 599 631 646 525 564 581 560 529 487 526 538 531 494 489 530 534 532 481 457 468 471 479 509 551 560 515 477 513 596 660 666 676 697 738 753 782 709 661 632 621 594 579 566 561 569 580 603 504 498 484 429 413 410 435 448 432 421 388
337 323 309 301 313 308 318 329 340 367 372 379 435 467 472 466 471 460 418 395 474 555 548 545 598 544 463 460 491 538 546 554 545 621 613 667 598 510 554 575 545 492 475 491 471 484 519 514 502 514 485 470 470 470 497 510 525 524 495 501 520 532 587 614 655 677 704 717 702 678 649 624 619 597 559 566 580 557 512 526 482 471 453 425 407 416 447 449 428 399 380
304 304 289 274 286 288 300 313 316 325 343 375 399 427 443 420 408 386 384 433 524 505 496 581 621 584 476 447 455 485 562 541 547 616 640 693 671 504 473 486 481 455 433 463 480 450 481 469 463 466 461 464 484 492 489 511 491 484 472 479 500 532 554 625 658 645 644 647 649 646 632 591 570 560 551 561 576 591 544 502 483 465 437 427 434 434 438 399 399 380 375
269 266 265 256 268 274 277 287 299 307 328 352 379 411 428 407 382 355 367 447 518 469 473 564 632 604 529 468 441 456 501 506 511 505 556 636 572 525 439 462 469 420 454 490 532 497 504 504 506 506 461 458 483 498 475 494 475 477 506 499 578 610 632 645 627 614 610 624 619 606 580 550 529 513 526 559 522 518 535 504 458 442 447 461 484 462 421 376 375 378 396
242 241 238 245 253 261 264 267 281 287 309 330 357 397 411 389 367 347 349 413 454 425 464 549 599 626 568 496 458 425 438 449 456 458 480 526 511 484 435 450 434 449 491 544 556 558 546 537 548 532 525 483 464 469 488 493 529 539 546 544 559 566 596 599 585 609 639 619 602 578 556 528 522 509 513 528 544 509 475 459 428 446 508 480 455 418 390 372 377 388 417
223 226 222 230 239 242 242 249 260 269 284 300 319 361 438 381 353 334 335 373 389 424 460 505 549 616 643 552 495 457 419 415 421 425 435 460 481 438 429 433 446 474 504 588 598 577 578 579 555 569 543 536 504 482 498 532 524 535 538 539 535 535 546 555 580 595 609 600 583 550 522 534 568 614 602 566 555 510 471 451 459 493 516 481 428 405 414 378 384 409 461
212 209 214 222 221 225 231 237 244 253 263 272 286 314 410 370 336 321 328 356 379 414 434 433 495 557 590 609 476 447 481 449 417 408 404 420 453 436 426 459 498 502 510 575 582 534 573 594 583 591 574 556 561 543 516 494 521 522 522 523 519 518 533 555 601 622 601 594 564 523 545 596 603 625 638 600 560 469 443 415 455 486 467 446 413 419 415 398 436 433 434
201 200 207 210 212 218 222 230 245 247 249 257 262 277 324 347 320 307 320 351 373 374 385 405 459 472 448 480 418 454 529 499 445 423 417 430 444 507 508 482 547 533 509 542 550 509 533 571 589 588 586 586 557 553 556 517 521 526 514 515 508 509 514 538 572 581 547 525 542 536 586 614 639 653 614 548 468 441 418 423 466 473 441 436 416 426 400 413 448 454 431
184 182 189 200 205 208 216 218 225 250 252 247 251 259 274 294 302 310 306 320 347 351 361 384 410 441 477 455 470 493 527 530 472 478 455 490 472 498 522 567 607 539 506 497 535 485 479 522 560 541 525 545 523 531 537 555 525 517 512 503 501 497 510 534 527 513 526 537 529 513 534 574 600 609 586 520 445 419 457 470 498 461 423 437 415 403 414 445 467 460 455
176 178 179 190 196 202 209 210 211 224 240 245 243 251 262 268 275 293 329 340 368 406 381 387 403 441 468 501 513 570 579 562 536 507 481 510 485 458 498 550 599 551 511 475 471 464 448 476 489 480 482 494 509 505 523 554 557 539 539 530 526 513 511 522 506 502 505 510 496 475 462 477 489 507 512 464 424 445 513 505 527 479 419 408 399 421 440 454 496 499 505
173 176 178 185 189 192 200 203 204 212 221 230 235 240 250 259 272 294 335 363 374 379 378 403 416 477 523 509 533 593 627 586 524 482 494 540 504 467 483 539 539 534 502 470 443 433 425 441 462 462 462 467 482 502 512 538 561 589 565 545 525 524 505 498 493 510 536 540 494 456 454 486 509 524 476 453 423 416 442 461 473 447 415 400 401 413 436 464 492 520 581
178 178 177 182 185 189 191 193 200 203 211 217 222 234 244 252 267 279 300 314 325 341 376 486 472 477 491 518 538 589 603 550 523 492 521 582 533 485 478 520 498 499 497 470 438 422 408 413 437 433 451 458 463 481 472 484 513 547 576 581 538 527 519 507 496 503 515 524 500 460 440 487 536 551 484 481 426 410 422 428 447 431 413 402 401 416 438 458 506 578 583
175 175 174 179 181 185 190 193 196 200 203 209 217 227 237 242 253 266 280 293 307 318 335 375 434 425 438 459 494 509 566 568 557 523 513 554 504 494 486 491 484 467 458 449 431 414 404 396 412 435 458 463 475 493 497 486 488 479 511 561 584 564 539 509 494 486 485 493 497 462 432 458 488 503 485 454 425 412 417 440 450 428 416 409 403 415 463 482 525 538 553
186 187 183 177 178 184 193 208 231 240 210 210 214 223 232 238 249 261 270 280 292 303 318 332 345 367 409 414 440 450 485 531 586 577 566 554 586 563 523 504 483 459 447 437 428 413 400 394 421 462 455 456 481 497 507 502 486 478 482 489 577 616 583 532 499 500 492 475 469 437 422 448 478 479 475 456 449 411 437 500 481 449 441 434 411 416 476 507 546 603 621
