inputs/cropped_bioclim_colombia/bclim1.asc
ncols        216
nrows        228
xllcorner    -76.000000000000
yllcorner    -4.500000000000
cellsize     0.041666666667
[rows 198 to 215 of 228, columns 40 to 79 of 216]
25.977666854858398438 25.968000411987304688 26.015333175659179688 25.99250030517578125 25.911832809448242188 25.921833038330078125 25.993665695190429688 26.069166183471679688 26.106332778930664062 26.063167572021484375 26.06349945068359375 26.041666030883789062 26.014499664306640625 26.006166458129882812 26.053167343139648438 26.07866668701171875 26.062999725341796875 26.069499969482421875 26.089834213256835938 26.131999969482421875 26.13683319091796875 26.138166427612304688 26.1811676025390625 26.229833602905273438 26.187999725341796875 26.235500335693359375 26.272832870483398438 26.214666366577148438 26.109666824340820312 26.118333816528320312 26.189167022705078125 26.231332778930664062 26.248332977294921875 26.339166641235351562 26.331666946411132812 26.2736663818359375 26.225999832153320312 26.167165756225585938 26.152666091918945312 26.104000091552734375
26.029333114624023438 26.054332733154296875 26.051166534423828125 25.9915008544921875 25.89550018310546875 25.916166305541992188 25.966333389282226562 26.020000457763671875 26.09149932861328125 26.125833511352539062 26.0796661376953125 26.072666168212890625 26.04633331298828125 26.0063323974609375 26.0388336181640625 26.060832977294921875 26.042165756225585938 26.054332733154296875 26.059499740600585938 26.066333770751953125 26.078166961669921875 26.120166778564453125 26.1464996337890625 26.207000732421875 26.243000030517578125 26.248167037963867188 26.270999908447265625 26.115667343139648438 26.103834152221679688 26.1616668701171875 26.216833114624023438 26.266500473022460938 26.333665847778320312 26.354000091552734375 26.332500457763671875 26.364500045776367188 26.3448333740234375 26.285333633422851562 26.252666473388671875 26.21233367919921875
25.969667434692382812 26.001667022705078125 26.08716583251953125 26.024499893188476562 25.969333648681640625 25.952333450317382812 25.943332672119140625 25.945499420166015625 26.026166915893554688 26.086500167846679688 26.134332656860351562 26.11750030517578125 26.078332901000976562 26.04416656494140625 26.03549957275390625 26.083499908447265625 26.067499160766601562 26.077999114990234375 26.088666915893554688 26.072000503540039062 26.067667007446289062 26.106000900268554688 26.143667221069335938 26.21016693115234375 26.2458343505859375 26.26300048828125 26.27466583251953125 26.144166946411132812 26.121999740600585938 26.193332672119140625 26.287166595458984375 26.319334030151367188 26.298334121704101562 26.325834274291992188 26.3231658935546875 26.32433319091796875 26.317667007446289062 26.264665603637695312 26.274333953857421875 26.278667449951171875
25.921833038330078125 25.984333038330078125 26.04416656494140625 26.106832504272460938 26.032999038696289062 26.010000228881835938 25.980833053588867188 25.951665878295898438 26.008832931518554688 26.061000823974609375 26.093334197998046875 26.139499664306640625 26.123666763305664062 26.076166152954101562 26.061166763305664062 26.099500656127929688 26.062000274658203125 26.0904998779296875 26.112833023071289062 26.104999542236328125 26.092166900634765625 26.10016632080078125 26.122833251953125 26.151666641235351562 26.216167449951171875 26.232500076293945312 26.265832901000976562 26.24466705322265625 26.161333084106445312 26.197999954223632812 26.272333145141601562 26.279666900634765625 26.234167098999023438 26.238832473754882812 26.200666427612304688 26.182666778564453125 26.174333572387695312 26.20783233642578125 26.218166351318359375 26.282167434692382812
25.932332992553710938 25.967166900634765625 26.009000778198242188 26.071832656860351562 26.105333328247070312 26.05500030517578125 25.98166656494140625 25.97750091552734375 25.9720001220703125 26.00333404541015625 26.057500839233398438 26.095333099365234375 26.1486663818359375 26.116167068481445312 26.11949920654296875 26.094667434692382812 26.054666519165039062 26.082666397094726562 26.108499526977539062 26.126499176025390625 26.135667800903320312 26.119832992553710938 26.094499588012695312 26.112333297729492188 26.19083404541015625 26.207500457763671875 26.213832855224609375 26.27700042724609375 26.26399993896484375 26.285833358764648438 26.290166854858398438 26.229333877563476562 26.1595001220703125 26.104166030883789062 26.158666610717773438 26.210832595825195312 26.222833633422851562 26.205333709716796875 26.221666336059570312 26.256666183471679688
25.965833663940429688 25.990667343139648438 25.987833023071289062 26.025499343872070312 26.129499435424804688 26.085332870483398438 26.033166885375976562 26.0431671142578125 26.000499725341796875 25.97516632080078125 26.014667510986328125 26.078832626342773438 26.111667633056640625 26.169000625610351562 26.117000579833984375 26.053667068481445312 26.039167404174804688 26.0774993896484375 26.100666046142578125 26.111667633056640625 26.128999710083007812 26.15633392333984375 26.13033294677734375 26.090166091918945312 26.124332427978515625 26.170999526977539062 26.198333740234375 26.20366668701171875 26.263500213623046875 26.302499771118164062 26.273500442504882812 26.227832794189453125 26.237833023071289062 26.220500946044921875 26.24449920654296875 26.24033355712890625 26.225000381469726562 26.201166152954101562 26.259500503540039062 26.323999404907226562
25.992166519165039062 26.040500640869140625 25.999834060668945312 26.0279998779296875 26.114166259765625 26.149499893188476562 26.090166091918945312 26.081666946411132812 26.073499679565429688 26.011499404907226562 25.986499786376953125 26.045999526977539062 26.104166030883789062 26.166833877563476562 26.12616729736328125 26.065999984741210938 26.035833358764648438 26.055334091186523438 26.079000473022460938 26.106500625610351562 26.125667572021484375 26.123332977294921875 26.166500091552734375 26.118665695190429688 26.064167022705078125 26.084667205810546875 26.120000839233398438 26.140333175659179688 26.175167083740234375 26.221666336059570312 26.300333023071289062 26.294834136962890625 26.229999542236328125 26.196332931518554688 26.208499908447265625 26.223499298095703125 26.205999374389648438 26.209667205810546875 26.243499755859375 26.24883270263671875
26.056833267211914062 26.070833206176757812 26.063165664672851562 26.026332855224609375 26.064001083374023438 26.107666015625 26.173166275024414062 26.152334213256835938 26.095666885375976562 26.055500030517578125 26.004667282104492188 26.0323333740234375 26.118000030517578125 26.19066619873046875 26.13800048828125 26.108333587646484375 26.07216644287109375 26.05266571044921875 26.092332839965820312 26.112333297729492188 26.103666305541992188 26.082500457763671875 26.122667312622070312 26.120500564575195312 26.06133270263671875 26.038665771484375 26.094667434692382812 26.1208343505859375 26.122167587280273438 26.17783355712890625 26.205499649047851562 26.238500595092773438 26.21649932861328125 26.2220001220703125 26.218999862670898438 26.184000015258789062 26.166334152221679688 26.173999786376953125 26.166833877563476562 26.16049957275390625
26.188167572021484375 26.13700103759765625 26.098333358764648438 26.05500030517578125 26.010833740234375 26.07550048828125 26.134500503540039062 26.194833755493164062 26.1746673583984375 26.103834152221679688 26.051332473754882812 26.077999114990234375 26.128499984741210938 26.202833175659179688 26.156667709350585938 26.110666275024414062 26.062000274658203125 26.047332763671875 26.069000244140625 26.079833984375 26.080499649047851562 26.106500625610351562 26.111333847045898438 26.133333206176757812 26.081501007080078125 26.034332275390625 26.067499160766601562 26.176166534423828125 26.243833541870117188 26.152334213256835938 26.155332565307617188 26.186166763305664062 26.211500167846679688 26.205667495727539062 26.150333404541015625 26.129167556762695312 26.11966705322265625 26.132999420166015625 26.131166458129882812 26.127000808715820312
26.229000091552734375 26.233999252319335938 26.168832778930664062 26.121500015258789062 26.095333099365234375 26.08516693115234375 26.111499786376953125 26.1356658935546875 26.18849945068359375 26.198499679565429688 26.16916656494140625 26.165666580200195312 26.177333831787109375 26.209499359130859375 26.147167205810546875 26.098499298095703125 26.07016754150390625 26.036333084106445312 26.049999237060546875 26.08083343505859375 26.100500106811523438 26.090000152587890625 26.095333099365234375 26.100999832153320312 26.12833404541015625 26.052499771118164062 26.124666213989257812 26.217500686645507812 26.21666717529296875 26.151500701904296875 26.126667022705078125 26.13249969482421875 26.154666900634765625 26.111333847045898438 26.109333038330078125 26.097667694091796875 26.096666336059570312 26.097333908081054688 26.101833343505859375 26.090665817260742188
26.1486663818359375 26.226667404174804688 26.262500762939453125 26.22966766357421875 26.17983245849609375 26.155332565307617188 26.097166061401367188 26.1143341064453125 26.134000778198242188 26.16266632080078125 26.188333511352539062 26.197834014892578125 26.21883392333984375 26.255167007446289062 26.176334381103515625 26.148166656494140625 26.08733367919921875 26.069166183471679688 26.047166824340820312 26.05699920654296875 26.066999435424804688 26.067333221435546875 26.083833694458007812 26.076000213623046875 26.084333419799804688 26.143833160400390625 26.147500991821289062 26.175333023071289062 26.163333892822265625 26.113000869750976562 26.108333587646484375 26.120500564575195312 26.119333267211914062 26.088666915893554688 26.085000991821289062 26.041666030883789062 26.035833358764648438 26.038499832153320312 26.056333541870117188 26.053998947143554688
26.148166656494140625 26.138500213623046875 26.201000213623046875 26.25550079345703125 26.280332565307617188 26.239166259765625 26.188333511352539062 26.15399932861328125 26.100666046142578125 26.126499176025390625 26.131666183471679688 26.148000717163085938 26.15833282470703125 26.22966766357421875 26.24883270263671875 26.17449951171875 26.11750030517578125 26.114999771118164062 26.073833465576171875 26.057500839233398438 26.071500778198242188 26.071500778198242188 26.0991668701171875 26.082666397094726562 26.201166152954101562 26.233499526977539062 26.163667678833007812 26.115499496459960938 26.078001022338867188 26.09583282470703125 26.0883331298828125 26.125165939331054688 26.09600067138671875 26.081501007080078125 26.065000534057617188 26.047166824340820312 26.034166336059570312 26.0128326416015625 26.027666091918945312 26.034000396728515625
26.10683441162109375 26.11199951171875 26.17133331298828125 26.189332962036132812 26.247167587280273438 26.303333282470703125 26.307832717895507812 26.262500762939453125 26.191333770751953125 26.172832489013671875 26.126832962036132812 26.114166259765625 26.126832962036132812 26.181165695190429688 26.2545013427734375 26.218000411987304688 26.175832748413085938 26.1443328857421875 26.098333358764648438 26.112667083740234375 26.120166778564453125 26.10883331298828125 26.170667648315429688 26.242000579833984375 26.258167266845703125 26.223333358764648438 26.176334381103515625 26.086833953857421875 26.053333282470703125 26.067499160766601562 26.079500198364257812 26.092332839965820312 26.070667266845703125 26.041166305541992188 26.048666000366210938 26.0431671142578125 26.007833480834960938 26.005001068115234375 25.992000579833984375 26.003665924072265625
26.110332489013671875 26.117666244506835938 26.143499374389648438 26.142833709716796875 26.190334320068359375 26.25966644287109375 26.28350067138671875 26.297000885009765625 26.315000534057617188 26.255832672119140625 26.213167190551757812 26.157167434692382812 26.123167037963867188 26.143167495727539062 26.218166351318359375 26.279500961303710938 26.188333511352539062 26.145999908447265625 26.16916656494140625 26.17783355712890625 26.198167800903320312 26.201166152954101562 26.2371673583984375 26.243999481201171875 26.19516754150390625 26.143167495727539062 26.12816619873046875 26.12066650390625 26.085332870483398438 26.038665771484375 26.046998977661132812 26.07016754150390625 26.080999374389648438 26.038999557495117188 26.028833389282226562 26.0301666259765625 26.031499862670898438 25.995000839233398438 25.961334228515625 25.983667373657226562
26.2198333740234375 26.106832504272460938 26.093999862670898438 26.133333206176757812 26.200666427612304688 26.253833770751953125 26.2154998779296875 26.233333587646484375 26.289667129516601562 26.345666885375976562 26.305665969848632812 26.2285003662109375 26.194833755493164062 26.188333511352539062 26.204833984375 26.28116607666015625 26.26633453369140625 26.264667510986328125 26.272500991821289062 26.257167816162109375 26.256999969482421875 26.236667633056640625 26.221832275390625 26.177333831787109375 26.167667388916015625 26.142499923706054688 26.189666748046875 26.190500259399414062 26.168666839599609375 26.062166213989257812 26.009500503540039062 26.013666152954101562 26.0709991455078125 26.080333709716796875 26.0323333740234375 26.021165847778320312 26.024499893188476562 25.997333526611328125 25.969999313354492188 25.993999481201171875
26.294500350952148438 26.170833587646484375 26.1638336181640625 26.138332366943359375 26.21433258056640625 26.256000518798828125 26.197666168212890625 26.207332611083984375 26.233667373657226562 26.287166595458984375 26.343334197998046875 26.34366607666015625 26.307332992553710938 26.315999984741210938 26.32216644287109375 26.340833663940429688 26.326665878295898438 26.2996673583984375 26.27266693115234375 26.2415008544921875 26.193166732788085938 26.159166336059570312 26.135999679565429688 26.125499725341796875 26.18216705322265625 26.1833343505859375 26.23383331298828125 26.214166641235351562 26.1746673583984375 26.032667160034179688 25.991832733154296875 25.979999542236328125 26.026500701904296875 26.090166091918945312 26.079999923706054688 26.066333770751953125 26.04416656494140625 26.026332855224609375 26.000165939331054688 26.010499954223632812
26.333499908447265625 26.210500717163085938 26.228834152221679688 26.202999114990234375 26.203500747680664062 26.244333267211914062 26.201333999633789062 26.21649932861328125 26.25749969482421875 26.291833877563476562 26.260833740234375 26.291334152221679688 26.329999923706054688 26.323167800903320312 26.305166244506835938 26.288667678833007812 26.255666732788085938 26.244832992553710938 26.211500167846679688 26.165332794189453125 26.160167694091796875 26.127000808715820312 26.11533355712890625 26.136499404907226562 26.208667755126953125 26.2371673583984375 26.226499557495117188 26.175500869750976562 26.097333908081054688 26.006500244140625 25.985500335693359375 25.98600006103515625 26.0496673583984375 26.047832489013671875 26.052999496459960938 26.096500396728515625 26.065999984741210938 26.049833297729492188 25.997833251953125 26.018167495727539062
26.37166595458984375 26.286832809448242188 26.278499603271484375 26.25766754150390625 26.233999252319335938 26.223667144775390625 26.205167770385742188 26.232500076293945312 26.279500961303710938 26.240499496459960938 26.236833572387695312 26.267999649047851562 26.28033447265625 26.255666732788085938 26.255666732788085938 26.267667770385742188 26.214166641235351562 26.230833053588867188 26.177999496459960938 26.15416717529296875 26.14666748046875 26.109498977661132812 26.149499893188476562 26.223667144775390625 26.204999923706054688 26.1959991455078125 26.179500579833984375 26.147333145141601562 26.084333419799804688 26.007333755493164062 25.988500595092773438 25.993999481201171875 26.031000137329101562 26.018667221069335938 26.032499313354492188 26.0818328857421875 26.055500030517578125 26.024000167846679688 26.001333236694335938 25.983167648315429688
