inputs/cropped_bioclim_colombia/bclim1.asc
ncols        216
nrows        228
xllcorner    -76.000000000000
yllcorner    -4.500000000000
cellsize     0.041666666667
[rows 144 to 161 of 228, columns 160 to 199 of 216]
25.7068328857421875 25.591165542602539062 25.627832412719726562 25.651500701904296875 25.70149993896484375 25.625665664672851562 25.590999603271484375 25.587999343872070312 25.622165679931640625 25.601499557495117188 25.638500213623046875 25.601499557495117188 25.612499237060546875 25.682666778564453125 25.70366668701171875 25.669000625610351562 25.640499114990234375 25.622833251953125 25.649166107177734375 25.638833999633789062 25.631000518798828125 25.645833969116210938 25.726999282836914062 25.719999313354492188 25.685832977294921875 25.6768341064453125 25.659666061401367188 25.680833816528320312 25.701166152954101562 25.735666275024414062 25.715000152587890625 25.730833053588867188 25.791334152221679688 25.885334014892578125 25.857000350952148438 25.8404998779296875 25.835500717163085938 25.917833328247070312 25.937833786010742188 25.844499588012695312
25.712667465209960938 25.627500534057617188 25.596500396728515625 25.628833770751953125 25.638666152954101562 25.689832687377929688 25.638166427612304688 25.595499038696289062 25.593000411987304688 25.6121673583984375 25.644498825073242188 25.652500152587890625 25.595499038696289062 25.612499237060546875 25.662832260131835938 25.679166793823242188 25.712999343872070312 25.7220001220703125 25.73699951171875 25.729000091552734375 25.734167098999023438 25.743499755859375 25.698333740234375 25.65416717529296875 25.646665573120117188 25.667499542236328125 25.677999496459960938 25.692167282104492188 25.725666046142578125 25.744998931884765625 25.728666305541992188 25.729999542236328125 25.742832183837890625 25.802999496459960938 25.88033294677734375 25.90633392333984375 25.91916656494140625 25.94499969482421875 25.882665634155273438 25.835500717163085938
25.803167343139648438 25.651500701904296875 25.624332427978515625 25.60449981689453125 25.624834060668945312 25.680999755859375 25.65200042724609375 25.608333587646484375 25.609333038330078125 25.604833602905273438 25.625667572021484375 25.681333541870117188 25.6336669921875 25.619998931884765625 25.61949920654296875 25.631999969482421875 25.646333694458007812 25.656665802001953125 25.652500152587890625 25.656665802001953125 25.685499191284179688 25.666166305541992188 25.6508331298828125 25.646333694458007812 25.661167144775390625 25.674999237060546875 25.705999374389648438 25.730165481567382812 25.735666275024414062 25.718500137329101562 25.71883392333984375 25.733499526977539062 25.758167266845703125 25.774499893188476562 25.789999008178710938 25.812000274658203125 25.92350006103515625 25.877000808715820312 25.825666427612304688 25.826333999633789062
25.715999603271484375 25.680500030517578125 25.658166885375976562 25.660833358764648438 25.647167205810546875 25.665500640869140625 25.707666397094726562 25.643667221069335938 25.639833450317382812 25.656833648681640625 25.635999679565429688 25.66483306884765625 25.68866729736328125 25.644832611083984375 25.64316558837890625 25.640167236328125 25.64666748046875 25.662500381469726562 25.647333145141601562 25.643833160400390625 25.658832550048828125 25.653833389282226562 25.661333084106445312 25.68216705322265625 25.698333740234375 25.720167160034179688 25.730833053588867188 25.709667205810546875 25.713499069213867188 25.718334197998046875 25.7263336181640625 25.769166946411132812 25.779998779296875 25.817167282104492188 25.86750030517578125 25.908832550048828125 25.917833328247070312 25.840665817260742188 25.8188323974609375 25.846332550048828125
25.6788330078125 25.679666519165039062 25.675998687744140625 25.716999053955078125 25.69499969482421875 25.6961669921875 25.746000289916992188 25.748167037963867188 25.75749969482421875 25.749166488647460938 25.739500045776367188 25.735166549682617188 25.74033355712890625 25.698833465576171875 25.657499313354492188 25.676500320434570312 25.666666030883789062 25.6703338623046875 25.684999465942382812 25.667833328247070312 25.6681671142578125 25.685333251953125 25.699832916259765625 25.700832366943359375 25.722665786743164062 25.732166290283203125 25.736833572387695312 25.718999862670898438 25.715833663940429688 25.7350006103515625 25.791833877563476562 25.8426666259765625 25.907833099365234375 25.913166046142578125 25.8943328857421875 25.910333633422851562 25.8513336181640625 25.820833206176757812 25.828166961669921875 25.86199951171875
25.693166732788085938 25.685333251953125 25.686166763305664062 25.679332733154296875 25.711999893188476562 25.714834213256835938 25.706167221069335938 25.689332962036132812 25.68650054931640625 25.706499099731445312 25.703166961669921875 25.71016693115234375 25.713499069213867188 25.761667251586914062 25.760999679565429688 25.77899932861328125 25.752666473388671875 25.708333969116210938 25.735666275024414062 25.715665817260742188 25.689167022705078125 25.700832366943359375 25.717832565307617188 25.700666427612304688 25.726499557495117188 25.736333847045898438 25.74233245849609375 25.750499725341796875 25.7758331298828125 25.81783294677734375 25.899000167846679688 25.877666473388671875 25.839166641235351562 25.81349945068359375 25.818166732788085938 25.86199951171875 25.831666946411132812 25.825666427612304688 25.853166580200195312 25.866666793823242188
25.750667572021484375 25.74449920654296875 25.699499130249023438 25.680999755859375 25.702833175659179688 25.693500518798828125 25.672832489013671875 25.649499893188476562 25.653667449951171875 25.663999557495117188 25.64983367919921875 25.644666671752929688 25.6551666259765625 25.701833724975585938 25.757333755493164062 25.716167449951171875 25.749666213989257812 25.7910003662109375 25.798166275024414062 25.815166473388671875 25.7519989013671875 25.70583343505859375 25.736166000366210938 25.75433349609375 25.735166549682617188 25.7413330078125 25.769666671752929688 25.799999237060546875 25.85250091552734375 25.896333694458007812 25.818834304809570312 25.796167373657226562 25.797166824340820312 25.792999267578125 25.803667068481445312 25.84383392333984375 25.835332870483398438 25.848833084106445312 25.870166778564453125 25.875165939331054688
25.783166885375976562 25.832834243774414062 25.752666473388671875 25.722667694091796875 25.720666885375976562 25.707666397094726562 25.702833175659179688 25.673166275024414062 25.667999267578125 25.665166854858398438 25.672000885009765625 25.67983245849609375 25.688333511352539062 25.66916656494140625 25.697834014892578125 25.714666366577148438 25.708166122436523438 25.710500717163085938 25.733499526977539062 25.74666595458984375 25.828500747680664062 25.756999969482421875 25.743499755859375 25.78333282470703125 25.849666595458984375 25.875333786010742188 25.880666732788085938 25.890501022338867188 25.870166778564453125 25.812999725341796875 25.7975006103515625 25.791166305541992188 25.793500900268554688 25.8125 25.818332672119140625 25.813999176025390625 25.854999542236328125 25.864166259765625 25.8964996337890625 25.896999359130859375
25.909833908081054688 25.799333572387695312 25.740999221801757812 25.739665985107421875 25.74250030517578125 25.728000640869140625 25.710332870483398438 25.708166122436523438 25.707332611083984375 25.6981658935546875 25.682500839233398438 25.689167022705078125 25.72316741943359375 25.706167221069335938 25.708166122436523438 25.718000411987304688 25.72516632080078125 25.727832794189453125 25.744333267211914062 25.809999465942382812 25.821332931518554688 25.838167190551757812 25.849834442138671875 25.8730010986328125 25.82433319091796875 25.820667266845703125 25.809999465942382812 25.806333541870117188 25.8211669921875 25.807666778564453125 25.799833297729492188 25.810333251953125 25.80816650390625 25.809999465942382812 25.835500717163085938 25.844667434692382812 25.859666824340820312 25.872999191284179688 25.890666961669921875 25.89966583251953125
25.89333343505859375 25.77466583251953125 25.750165939331054688 25.7563323974609375 25.76399993896484375 25.745332717895507812 25.752832412719726562 25.720167160034179688 25.7154998779296875 25.72516632080078125 25.714166641235351562 25.71866607666015625 25.70566558837890625 25.74883270263671875 25.734832763671875 25.7328338623046875 25.801000595092773438 25.792833328247070312 25.783666610717773438 25.725500106811523438 25.741666793823242188 25.76300048828125 25.77266693115234375 25.81999969482421875 25.790500640869140625 25.795499801635742188 25.798334121704101562 25.809000015258789062 25.7996673583984375 25.801666259765625 25.812166213989257812 25.8253326416015625 25.8125 25.830999374389648438 25.852832794189453125 25.848833084106445312 25.873332977294921875 25.87400054931640625 25.894500732421875 25.8921661376953125
25.826166152954101562 25.774000167846679688 25.760833740234375 25.761499404907226562 25.758333206176757812 25.77050018310546875 25.767665863037109375 25.761499404907226562 25.777166366577148438 25.77483367919921875 25.7866668701171875 25.741832733154296875 25.746500015258789062 25.795166015625 25.784000396728515625 25.797166824340820312 25.755167007446289062 25.734832763671875 25.74566650390625 25.738832473754882812 25.759166717529296875 25.762166976928710938 25.756834030151367188 25.792667388916015625 25.774499893188476562 25.7801666259765625 25.794332504272460938 25.795166015625 25.80716705322265625 25.812000274658203125 25.818332672119140625 25.823665618896484375 25.841833114624023438 25.8470001220703125 25.852167129516601562 25.875 25.874166488647460938 25.8836669921875 25.895999908447265625 25.893667221069335938
25.839666366577148438 25.80933380126953125 25.82849884033203125 25.765499114990234375 25.7628326416015625 25.755167007446289062 25.766000747680664062 25.785333633422851562 25.773500442504882812 25.761999130249023438 25.740499496459960938 25.78350067138671875 25.794000625610351562 25.782667160034179688 25.724666595458984375 25.7328338623046875 25.728166580200195312 25.735666275024414062 25.771833419799804688 25.760999679565429688 25.77700042724609375 25.787332534790039062 25.79433441162109375 25.7823333740234375 25.76399993896484375 25.777166366577148438 25.7888336181640625 25.793832778930664062 25.805500030517578125 25.821332931518554688 25.827833175659179688 25.832332611083984375 25.851167678833007812 25.854999542236328125 25.849500656127929688 25.87400054931640625 25.877666473388671875 25.895833969116210938 25.896333694458007812 25.909166336059570312
25.89966583251953125 25.913499832153320312 25.871000289916992188 25.809499740600585938 25.80716705322265625 25.76616668701171875 25.7584991455078125 25.744832992553710938 25.747499465942382812 25.764499664306640625 25.76200103759765625 25.767333984375 25.758167266845703125 25.732334136962890625 25.732000350952148438 25.751333236694335938 25.778165817260742188 25.79850006103515625 25.786333084106445312 25.771999359130859375 25.778499603271484375 25.771165847778320312 25.79633331298828125 25.774999618530273438 25.784999847412109375 25.794666290283203125 25.791833877563476562 25.807332992553710938 25.822666168212890625 25.823333740234375 25.833665847778320312 25.854000091552734375 25.846834182739257812 25.857500076293945312 25.861499786376953125 25.860166549682617188 25.85666656494140625 25.872167587280273438 25.902334213256835938 25.917499542236328125
26.010000228881835938 25.947500228881835938 25.874834060668945312 25.857166290283203125 25.8231658935546875 25.841833114624023438 25.819166183471679688 25.779500961303710938 25.776166915893554688 25.758333206176757812 25.760166168212890625 25.779666900634765625 25.788999557495117188 25.747833251953125 25.773000717163085938 25.792165756225585938 25.806499481201171875 25.788333892822265625 25.794332504272460938 25.78350067138671875 25.773000717163085938 25.78549957275390625 25.801666259765625 25.804500579833984375 25.806833267211914062 25.810167312622070312 25.820667266845703125 25.845499038696289062 25.869501113891601562 25.875833511352539062 25.8878326416015625 25.846332550048828125 25.825834274291992188 25.832666397094726562 25.84583282470703125 25.852167129516601562 25.871000289916992188 25.872833251953125 25.894500732421875 25.906499862670898438
26.010833740234375 26.010334014892578125 25.981332778930664062 25.892833709716796875 25.826999664306640625 25.83733367919921875 25.8166656494140625 25.835832595825195312 25.84166717529296875 25.804166793823242188 25.856332778930664062 25.812665939331054688 25.833333969116210938 25.809000015258789062 25.82433319091796875 25.787166595458984375 25.7975006103515625 25.791166305541992188 25.805833816528320312 25.783166885375976562 25.793333053588867188 25.805833816528320312 25.814167022705078125 25.815500259399414062 25.849666595458984375 25.854166030883789062 25.827833175659179688 25.8274993896484375 25.850666046142578125 25.88483428955078125 25.910167694091796875 25.906833648681640625 25.896999359130859375 25.843000411987304688 25.827167510986328125 25.870332717895507812 25.865167617797851562 25.84166717529296875 25.8708343505859375 25.899999618530273438
26.027500152587890625 26.020999908447265625 26.014667510986328125 25.9225006103515625 25.812833786010742188 25.812665939331054688 25.81566619873046875 25.822332382202148438 25.852666854858398438 25.868333816528320312 25.83733367919921875 25.8751678466796875 25.877666473388671875 25.87166595458984375 25.855499267578125 25.802000045776367188 25.799999237060546875 25.83283233642578125 25.827667236328125 25.804666519165039062 25.807666778564453125 25.827999114990234375 25.836334228515625 25.87599945068359375 25.903499603271484375 25.90850067138671875 25.909999847412109375 25.923000335693359375 25.941667556762695312 25.950834274291992188 25.952333450317382812 25.976833343505859375 25.979665756225585938 25.958665847778320312 25.954166412353515625 25.968000411987304688 25.971166610717773438 25.98166656494140625 25.999332427978515625 25.9763336181640625
26.029832839965820312 26.039333343505859375 26.039667129516601562 25.99900054931640625 25.843999862670898438 25.833499908447265625 25.863332748413085938 25.816165924072265625 25.812665939331054688 25.81800079345703125 25.843166351318359375 25.842832565307617188 25.8404998779296875 25.863332748413085938 25.903167724609375 25.877500534057617188 25.854000091552734375 25.8385009765625 25.87183380126953125 25.854166030883789062 25.865999221801757812 25.900333404541015625 25.918333053588867188 25.956333160400390625 25.989500045776367188 25.984498977661132812 25.984666824340820312 26.011499404907226562 26.003833770751953125 26.000665664672851562 26.017000198364257812 26.019500732421875 26.02050018310546875 26.014333724975585938 26.0149993896484375 26.017333984375 26.015832901000976562 26.035333633422851562 26.057832717895507812 26.0904998779296875
26.02916717529296875 26.030832290649414062 26.045166015625 26.042667388916015625 25.981332778930664062 25.89766693115234375 25.934999465942382812 25.913999557495117188 25.889499664306640625 25.89550018310546875 25.905832290649414062 25.89966583251953125 25.911333084106445312 25.900999069213867188 25.929500579833984375 25.989500045776367188 25.957666397094726562 25.965833663940429688 25.953332901000976562 25.930999755859375 25.920999526977539062 25.923999786376953125 25.957500457763671875 25.939666748046875 25.917333602905273438 25.994167327880859375 26.042999267578125 25.961999893188476562 25.8964996337890625 25.91283416748046875 25.934667587280273438 25.92150115966796875 25.939500808715820312 25.953166961669921875 25.96216583251953125 25.971834182739257812 26.002500534057617188 26.020000457763671875 26.034666061401367188 26.048334121704101562
