inputs/cropped_bioclim_colombia/bclim1.asc
ncols        216
nrows        228
xllcorner    -76.000000000000
yllcorner    -4.500000000000
cellsize     0.041666666667
[rows 198 to 215 of 228, columns 80 to 119 of 216]
26.013666152954101562 26.005832672119140625 26.100000381469726562 26.150667190551757812 26.20783233642578125 26.255167007446289062 26.215665817260742188 26.2089996337890625 26.191999435424804688 26.266834259033203125 26.230833053588867188 26.239166259765625 26.24883270263671875 26.237667083740234375 26.222499847412109375 26.214666366577148438 26.27266693115234375 26.20999908447265625 26.178333282470703125 26.159334182739257812 26.237501144409179688 26.283832550048828125 26.295999526977539062 26.274999618530273438 26.30066680908203125 26.311666488647460938 26.276166915893554688 26.2154998779296875 26.159000396728515625 26.198833465576171875 26.215833663940429688 26.256166458129882812 26.263500213623046875 26.246000289916992188 26.297666549682617188 26.276166915893554688 26.292667388916015625 26.33083343505859375 26.307500839233398438 26.278833389282226562
26.099666595458984375 26.00749969482421875 26.1013336181640625 26.1573333740234375 26.149999618530273438 26.191333770751953125 26.2285003662109375 26.246999740600585938 26.245332717895507812 26.231332778930664062 26.290666580200195312 26.293666839599609375 26.294666290283203125 26.27266693115234375 26.256666183471679688 26.2586669921875 26.288999557495117188 26.253499984741210938 26.289333343505859375 26.335000991821289062 26.245000839233398438 26.290666580200195312 26.308834075927734375 26.300500869750976562 26.287000656127929688 26.287166595458984375 26.26399993896484375 26.19183349609375 26.155000686645507812 26.22750091552734375 26.252166748046875 26.27899932861328125 26.279832839965820312 26.268667221069335938 26.33083343505859375 26.317167282104492188 26.3274993896484375 26.3556671142578125 26.344999313354492188 26.329000473022460938
26.215333938598632812 26.127666473388671875 26.07433319091796875 26.039667129516601562 26.032667160034179688 26.094499588012695312 26.13466644287109375 26.164165496826171875 26.242000579833984375 26.277500152587890625 26.29850006103515625 26.2910003662109375 26.279666900634765625 26.2931671142578125 26.30049896240234375 26.308500289916992188 26.338499069213867188 26.363666534423828125 26.415332794189453125 26.428499221801757812 26.3943328857421875 26.323999404907226562 26.334499359130859375 26.267833709716796875 26.2436676025390625 26.227167129516601562 26.205667495727539062 26.154832839965820312 26.190334320068359375 26.22533416748046875 26.285167694091796875 26.306667327880859375 26.3144989013671875 26.322666168212890625 26.351165771484375 26.308666229248046875 26.3556671142578125 26.376499176025390625 26.372333526611328125 26.37400054931640625
26.27916717529296875 26.224500656127929688 26.127166748046875 26.058834075927734375 26.066165924072265625 26.086999893188476562 26.120332717895507812 26.178667068481445312 26.242666244506835938 26.294500350952148438 26.284666061401367188 26.290666580200195312 26.2758331298828125 26.285333633422851562 26.309833526611328125 26.301166534423828125 26.320833206176757812 26.349500656127929688 26.369998931884765625 26.345167160034179688 26.344165802001953125 26.340833663940429688 26.29199981689453125 26.280000686645507812 26.27916717529296875 26.28116607666015625 26.264667510986328125 26.198499679565429688 26.210834503173828125 26.249166488647460938 26.2953338623046875 26.323999404907226562 26.347833633422851562 26.373666763305664062 26.38050079345703125 26.370166778564453125 26.395999908447265625 26.39766693115234375 26.394166946411132812 26.40416717529296875
26.246500015258789062 26.21966552734375 26.211833953857421875 26.117834091186523438 26.097665786743164062 26.115833282470703125 26.173999786376953125 26.24449920654296875 26.292333602905273438 26.295665740966796875 26.28566741943359375 26.276166915893554688 26.27483367919921875 26.28549957275390625 26.270000457763671875 26.318332672119140625 26.346332550048828125 26.329500198364257812 26.351999282836914062 26.376667022705078125 26.361166000366210938 26.349332809448242188 26.337499618530273438 26.339832305908203125 26.354000091552734375 26.33950042724609375 26.331167221069335938 26.292833328247070312 26.24683380126953125 26.248666763305664062 26.224666595458984375 26.233499526977539062 26.267665863037109375 26.320833206176757812 26.352499008178710938 26.398000717163085938 26.419000625610351562 26.43433380126953125 26.40200042724609375 26.424999237060546875
26.28333282470703125 26.215833663940429688 26.2154998779296875 26.216833114624023438 26.174999237060546875 26.183834075927734375 26.271833419799804688 26.28333282470703125 26.277166366577148438 26.286333084106445312 26.292833328247070312 26.303167343139648438 26.333333969116210938 26.334833145141601562 26.343999862670898438 26.340999603271484375 26.340833663940429688 26.317333221435546875 26.35033416748046875 26.36533355712890625 26.371500015258789062 26.354833602905273438 26.339832305908203125 26.34166717529296875 26.400167465209960938 26.421998977661132812 26.404499053955078125 26.344333648681640625 26.295166015625 26.313165664672851562 26.27899932861328125 26.21883392333984375 26.207000732421875 26.221500396728515625 26.298166275024414062 26.355833053588867188 26.379833221435546875 26.417499542236328125 26.460666656494140625 26.463832855224609375
26.239999771118164062 26.2285003662109375 26.230167388916015625 26.281665802001953125 26.303167343139648438 26.288333892822265625 26.25316619873046875 26.282667160034179688 26.276500701904296875 26.267833709716796875 26.2801666259765625 26.309499740600585938 26.305665969848632812 26.29199981689453125 26.22299957275390625 26.240667343139648438 26.287500381469726562 26.334499359130859375 26.355833053588867188 26.371334075927734375 26.380498886108398438 26.424165725708007812 26.425167083740234375 26.385000228881835938 26.37833404541015625 26.418333053588867188 26.42566680908203125 26.423999786376953125 26.348499298095703125 26.305833816528320312 26.299333572387695312 26.288166046142578125 26.198999404907226562 26.213832855224609375 26.246334075927734375 26.27483367919921875 26.331666946411132812 26.370332717895507812 26.409999847412109375 26.457166671752929688
26.160833358764648438 26.187833786010742188 26.2371673583984375 26.256999969482421875 26.266000747680664062 26.231332778930664062 26.250333786010742188 26.233333587646484375 26.24883270263671875 26.297832489013671875 26.35333251953125 26.312334060668945312 26.294666290283203125 26.232000350952148438 26.192333221435546875 26.209667205810546875 26.207334518432617188 26.257665634155273438 26.31800079345703125 26.400167465209960938 26.404832839965820312 26.43650054931640625 26.42783355712890625 26.381834030151367188 26.3600006103515625 26.408166885375976562 26.429500579833984375 26.4416656494140625 26.404666900634765625 26.304166793823242188 26.3018341064453125 26.331333160400390625 26.285333633422851562 26.271833419799804688 26.277332305908203125 26.217000961303710938 26.2239990234375 26.2801666259765625 26.3253326416015625 26.420833587646484375
26.126667022705078125 26.162000656127929688 26.177499771118164062 26.204332351684570312 26.236499786376953125 26.244333267211914062 26.230167388916015625 26.242000579833984375 26.268833160400390625 26.311166763305664062 26.290666580200195312 26.22833251953125 26.25983428955078125 26.234167098999023438 26.1959991455078125 26.162500381469726562 26.194833755493164062 26.214834213256835938 26.2586669921875 26.344333648681640625 26.39333343505859375 26.398500442504882812 26.399166107177734375 26.377500534057617188 26.369832992553710938 26.384332656860351562 26.409332275390625 26.430833816528320312 26.427165985107421875 26.386333465576171875 26.325832366943359375 26.324998855590820312 26.358333587646484375 26.357666015625 26.293666839599609375 26.269666671752929688 26.2239990234375 26.293832778930664062 26.307666778564453125 26.3878326416015625
26.122667312622070312 26.138166427612304688 26.145000457763671875 26.1421661376953125 26.157167434692382812 26.19716644287109375 26.223833084106445312 26.236333847045898438 26.217166900634765625 26.21016693115234375 26.167499542236328125 26.214832305908203125 26.222333908081054688 26.234500885009765625 26.227666854858398438 26.185499191284179688 26.164333343505859375 26.215166091918945312 26.257333755493164062 26.257833480834960938 26.302499771118164062 26.361499786376953125 26.399499893188476562 26.363332748413085938 26.386333465576171875 26.388332366943359375 26.402666091918945312 26.391500473022460938 26.39316558837890625 26.42766571044921875 26.447000503540039062 26.378999710083007812 26.348333358764648438 26.317333221435546875 26.314832687377929688 26.30049896240234375 26.283166885375976562 26.307666778564453125 26.376832962036132812 26.403165817260742188
26.083166122436523438 26.098833084106445312 26.110500335693359375 26.094667434692382812 26.122667312622070312 26.17983245849609375 26.200000762939453125 26.158000946044921875 26.124166488647460938 26.143499374389648438 26.180500030517578125 26.214000701904296875 26.22533416748046875 26.201833724975585938 26.2089996337890625 26.198999404907226562 26.164333343505859375 26.21649932861328125 26.217166900634765625 26.248666763305664062 26.241832733154296875 26.294666290283203125 26.3836669921875 26.3643341064453125 26.390666961669921875 26.397333145141601562 26.403499603271484375 26.381166458129882812 26.371000289916992188 26.418666839599609375 26.515666961669921875 26.484666824340820312 26.395666122436523438 26.384832382202148438 26.358667373657226562 26.3448333740234375 26.324832916259765625 26.334165573120117188 26.31566619873046875 26.337833404541015625
26.058666229248046875 26.086334228515625 26.060499191284179688 26.075832366943359375 26.107500076293945312 26.17566680908203125 26.176666259765625 26.14966583251953125 26.117666244506835938 26.114500045776367188 26.15850067138671875 26.191165924072265625 26.2003326416015625 26.181499481201171875 26.180833816528320312 26.1768341064453125 26.14766693115234375 26.182332992553710938 26.187999725341796875 26.212999343872070312 26.198833465576171875 26.249834060668945312 26.2975006103515625 26.375667572021484375 26.384166717529296875 26.34816741943359375 26.350833892822265625 26.374666213989257812 26.39333343505859375 26.403665542602539062 26.466333389282226562 26.483333587646484375 26.473833084106445312 26.424833297729492188 26.376832962036132812 26.37066650390625 26.364166259765625 26.371166229248046875 26.368833541870117188 26.375333786010742188
26.045999526977539062 26.0538330078125 26.078832626342773438 26.113500595092773438 26.146165847778320312 26.1916656494140625 26.152666091918945312 26.158832550048828125 26.126499176025390625 26.100666046142578125 26.141500473022460938 26.191333770751953125 26.173000335693359375 26.160165786743164062 26.150333404541015625 26.15833282470703125 26.140333175659179688 26.183500289916992188 26.172832489013671875 26.16583251953125 26.197500228881835938 26.221332550048828125 26.247999191284179688 26.28116607666015625 26.323665618896484375 26.402166366577148438 26.422166824340820312 26.390666961669921875 26.398500442504882812 26.38800048828125 26.407167434692382812 26.48166656494140625 26.45149993896484375 26.42350006103515625 26.4051666259765625 26.4114990234375 26.382165908813476562 26.392333984375 26.401332855224609375 26.424165725708007812
26.016666412353515625 26.01616668701171875 26.066333770751953125 26.103666305541992188 26.147832870483398438 26.18866729736328125 26.120332717895507812 26.128833770751953125 26.114500045776367188 26.104166030883789062 26.138332366943359375 26.180166244506835938 26.160999298095703125 26.119333267211914062 26.111166000366210938 26.140832901000976562 26.166166305541992188 26.205999374389648438 26.207332611083984375 26.19499969482421875 26.211833953857421875 26.249166488647460938 26.27050018310546875 26.311666488647460938 26.3426666259765625 26.376333236694335938 26.44950103759765625 26.414499282836914062 26.387166976928710938 26.386165618896484375 26.439666748046875 26.486499786376953125 26.4546661376953125 26.438167572021484375 26.424333572387695312 26.441333770751953125 26.454166412353515625 26.441165924072265625 26.400165557861328125 26.4029998779296875
26.035333633422851562 26.04949951171875 26.0839996337890625 26.112499237060546875 26.154499053955078125 26.178167343139648438 26.14533233642578125 26.112667083740234375 26.096500396728515625 26.078332901000976562 26.1013336181640625 26.153165817260742188 26.136667251586914062 26.0970001220703125 26.142333984375 26.169834136962890625 26.197999954223632812 26.22299957275390625 26.223499298095703125 26.204332351684570312 26.24683380126953125 26.257333755493164062 26.287332534790039062 26.337833404541015625 26.303333282470703125 26.302000045776367188 26.31566619873046875 26.363498687744140625 26.3769989013671875 26.392499923706054688 26.456333160400390625 26.518833160400390625 26.510499954223632812 26.488332748413085938 26.499334335327148438 26.437334060668945312 26.449167251586914062 26.46433258056640625 26.458166122436523438 26.4181671142578125
26.05266571044921875 26.0989990234375 26.114332199096679688 26.126667022705078125 26.132165908813476562 26.154666900634765625 26.13249969482421875 26.129499435424804688 26.0991668701171875 26.078166961669921875 26.086666107177734375 26.123666763305664062 26.0904998779296875 26.109832763671875 26.16066741943359375 26.188999176025390625 26.20916748046875 26.216999053955078125 26.240667343139648438 26.249666213989257812 26.289667129516601562 26.2910003662109375 26.30066680908203125 26.275499343872070312 26.312999725341796875 26.2758331298828125 26.281999588012695312 26.275167465209960938 26.341333389282226562 26.37383270263671875 26.332000732421875 26.353000640869140625 26.4095001220703125 26.456333160400390625 26.499500274658203125 26.434499740600585938 26.420000076293945312 26.464666366577148438 26.4763336181640625 26.4828338623046875
26.046833038330078125 26.07866668701171875 26.063833236694335938 26.08083343505859375 26.119832992553710938 26.158666610717773438 26.107000350952148438 26.122833251953125 26.098667144775390625 26.060667037963867188 26.057666778564453125 26.0709991455078125 26.07016754150390625 26.105499267578125 26.140333175659179688 26.157499313354492188 26.156499862670898438 26.165666580200195312 26.216999053955078125 26.234167098999023438 26.264499664306640625 26.248332977294921875 26.2436676025390625 26.257665634155273438 26.296667098999023438 26.25316619873046875 26.220333099365234375 26.239999771118164062 26.302165985107421875 26.340667724609375 26.336334228515625 26.331167221069335938 26.372333526611328125 26.415500640869140625 26.441999435424804688 26.407499313354492188 26.423666000366210938 26.46883392333984375 26.47949981689453125 26.5128326416015625
26.010166168212890625 26.025999069213867188 26.044500350952148438 26.0861663818359375 26.129667282104492188 26.152332305908203125 26.090667724609375 26.081666946411132812 26.063833236694335938 26.051500320434570312 26.0731658935546875 26.083166122436523438 26.082332611083984375 26.074666976928710938 26.0991668701171875 26.113332748413085938 26.122333526611328125 26.159999847412109375 26.207834243774414062 26.226667404174804688 26.241666793823242188 26.209667205810546875 26.205999374389648438 26.245166778564453125 26.279333114624023438 26.253999710083007812 26.22083282470703125 26.25550079345703125 26.294332504272460938 26.316999435424804688 26.351833343505859375 26.37816619873046875 26.380167007446289062 26.389499664306640625 26.37933349609375 26.432332992553710938 26.430665969848632812 26.4524993896484375 26.482166290283203125 26.508333206176757812
