inputs/cropped_bioclim_colombia/bclim1.asc
ncols        216
nrows        228
xllcorner    -76.000000000000
yllcorner    -4.500000000000
cellsize     0.041666666667
[rows 108 to 125 of 228, columns 80 to 119 of 216]
26.3209991455078125 26.264165878295898438 26.176332473754882812 26.29633331298828125 26.344167709350585938 26.25550079345703125 26.200834274291992188 26.252166748046875 26.29416656494140625 26.3836669921875 26.323499679565429688 26.270999908447265625 26.2046661376953125 26.179666519165039062 26.0796661376953125 26.114665985107421875 26.17566680908203125 26.282499313354492188 26.249166488647460938 26.239999771118164062 26.205499649047851562 26.149166107177734375 26.138666152954101562 26.153833389282226562 26.163665771484375 26.136499404907226562 26.124666213989257812 26.104333877563476562 26.1013336181640625 26.052999496459960938 26.0388336181640625 26.03133392333984375 25.997667312622070312 25.930833816528320312 25.86199951171875 25.8489990234375 25.890167236328125 25.8813323974609375 25.868499755859375 25.844499588012695312
26.222166061401367188 26.282999038696289062 26.295833587646484375 26.192333221435546875 26.33283233642578125 26.247333526611328125 26.188999176025390625 26.2736663818359375 26.295667648315429688 26.364665985107421875 26.333166122436523438 26.236665725708007812 26.211500167846679688 26.205667495727539062 26.133333206176757812 26.069000244140625 26.118499755859375 26.220666885375976562 26.26183319091796875 26.2779998779296875 26.264499664306640625 26.167165756225585938 26.128499984741210938 26.134332656860351562 26.148834228515625 26.152500152587890625 26.121000289916992188 26.100999832153320312 26.09149932861328125 26.073833465576171875 26.056833267211914062 26.052999496459960938 26.006000518798828125 25.97949981689453125 25.930500030517578125 25.87599945068359375 25.888166427612304688 25.928167343139648438 25.916833877563476562 25.89333343505859375
26.146333694458007812 26.300167083740234375 26.287000656127929688 26.348833084106445312 26.226165771484375 26.170665740966796875 26.185667037963867188 26.271165847778320312 26.330667495727539062 26.361499786376953125 26.29633331298828125 26.247165679931640625 26.238332748413085938 26.205333709716796875 26.171667098999023438 26.111833572387695312 26.08716583251953125 26.13050079345703125 26.2024993896484375 26.25533294677734375 26.171833038330078125 26.156667709350585938 26.1334991455078125 26.109832763671875 26.121166229248046875 26.096666336059570312 26.106500625610351562 26.116001129150390625 26.09816741943359375 26.089166641235351562 26.078166961669921875 26.041500091552734375 26.0345001220703125 25.99033355712890625 25.9503326416015625 25.884000778198242188 25.88050079345703125 25.9073333740234375 25.935832977294921875 25.910167694091796875
25.997833251953125 26.309999465942382812 26.337833404541015625 26.384832382202148438 26.206666946411132812 26.197000503540039062 26.233499526977539062 26.242166519165039062 26.28133392333984375 26.386499404907226562 26.306333541870117188 26.257165908813476562 26.20999908447265625 26.171499252319335938 26.163499832153320312 26.18650054931640625 26.163499832153320312 26.066499710083007812 26.120332717895507812 26.225833892822265625 26.2436676025390625 26.216167449951171875 26.128665924072265625 26.104833602905273438 26.085332870483398438 26.05716705322265625 26.068332672119140625 26.090333938598632812 26.095167160034179688 26.090166091918945312 26.0774993896484375 26.04083251953125 26.018999099731445312 25.984498977661132812 25.922832489013671875 25.9138336181640625 25.907499313354492188 25.9029998779296875 25.94083404541015625 25.923666000366210938
25.767833709716796875 26.172332763671875 26.344333648681640625 26.3643341064453125 26.376499176025390625 26.306667327880859375 26.260499954223632812 26.2864990234375 26.347665786743164062 26.271333694458007812 26.183834075927734375 26.142665863037109375 26.121166229248046875 26.120166778564453125 26.166166305541992188 26.207166671752929688 26.172000885009765625 26.10883331298828125 26.058500289916992188 26.129499435424804688 26.169666290283203125 26.21216583251953125 26.190166473388671875 26.100667953491210938 26.08100128173828125 26.059499740600585938 26.029666900634765625 26.035999298095703125 26.033832550048828125 26.065000534057617188 26.079000473022460938 26.067501068115234375 26.0260009765625 25.978666305541992188 25.934999465942382812 25.936832427978515625 25.931333541870117188 25.9051666259765625 25.912166595458984375 25.934999465942382812
26.078332901000976562 26.090665817260742188 26.368499755859375 26.414165496826171875 26.410167694091796875 26.347499847412109375 26.3274993896484375 26.344333648681640625 26.355333328247070312 26.200832366943359375 26.139667510986328125 26.170999526977539062 26.141332626342773438 26.15833282470703125 26.19950103759765625 26.196666717529296875 26.172666549682617188 26.145166397094726562 26.06349945068359375 26.038999557495117188 26.059833526611328125 26.121500015258789062 26.127500534057617188 26.140832901000976562 26.105499267578125 26.066333770751953125 26.02266693115234375 25.960832595825195312 25.926500320434570312 25.960500717163085938 25.99033355712890625 26.060499191284179688 26.029333114624023438 25.965333938598632812 25.9290008544921875 25.9503326416015625 25.943500518798828125 25.915332794189453125 25.905500411987304688 25.932500839233398438
26.284833908081054688 26.010166168212890625 26.1768341064453125 26.381999969482421875 26.409166336059570312 26.428167343139648438 26.384332656860351562 26.38033294677734375 26.251667022705078125 26.228166580200195312 26.172332763671875 26.21433258056640625 26.160333633422851562 26.215665817260742188 26.219999313354492188 26.158666610717773438 26.135999679565429688 26.124334335327148438 26.088167190551757812 26.072999954223632812 26.006666183471679688 26.027500152587890625 26.023834228515625 26.124834060668945312 26.167499542236328125 26.136333465576171875 26.0625 25.995332717895507812 25.993833541870117188 25.978000640869140625 25.9416656494140625 26.045166015625 26.032167434692382812 25.97750091552734375 25.917333602905273438 25.936166763305664062 25.957666397094726562 25.937833786010742188 25.905666351318359375 25.902500152587890625
26.232334136962890625 26.254667282104492188 26.205333709716796875 26.310499191284179688 26.281999588012695312 26.3339996337890625 26.421167373657226562 26.327667236328125 26.22100067138671875 26.278667449951171875 26.2220001220703125 26.24883270263671875 26.228834152221679688 26.236499786376953125 26.133167266845703125 26.11199951171875 26.13800048828125 26.139333724975585938 26.139499664306640625 26.111833572387695312 26.07016754150390625 26.006999969482421875 25.994832992553710938 26.006334304809570312 26.10333251953125 26.112833023071289062 26.099834442138671875 26.06583404541015625 26.123167037963867188 26.087833404541015625 26.069166183471679688 26.060667037963867188 26.049167633056640625 25.971500396728515625 25.923000335693359375 25.894832611083984375 25.934000015258789062 25.945667266845703125 25.908000946044921875 25.909666061401367188
26.237833023071289062 26.293333053588867188 26.182666778564453125 26.162332534790039062 26.194000244140625 26.2779998779296875 26.389833450317382812 26.3339996337890625 26.315999984741210938 26.35466766357421875 26.2845001220703125 26.287000656127929688 26.241167068481445312 26.1313323974609375 26.094167709350585938 26.117000579833984375 26.11199951171875 26.165666580200195312 26.161832809448242188 26.12833404541015625 26.107500076293945312 26.07550048828125 26.015167236328125 25.978832244873046875 25.977832794189453125 25.998332977294921875 26.10666656494140625 26.136333465576171875 26.106166839599609375 26.124332427978515625 26.10466766357421875 26.125665664672851562 26.079999923706054688 26.034999847412109375 25.940000534057617188 25.901166915893554688 25.904832839965820312 25.951000213623046875 25.9010009765625 25.912166595458984375
26.222166061401367188 26.291500091552734375 26.266000747680664062 26.2606658935546875 26.211833953857421875 26.299165725708007812 26.377332687377929688 26.413499832153320312 26.369998931884765625 26.358333587646484375 26.329833984375 26.25099945068359375 26.129499435424804688 26.141332626342773438 26.097667694091796875 26.135999679565429688 26.141332626342773438 26.129999160766601562 26.181165695190429688 26.137498855590820312 26.073333740234375 26.0885009765625 26.074832916259765625 26.039167404174804688 26.0045013427734375 26.012500762939453125 26.034166336059570312 26.018833160400390625 25.977832794189453125 26.008167266845703125 25.979665756225585938 26.041833877563476562 26.053333282470703125 26.057332992553710938 26.055166244506835938 26.019832611083984375 25.9635009765625 25.900333404541015625 25.906499862670898438 25.899999618530273438
26.14666748046875 26.247999191284179688 26.29199981689453125 26.267000198364257812 26.312000274658203125 26.28566741943359375 26.36199951171875 26.263833999633789062 26.268999099731445312 26.315999984741210938 26.347333908081054688 26.242334365844726562 26.1421661376953125 26.134500503540039062 26.162332534790039062 26.151666641235351562 26.204833984375 26.181165695190429688 26.151500701904296875 26.161832809448242188 26.132665634155273438 26.114833831787109375 26.08499908447265625 26.02700042724609375 26.000833511352539062 26.0086669921875 25.9589996337890625 25.9633331298828125 25.933000564575195312 25.963832855224609375 25.925832748413085938 25.947666168212890625 25.982000350952148438 26.023500442504882812 26.03783416748046875 26.045499801635742188 26.02466583251953125 25.963167190551757812 25.960500717163085938 25.954500198364257812
26.166666030883789062 26.20366668701171875 26.238666534423828125 26.08499908447265625 26.08950042724609375 25.96216583251953125 26.311166763305664062 26.182832717895507812 26.2133331298828125 26.257333755493164062 26.345500946044921875 26.29949951171875 26.252666473388671875 26.256166458129882812 26.2089996337890625 26.222499847412109375 26.163499832153320312 26.151166915893554688 26.12616729736328125 26.083499908447265625 26.069833755493164062 26.048833847045898438 26.012500762939453125 25.981000900268554688 25.970167160034179688 25.973667144775390625 25.930833816528320312 25.937334060668945312 25.933332443237304688 25.947666168212890625 25.918832778930664062 25.937999725341796875 25.919500350952148438 25.902332305908203125 25.879499435424804688 25.958833694458007812 26.010999679565429688 26.003999710083007812 26.00983428955078125 25.96666717529296875
26.09149932861328125 26.135499954223632812 26.133832931518554688 26.099832534790039062 26.110500335693359375 26.1638336181640625 26.012332916259765625 26.206167221069335938 26.253499984741210938 26.304166793823242188 26.368333816528320312 26.340000152587890625 26.212833404541015625 26.229000091552734375 26.109666824340820312 26.08416748046875 26.090166091918945312 26.076999664306640625 26.077667236328125 26.040666580200195312 25.994167327880859375 26.004499435424804688 25.98383331298828125 25.931499481201171875 25.920665740966796875 25.941999435424804688 25.944499969482421875 25.944665908813476562 25.925333023071289062 25.931499481201171875 25.941165924072265625 25.946500778198242188 25.992832183837890625 25.978000640869140625 25.9503326416015625 25.875667572021484375 25.868499755859375 25.925167083740234375 25.94950103759765625 25.97316741943359375
26.0991668701171875 25.994167327880859375 26.020000457763671875 26.05916595458984375 26.123666763305664062 26.13899993896484375 25.743333816528320312 26.200000762939453125 26.266500473022460938 26.326333999633789062 26.361333847045898438 26.20366668701171875 26.119501113891601562 26.191999435424804688 26.117666244506835938 26.082332611083984375 26.061000823974609375 26.036500930786132812 26.0193328857421875 25.991167068481445312 25.958665847778320312 25.954000473022460938 25.927165985107421875 25.907833099365234375 25.933834075927734375 25.965667724609375 25.970167160034179688 25.9698333740234375 25.942667007446289062 25.94283294677734375 25.936166763305664062 25.962667465209960938 25.966999053955078125 26.006834030151367188 25.95583343505859375 25.956501007080078125 25.911832809448242188 25.8318328857421875 25.854333877563476562 25.877332687377929688
26.1510009765625 26.030332565307617188 26.016000747680664062 26.027833938598632812 26.037166595458984375 25.98183441162109375 25.923999786376953125 26.142499923706054688 26.301500320434570312 26.353166580200195312 26.30483245849609375 26.132665634155273438 26.108999252319335938 26.180334091186523438 26.112333297729492188 26.09383392333984375 26.078500747680664062 26.057666778564453125 26.002666473388671875 25.990667343139648438 26.00099945068359375 25.9589996337890625 25.920000076293945312 25.919834136962890625 25.978666305541992188 25.958667755126953125 25.969333648681640625 25.973499298095703125 25.95583343505859375 25.93000030517578125 25.910165786743164062 25.925500869750976562 25.94733428955078125 26.00316619873046875 25.966333389282226562 25.992000579833984375 25.967166900634765625 25.8836669921875 25.88050079345703125 25.910833358764648438
26.204500198364257812 26.182832717895507812 26.09600067138671875 25.978000640869140625 26.0796661376953125 25.956167221069335938 25.78133392333984375 26.025167465209960938 26.315500259399414062 26.3339996337890625 26.221666336059570312 26.09366607666015625 26.07866668701171875 26.147832870483398438 26.17133331298828125 26.108499526977539062 26.069000244140625 26.032167434692382812 26.03116607666015625 26.029333114624023438 25.999834060668945312 25.950000762939453125 25.940999984741210938 25.950834274291992188 25.953332901000976562 25.97299957275390625 25.961666107177734375 25.972166061401367188 25.954833984375 25.928667068481445312 25.9008331298828125 25.92549896240234375 25.95149993896484375 26.008333206176757812 25.96883392333984375 25.996500015258789062 25.940999984741210938 25.907167434692382812 25.897832870483398438 25.933834075927734375
26.085666656494140625 26.152166366577148438 26.18416595458984375 26.083667755126953125 26.058000564575195312 25.993333816528320312 25.997667312622070312 25.9114990234375 26.267333984375 26.301666259765625 26.198833465576171875 26.079166412353515625 26.084499359130859375 26.08416748046875 26.125165939331054688 26.14316558837890625 26.101165771484375 26.092832565307617188 26.087499618530273438 26.065166473388671875 26.015666961669921875 25.9720001220703125 25.941999435424804688 25.94516754150390625 25.969999313354492188 25.98699951171875 26.001499176025390625 25.99250030517578125 25.961999893188476562 25.935333251953125 25.903833389282226562 25.919332504272460938 25.952333450317382812 26.005167007446289062 26.021999359130859375 25.996166229248046875 25.996166229248046875 25.946666717529296875 25.932832717895507812 25.944665908813476562
25.7371673583984375 25.682001113891601562 26.078332901000976562 26.125 26.113332748413085938 26.1056671142578125 26.208499908447265625 25.859832763671875 26.255666732788085938 26.265499114990234375 26.240833282470703125 26.13249969482421875 26.1163330078125 26.093000411987304688 26.059999465942382812 26.054834365844726562 26.084499359130859375 26.05483245849609375 26.011667251586914062 26.0041656494140625 25.984333038330078125 25.961999893188476562 25.934667587280273438 25.928167343139648438 25.920499801635742188 25.958499908447265625 25.9763336181640625 25.967832565307617188 25.995500564575195312 25.955333709716796875 25.906665802001953125 25.897832870483398438 25.9138336181640625 25.965999603271484375 26.007165908813476562 26.039167404174804688 26.03133392333984375 25.954332351684570312 25.9633331298828125 25.965833663940429688
