inputs/cropped_bioclim_colombia/.ipynb_checkpoints/bclim1-checkpoint.asc
ncols        288
nrows        391
xllcorner    -79.000000000000
yllcorner    -4.291666666667
cellsize     0.041666666667
[rows 255 to 271 of 391, columns 0 to 39 of 288]
-3.3999999521443642491e+38 25.804166793823242188 25.765277862548828125 25.71488189697265625 25.706499099731445312 25.671167373657226562 25.628665924072265625 25.483333587646484375 25.431667327880859375 25.364166259765625 25.381000518798828125 25.245332717895507812 25.0583343505859375 24.732500076293945312 24.34149932861328125 23.8361663818359375 23.336666107177734375 23.135999679565429688 22.763500213623046875 22.6443328857421875 21.692499160766601562 21.445499420166015625 21.291500091552734375 21.288999557495117188 19.935333251953125 21.135334014892578125 19.912000656127929688 21.188333511352539062 21.434000015258789062 19.79949951171875 18.307332992553710938 18.2198333740234375 15.070166587829589844 17.007333755493164062 17.678667068481445312 19.215833663940429688 21.207500457763671875 17.6551666259765625 14.683666229248046875 16.315999984741210938
25.721874237060546875 25.778261184692382812 25.77741241455078125 25.726535797119140625 25.74469757080078125 25.671833038330078125 25.501499176025390625 25.38899993896484375 25.314167022705078125 25.193500518798828125 25.240999221801757812 25.151666641235351562 24.856166839599609375 24.7176666259765625 24.530666351318359375 23.760000228881835938 22.915500640869140625 22.560832977294921875 22.1681671142578125 21.74016571044921875 22.13483428955078125 20.60016632080078125 18.332500457763671875 19.826166152954101562 19.059665679931640625 20.097665786743164062 19.976667404174804688 19.16699981689453125 20.099500656127929688 17.24233245849609375 16.52683258056640625 16.283832550048828125 14.484167098999023438 17.671998977661132812 16.309999465942382812 18.737499237060546875 19.511333465576171875 17.611499786376953125 14.835666656494140625 15.264499664306640625
25.71136474609375 25.732738494873046875 25.762281417846679688 25.781597137451171875 25.748666763305664062 25.6356658935546875 25.474832534790039062 25.312833786010742188 25.172832489013671875 24.99250030517578125 25.010999679565429688 24.93650054931640625 24.687833786010742188 24.297166824340820312 24.303167343139648438 24.1638336181640625 23.500499725341796875 22.517333984375 22.47299957275390625 21.554834365844726562 20.373167037963867188 21.207166671752929688 19.104000091552734375 18.479000091552734375 17.909999847412109375 17.0970001220703125 18.962667465209960938 17.93316650390625 17.612833023071289062 16.885999679565429688 15.329833030700683594 13.731166839599609375 15.234499931335449219 16.145999908447265625 15.106499671936035156 19.777166366577148438 18.6336669921875 14.910166740417480469 13.286167144775390625 13.109333038330078125
25.813596725463867188 25.74388885498046875 25.815908432006835938 25.831159591674804688 25.790332794189453125 25.664999008178710938 25.571332931518554688 25.394500732421875 25.08083343505859375 24.854333877563476562 24.749332427978515625 24.54416656494140625 24.122165679931640625 23.93000030517578125 23.67566680908203125 23.517999649047851562 23.78566741943359375 23.511667251586914062 23.521333694458007812 21.413999557495117188 19.090999603271484375 21.170667648315429688 20.2220001220703125 19.872167587280273438 18.240667343139648438 15.941666603088378906 17.6399993896484375 16.604166030883789062 15.036832809448242188 14.396833419799804688 13.702500343322753906 12.036832809448242188 14.674833297729492188 13.956166267395019531 13.074500083923339844 18.85033416748046875 17.815334320068359375 14.368000030517578125 10.867833137512207031 7.8470001220703125
25.848499298095703125 25.823499679565429688 25.848667144775390625 25.835500717163085938 25.767333984375 25.6833343505859375 25.642499923706054688 25.468166351318359375 25.135000228881835938 24.539667129516601562 24.246166229248046875 24.368000030517578125 24.266832351684570312 23.918498992919921875 23.01616668701171875 22.96883392333984375 23.010000228881835938 22.409833908081054688 22.6165008544921875 19.984832763671875 18.419000625610351562 20.381834030151367188 18.497499465942382812 18.28983306884765625 18.887166976928710938 18.3621673583984375 16.78566741943359375 14.136333465576171875 13.089666366577148438 11.127833366394042969 10.839833259582519531 12.347833633422851562 13.015999794006347656 11.436166763305664062 12.004166603088378906 16.3339996337890625 18.679500579833984375 15.618999481201171875 9.2878332138061523438 7.70366668701171875
25.790332794189453125 25.7714996337890625 25.785833358764648438 25.75766754150390625 25.701999664306640625 25.708665847778320312 25.590166091918945312 25.439500808715820312 25.196500778198242188 24.68416595458984375 23.96016693115234375 24.096166610717773438 24.1981658935546875 23.843166351318359375 23.552165985107421875 22.669500350952148438 22.221834182739257812 22.343000411987304688 21.9051666259765625 19.506334304809570312 16.88050079345703125 18.502666473388671875 19.639333724975585938 18.828166961669921875 17.668832778930664062 17.043500900268554688 16.514667510986328125 15.383500099182128906 10.875833511352539062 9.2621669769287109375 9.0831670761108398438 11.133832931518554688 11.3339996337890625 9.5143337249755859375 12.026666641235351562 14.035666465759277344 17.814500808715820312 14.808833122253417969 11.03766632080078125 10.165166854858398438
25.771999359130859375 25.746000289916992188 25.774000167846679688 25.7350006103515625 25.712833404541015625 25.713666915893554688 25.577833175659179688 25.34600067138671875 25.157499313354492188 24.700166702270507812 23.935167312622070312 23.7693328857421875 24.060667037963867188 23.785999298095703125 23.121999740600585938 23.015167236328125 21.7584991455078125 22.195333480834960938 21.48400115966796875 21.033166885375976562 18.972166061401367188 17.464832305908203125 18.895000457763671875 18.235834121704101562 17.239833831787109375 15.677666664123535156 13.715000152587890625 13.816166877746582031 14.031332969665527344 12.19933319091796875 7.7141666412353515625 8.039333343505859375 10.013667106628417969 10.278833389282226562 11.584833145141601562 12.706500053405761719 16.557832717895507812 15.103833198547363281 13.552332878112792969 11.973166465759277344
25.767333984375 25.746500015258789062 25.756000518798828125 25.747333526611328125 25.710832595825195312 25.625833511352539062 25.471166610717773438 25.279333114624023438 24.998500823974609375 24.6788330078125 23.668666839599609375 23.5366668701171875 23.719499588012695312 23.144666671752929688 22.587499618530273438 22.358333587646484375 20.664667129516601562 21.433332443237304688 20.340999603271484375 20.065000534057617188 19.872667312622070312 18.62383270263671875 17.807500839233398438 17.812334060668945312 16.207834243774414062 14.5279998779296875 12.726500511169433594 10.524999618530273438 11.709500312805175781 10.935000419616699219 8.979000091552734375 9.316333770751953125 10.887166976928710938 11.477499961853027344 12.185999870300292969 13.592166900634765625 15.227000236511230469 17.04216766357421875 14.650333404541015625 10.445666313171386719
25.673666000366210938 25.655000686645507812 25.677165985107421875 25.665166854858398438 25.654666900634765625 25.521165847778320312 25.379167556762695312 25.228666305541992188 24.662500381469726562 23.965665817260742188 23.541166305541992188 23.068166732788085938 23.409166336059570312 22.6660003662109375 21.795166015625 21.01399993896484375 21.230333328247070312 20.592332839965820312 20.156665802001953125 18.794834136962890625 18.814500808715820312 18.982999801635742188 17.5496673583984375 16.889499664306640625 16.622499465942382812 14.447999954223632812 11.765000343322753906 9.5418329238891601562 8.2655000686645507812 8.960666656494140625 10.491499900817871094 10.764166831970214844 10.70583343505859375 10.304666519165039062 11.004666328430175781 13.392000198364257812 16.309999465942382812 15.811166763305664062 12.776833534240722656 9.1241664886474609375
25.636667251586914062 25.528667449951171875 25.591333389282226562 25.60333251953125 25.408000946044921875 25.326166152954101562 24.999834060668945312 25.076665878295898438 24.588666915893554688 23.577667236328125 22.826665878295898438 22.789499282836914062 22.488332748413085938 21.474832534790039062 19.458499908447265625 20.0366668701171875 20.648166656494140625 19.499666213989257812 19.027332305908203125 19.70916748046875 17.135334014892578125 17.34166717529296875 15.430333137512207031 13.170332908630371094 13.935000419616699219 11.318666458129882812 7.7136669158935546875 8.1176662445068359375 7.893833160400390625 9.0736665725708007812 10.699666976928710938 10.612500190734863281 9.97949981689453125 9.032833099365234375 10.015166282653808594 11.602499961853027344 14.338167190551757812 14.336999893188476562 10.239333152770996094 7.9961667060852050781
25.6746673583984375 25.494832992553710938 25.419000625610351562 25.47316741943359375 25.139833450317382812 25.131834030151367188 24.952167510986328125 24.66049957275390625 24.200666427612304688 23.316499710083007812 22.458166122436523438 22.425333023071289062 20.998332977294921875 20.662000656127929688 19.585500717163085938 18.445333480834960938 18.779666900634765625 19.134166717529296875 18.025667190551757812 19.683500289916992188 18.850833892822265625 18.262166976928710938 14.256833076477050781 13.420499801635742188 10.184332847595214844 7.3748331069946289062 5.3278331756591796875 7.6463332176208496094 8.8786668777465820312 10.201666831970214844 10.189332962036132812 10.131166458129882812 10.311499595642089844 10.370166778564453125 10.522500038146972656 11.429499626159667969 13.753000259399414062 11.639833450317382812 8.4463329315185546875 7.4823331832885742188
25.683666229248046875 25.600999832153320312 25.286167144775390625 25.323999404907226562 25.110834121704101562 24.926000595092773438 24.385000228881835938 23.677499771118164062 22.964834213256835938 22.514665603637695312 21.97100067138671875 22.176000595092773438 22.297332763671875 21.580999374389648438 19.082666397094726562 17.709667205810546875 17.49900054931640625 17.386333465576171875 17.00116729736328125 18.122333526611328125 17.330667495727539062 17.540500640869140625 16.355167388916015625 14.494166374206542969 10.859167098999023438 6.393833160400390625 6.7371668815612792969 8.5278329849243164062 9.8556671142578125 10.454333305358886719 10.126166343688964844 10.343333244323730469 10.792666435241699219 11.432499885559082031 12.641666412353515625 12.857000350952148438 11.06150054931640625 9.57550048828125 8.0621662139892578125 8.8164997100830078125
25.639833450317382812 25.54949951171875 25.3448333740234375 25.112499237060546875 24.885166168212890625 24.95366668701171875 24.46450042724609375 23.376499176025390625 22.61316680908203125 21.761333465576171875 21.055500030517578125 20.159999847412109375 20.894166946411132812 22.19083404541015625 20.988500595092773438 20.614166259765625 18.75550079345703125 17.356832504272460938 15.697500228881835938 15.624333381652832031 14.788332939147949219 15.577666282653808594 15.221666336059570312 13.505000114440917969 9.2755002975463867188 6.6461668014526367188 7.1191668510437011719 8.4496669769287109375 10.082499504089355469 10.588666915893554688 11.013166427612304688 11.258500099182128906 11.340833663940429688 11.721666336059570312 12.651166915893554688 11.843000411987304688 11.154000282287597656 9.1683330535888671875 8.6361665725708007812 10.527333259582519531
25.481500625610351562 25.41066741943359375 25.331167221069335938 25.148000717163085938 24.96866607666015625 24.17783355712890625 23.646833419799804688 22.139499664306640625 21.85666656494140625 20.996999740600585938 19.705165863037109375 18.75966644287109375 20.057498931884765625 21.242834091186523438 21.462999343872070312 21.362833023071289062 21.326665878295898438 19.951833724975585938 18.182832717895507812 17.630001068115234375 17.621000289916992188 14.4095001220703125 13.595333099365234375 11.264333724975585938 7.0611667633056640625 4.9038333892822265625 7.525333404541015625 9.5850000381469726562 10.559499740600585938 11.1443328857421875 11.275500297546386719 11.503000259399414062 11.730833053588867188 11.892666816711425781 12.099833488464355469 11.301833152770996094 9.2736663818359375 8.8231668472290039062 8.6911668777465820312 12.655333518981933594
25.267999649047851562 25.537332534790039062 25.42983245849609375 25.280832290649414062 24.974500656127929688 23.23166656494140625 23.138166427612304688 20.963167190551757812 20.346666336059570312 20.048000335693359375 19.258333206176757812 18.587499618530273438 19.788665771484375 20.88249969482421875 20.180665969848632812 19.16049957275390625 19.346166610717773438 20.689167022705078125 19.993999481201171875 18.035333633422851562 16.06349945068359375 12.71666717529296875 11.221666336059570312 8.3003330230712890625 6.2204999923706054688 6.0558333396911621094 7.3080000877380371094 8.8256664276123046875 9.6134996414184570312 10.409000396728515625 10.68650054931640625 10.30816650390625 10.866999626159667969 10.826333045959472656 10.449500083923339844 9.8979997634887695312 9.273166656494140625 9.166500091552734375 11.098500251770019531 14.67783355712890625
25.240499496459960938 25.446500778198242188 25.427333831787109375 25.012500762939453125 24.389499664306640625 23.059000015258789062 23.092500686645507812 21.634332656860351562 19.63483428955078125 19.051000595092773438 18.537332534790039062 17.9051666259765625 19.60449981689453125 19.746500015258789062 18.864999771118164062 18.363500595092773438 16.739833831787109375 18.390167236328125 20.290666580200195312 18.6313323974609375 17.29083251953125 12.500166893005371094 7.4698333740234375 6.9178333282470703125 6.3678336143493652344 5.7886667251586914062 6.4085001945495605469 7.7404999732971191406 8.766666412353515625 8.8961668014526367188 9.6284999847412109375 9.6058330535888671875 9.2314996719360351562 9.3881664276123046875 9.030666351318359375 10.560500144958496094 11.513500213623046875 10.543832778930664062 12.909667015075683594 12.114166259765625
25.221332550048828125 25.163999557495117188 24.531499862670898438 23.975833892822265625 23.812334060668945312 23.02899932861328125 22.142833709716796875 22.22733306884765625 21.743499755859375 20.562665939331054688 20.291334152221679688 19.935832977294921875 18.914499282836914062 18.2586669921875 17.795999526977539062 16.478000640869140625 14.731499671936035156 16.0236663818359375 18.3663330078125 19.255666732788085938 17.5731658935546875 14.896666526794433594 9.9351663589477539062 8.1186666488647460938 9.08083343505859375 8.6321668624877929688 7.125 7.6738333702087402344 8.46016693115234375 9.1868333816528320312 10.653333663940429688 10.223166465759277344 9.3621664047241210938 10.370833396911621094 11.41699981689453125 12.779832839965820312 12.717000007629394531 10.525666236877441406 10.720666885375976562 9.2801666259765625
