inputs/cropped_bioclim_colombia/.ipynb_checkpoints/bclim1-checkpoint.asc
ncols        288
nrows        391
xllcorner    -79.000000000000
yllcorner    -4.291666666667
cellsize     0.041666666667
[rows 357 to 373 of 391, columns 240 to 279 of 288]
26.077333450317382812 26.095333099365234375 26.063999176025390625 26.132833480834960938 26.1378326416015625 26.097667694091796875 26.071498870849609375 26.114166259765625 26.085000991821289062 26.044332504272460938 26.076833724975585938 26.047000885009765625 26.056667327880859375 26.065500259399414062 26.033166885375976562 25.995166778564453125 25.884832382202148438 25.87183380126953125 25.881000518798828125 25.880167007446289062 25.897832870483398438 25.929500579833984375 25.921833038330078125 25.936166763305664062 25.951999664306640625 25.976167678833007812 26.001333236694335938 26.053167343139648438 26.133167266845703125 26.13466644287109375 26.07866668701171875 26.10883331298828125 26.162500381469726562 26.164999008178710938 26.187999725341796875 26.20583343505859375 26.231500625610351562 26.254833221435546875 26.263166427612304688 26.291833877563476562
26.167833328247070312 26.201833724975585938 26.199167251586914062 26.161167144775390625 26.150167465209960938 26.104000091552734375 26.0839996337890625 26.11199951171875 26.133167266845703125 26.12400054931640625 26.131999969482421875 26.076000213623046875 26.050167083740234375 26.089666366577148438 26.089832305908203125 26.075166702270507812 26.041833877563476562 25.951166152954101562 25.888666152954101562 25.870832443237304688 25.889667510986328125 25.900999069213867188 25.909166336059570312 25.926166534423828125 25.923000335693359375 25.94733428955078125 25.98616790771484375 26.076333999633789062 26.103000640869140625 26.080999374389648438 26.0926666259765625 26.143833160400390625 26.148000717163085938 26.161333084106445312 26.18633270263671875 26.211000442504882812 26.240833282470703125 26.252332687377929688 26.265499114990234375 26.271833419799804688
26.207166671752929688 26.187833786010742188 26.213666915893554688 26.192667007446289062 26.1464996337890625 26.103000640869140625 26.104166030883789062 26.112333297729492188 26.139499664306640625 26.136333465576171875 26.123666763305664062 26.09816741943359375 26.07016754150390625 26.082834243774414062 26.080667495727539062 26.0948333740234375 26.110332489013671875 26.120832443237304688 26.09149932861328125 25.941165924072265625 25.9160003662109375 25.911333084106445312 25.8986663818359375 25.899499893188476562 25.923999786376953125 25.9461669921875 25.985334396362304688 26.087833404541015625 26.06800079345703125 26.050167083740234375 26.100999832153320312 26.164333343505859375 26.150999069213867188 26.171499252319335938 26.184833526611328125 26.211500167846679688 26.24466705322265625 26.274000167846679688 26.273500442504882812 26.201000213623046875
26.188833236694335938 26.178667068481445312 26.176166534423828125 26.152666091918945312 26.110166549682617188 26.092166900634765625 26.080999374389648438 26.066667556762695312 26.060998916625976562 26.075166702270507812 26.077999114990234375 26.05500030517578125 26.063333511352539062 26.071832656860351562 26.070499420166015625 26.102167129516601562 26.1165008544921875 26.12833404541015625 26.130832672119140625 26.112499237060546875 26.067167282104492188 25.944000244140625 25.929500579833984375 25.906000137329101562 25.909666061401367188 25.926000595092773438 26.017833709716796875 26.044834136962890625 26.048666000366210938 26.09149932861328125 26.142665863037109375 26.168498992919921875 26.156665802001953125 26.190334320068359375 26.206333160400390625 26.215000152587890625 26.218500137329101562 26.204166412353515625 26.182832717895507812 26.162332534790039062
26.189332962036132812 26.154666900634765625 26.139499664306640625 26.113000869750976562 26.0774993896484375 26.056833267211914062 26.026500701904296875 26.023834228515625 26.025167465209960938 26.03350067138671875 26.039333343505859375 26.034833908081054688 26.03983306884765625 26.045665740966796875 26.067333221435546875 26.128000259399414062 26.131000518798828125 26.137332916259765625 26.14966583251953125 26.117666244506835938 26.124834060668945312 26.115833282470703125 26.02916717529296875 25.940166473388671875 25.937166213989257812 25.96233367919921875 26.0709991455078125 26.0540008544921875 26.096166610717773438 26.134166717529296875 26.150667190551757812 26.152833938598632812 26.181333541870117188 26.209333419799804688 26.138166427612304688 26.124500274658203125 26.132665634155273438 26.149999618530273438 26.161167144775390625 26.166500091552734375
26.142333984375 26.108999252319335938 26.07633209228515625 26.05500030517578125 26.0453338623046875 26.013833999633789062 26.012332916259765625 26.008333206176757812 26.02466583251953125 26.042667388916015625 26.031999588012695312 26.034832000732421875 26.072332382202148438 26.061000823974609375 26.058834075927734375 26.087667465209960938 26.097833633422851562 26.12183380126953125 26.123332977294921875 26.13033294677734375 26.1421661376953125 26.130167007446289062 26.092332839965820312 26.055500030517578125 26.03766632080078125 26.10449981689453125 26.0839996337890625 26.093000411987304688 26.130832672119140625 26.151332855224609375 26.16500091552734375 26.17783355712890625 26.190332412719726562 26.12933349609375 26.097833633422851562 26.11533355712890625 26.138166427612304688 26.157667160034179688 26.18433380126953125 26.254167556762695312
26.130832672119140625 26.107666015625 26.091167449951171875 26.069665908813476562 26.017665863037109375 25.99233245849609375 26.002332687377929688 26.04199981689453125 26.06999969482421875 26.06366729736328125 26.0475006103515625 26.043498992919921875 26.076000213623046875 26.0644989013671875 26.06566619873046875 26.082332611083984375 26.102832794189453125 26.110666275024414062 26.113500595092773438 26.12183380126953125 26.131834030151367188 26.116666793823242188 26.087833404541015625 26.108999252319335938 26.122499465942382812 26.096666336059570312 26.074499130249023438 26.100666046142578125 26.11949920654296875 26.14550018310546875 26.170665740966796875 26.1894989013671875 26.161333084106445312 26.0948333740234375 26.10449981689453125 26.122333526611328125 26.153667449951171875 26.170166015625 26.18650054931640625 26.294666290283203125
26.126832962036132812 26.158000946044921875 26.1703338623046875 26.08516693115234375 26.060499191284179688 26.033166885375976562 26.037166595458984375 26.03350067138671875 26.047332763671875 26.021999359130859375 26.008167266845703125 26.000333786010742188 26.03783416748046875 26.051666259765625 26.065500259399414062 26.066333770751953125 26.092332839965820312 26.103666305541992188 26.124332427978515625 26.153833389282226562 26.127166748046875 26.119832992553710938 26.114665985107421875 26.124332427978515625 26.101667404174804688 26.093334197998046875 26.052333831787109375 26.08283233642578125 26.094999313354492188 26.136499404907226562 26.122499465942382812 26.11199951171875 26.115667343139648438 26.103666305541992188 26.117832183837890625 26.147333145141601562 26.157833099365234375 26.198499679565429688 26.270999908447265625 26.310832977294921875
26.1855010986328125 26.161333084106445312 26.145833969116210938 26.116666793823242188 26.0904998779296875 26.056833267211914062 26.047832489013671875 26.009332656860351562 25.999666213989257812 25.986499786376953125 25.97316741943359375 25.982500076293945312 26.03566741943359375 26.078832626342773438 26.076333999633789062 26.047000885009765625 26.037166595458984375 26.0711669921875 26.123666763305664062 26.157833099365234375 26.107000350952148438 26.0818328857421875 26.13899993896484375 26.14766693115234375 26.118499755859375 26.105333328247070312 26.061000823974609375 26.050167083740234375 26.084165573120117188 26.106166839599609375 26.086000442504882812 26.085498809814453125 26.109498977661132812 26.118000030517578125 26.118165969848632812 26.15616607666015625 26.209333419799804688 26.284000396728515625 26.316165924072265625 26.302000045776367188
26.205999374389648438 26.176666259765625 26.16066741943359375 26.1121673583984375 26.068166732788085938 26.057332992553710938 26.027166366577148438 26.014165878295898438 26.014499664306640625 26.003499984741210938 25.9850006103515625 25.9785003662109375 25.989166259765625 26.027833938598632812 26.05066680908203125 26.030832290649414062 26.010999679565429688 26.016500473022460938 26.067499160766601562 26.054166793823242188 26.04616546630859375 26.05916595458984375 26.08499908447265625 26.0948333740234375 26.086999893188476562 26.121334075927734375 26.065332412719726562 26.052499771118164062 26.08300018310546875 26.08950042724609375 26.0839996337890625 26.085332870483398438 26.090166091918945312 26.107000350952148438 26.142000198364257812 26.162832260131835938 26.2586669921875 26.293500900268554688 26.28766632080078125 26.287500381469726562
26.2003326416015625 26.143499374389648438 26.109498977661132812 26.072666168212890625 26.046833038330078125 26.031999588012695312 26.015499114990234375 25.985500335693359375 25.982166290283203125 25.995332717895507812 26.025999069213867188 26.023166656494140625 26.002166748046875 26.010166168212890625 26.01833343505859375 26.03350067138671875 26.018833160400390625 26.013166427612304688 26.00550079345703125 26.030834197998046875 26.038499832153320312 26.07433319091796875 26.0796661376953125 26.090000152587890625 26.061666488647460938 26.081499099731445312 26.041833877563476562 26.0345001220703125 26.057498931884765625 26.07866668701171875 26.069833755493164062 26.080333709716796875 26.103666305541992188 26.130498886108398438 26.185333251953125 26.215333938598632812 26.260999679565429688 26.270999908447265625 26.277166366577148438 26.253665924072265625
26.190500259399414062 26.14116668701171875 26.097833633422851562 26.046833038330078125 26.023166656494140625 26.017833709716796875 25.986499786376953125 25.96233367919921875 25.942667007446289062 25.952667236328125 25.97316741943359375 26.0193328857421875 25.999500274658203125 26.00099945068359375 25.991832733154296875 26.014165878295898438 26.066333770751953125 26.05483245849609375 26.016666412353515625 26.012500762939453125 26.0323333740234375 26.062665939331054688 26.064666748046875 26.080999374389648438 26.08716583251953125 26.006834030151367188 26.020833969116210938 26.030332565307617188 26.058500289916992188 26.069499969482421875 26.079500198364257812 26.10016632080078125 26.121332168579101562 26.165500640869140625 26.152166366577148438 26.14550018310546875 26.253999710083007812 26.270666122436523438 26.272832870483398438 26.221332550048828125
26.179666519165039062 26.135999679565429688 26.08716583251953125 26.029666900634765625 26.002500534057617188 25.982334136962890625 25.933834075927734375 25.90200042724609375 25.901332855224609375 25.91583251953125 25.923334121704101562 25.96433258056640625 25.96866607666015625 25.950834274291992188 25.899333953857421875 25.963666915893554688 26.000499725341796875 26.014165878295898438 26.0839996337890625 25.999332427978515625 25.985834121704101562 25.985166549682617188 25.965833663940429688 25.972833633422851562 25.992834091186523438 25.991832733154296875 25.997999191284179688 26.02683258056640625 26.062665939331054688 26.080165863037109375 26.100000381469726562 26.13800048828125 26.155666351318359375 26.114665985107421875 26.10449981689453125 26.194334030151367188 26.26833343505859375 26.260334014892578125 26.264333724975585938 26.186666488647460938
26.19183349609375 26.124334335327148438 26.052333831787109375 26.0236663818359375 25.989000320434570312 25.932666778564453125 25.803167343139648438 25.7606658935546875 25.77050018310546875 25.785833358764648438 25.806165695190429688 25.829166412353515625 25.845167160034179688 25.864166259765625 25.874500274658203125 25.878499984741210938 25.912500381469726562 25.945667266845703125 25.986833572387695312 25.995500564575195312 25.966999053955078125 25.962999343872070312 25.961334228515625 25.976499557495117188 25.990833282470703125 25.999332427978515625 26.017833709716796875 26.050167083740234375 26.093500137329101562 26.113332748413085938 26.085498809814453125 26.050832748413085938 26.04833221435546875 26.06783294677734375 26.080165863037109375 26.247499465942382812 26.260499954223632812 26.247833251953125 26.22299957275390625 26.173999786376953125
26.122667312622070312 26.071832656860351562 26.0948333740234375 26.037000656127929688 25.893667221069335938 25.80049896240234375 25.773500442504882812 25.773500442504882812 25.7779998779296875 25.787166595458984375 25.803167343139648438 25.829833984375 25.844499588012695312 25.85883331298828125 25.886667251586914062 25.89966583251953125 25.908000946044921875 25.92350006103515625 25.970333099365234375 25.995500564575195312 25.9785003662109375 25.985332489013671875 25.992000579833984375 25.993165969848632812 26 26.03216552734375 26.049165725708007812 26.05283355712890625 26.022167205810546875 26.006999969482421875 25.996500015258789062 26.024499893188476562 26.041833877563476562 26.048999786376953125 26.074998855590820312 26.25116729736328125 26.252666473388671875 26.246166229248046875 26.199832916259765625 26.1725006103515625
26.033832550048828125 26.0236663818359375 26.12183380126953125 26.0496673583984375 25.890333175659179688 25.840833663940429688 25.80933380126953125 25.790500640869140625 25.782833099365234375 25.7975006103515625 25.79216766357421875 25.809833526611328125 25.849832534790039062 25.857334136962890625 25.878000259399414062 25.87183380126953125 25.89533233642578125 25.913999557495117188 25.954334259033203125 25.9375 25.930334091186523438 25.9698333740234375 25.944000244140625 25.953500747680664062 25.977001190185546875 26.012332916259765625 26.016666412353515625 25.992166519165039062 25.973667144775390625 25.974834442138671875 25.995166778564453125 26.002500534057617188 26.011999130249023438 26.061000823974609375 26.131832122802734375 26.248332977294921875 26.263332366943359375 26.267665863037109375 26.214000701904296875 26.1595001220703125
26.0625 26.080499649047851562 26.154832839965820312 26.08933258056640625 25.984666824340820312 25.911998748779296875 25.836666107177734375 25.818166732788085938 25.805500030517578125 25.822666168212890625 25.816999435424804688 25.833166122436523438 25.850999832153320312 25.850833892822265625 25.859333038330078125 25.8621673583984375 25.894166946411132812 25.93416595458984375 25.961000442504882812 25.92350006103515625 25.9203338623046875 25.96450042724609375 25.967500686645507812 25.956666946411132812 25.970666885375976562 25.989665985107421875 26.040166854858398438 26.002332687377929688 25.984666824340820312 25.980333328247070312 25.980333328247070312 26 26.020000457763671875 26.0948333740234375 26.163665771484375 26.247499465942382812 26.28350067138671875 26.272500991821289062 26.1961669921875 26.16583251953125
