inputs/cropped_bioclim_colombia/.ipynb_checkpoints/bclim1-checkpoint.asc
ncols        288
nrows        391
xllcorner    -79.000000000000
yllcorner    -4.291666666667
cellsize     0.041666666667
[rows 238 to 254 of 391, columns 200 to 239 of 288]
26.202667236328125 26.222833633422851562 26.227167129516601562 26.198833465576171875 26.201665878295898438 26.186666488647460938 26.175832748413085938 26.153833389282226562 26.14749908447265625 26.16266632080078125 26.161167144775390625 26.17783355712890625 26.1486663818359375 26.07866668701171875 26.01833343505859375 25.965000152587890625 25.879667282104492188 25.75983428955078125 25.785165786743164062 25.784999847412109375 25.812833786010742188 25.802165985107421875 25.803167343139648438 25.833833694458007812 25.865167617797851562 25.8385009765625 25.803667068481445312 25.800333023071289062 25.83499908447265625 25.794834136962890625 25.828832626342773438 25.832500457763671875 25.804166793823242188 25.812833786010742188 25.83083343505859375 25.862833023071289062 25.868333816528320312 25.872667312622070312 25.595333099365234375 25.701665878295898438
26.220500946044921875 26.2003326416015625 26.230333328247070312 26.190000534057617188 26.200000762939453125 26.204166412353515625 26.1959991455078125 26.216333389282226562 26.21666717529296875 26.204166412353515625 26.174999237060546875 26.095666885375976562 26.01616668701171875 25.991167068481445312 25.853166580200195312 25.820333480834960938 25.80716705322265625 25.798334121704101562 25.780000686645507812 25.781000137329101562 25.783832550048828125 25.768499374389648438 25.778667449951171875 25.795000076293945312 25.820833206176757812 25.77483367919921875 25.770166397094726562 25.790500640869140625 25.799333572387695312 25.785333633422851562 25.8018341064453125 25.798166275024414062 25.767999649047851562 25.763500213623046875 25.792499542236328125 25.8339996337890625 25.861333847045898438 25.864500045776367188 25.7801666259765625 25.575832366943359375
26.214000701904296875 26.204000473022460938 26.234500885009765625 26.236499786376953125 26.257999420166015625 26.263833999633789062 26.225833892822265625 26.199832916259765625 26.153333663940429688 26.086500167846679688 25.962833404541015625 25.916833877563476562 25.954833984375 25.952999114990234375 25.80500030517578125 25.770000457763671875 25.745500564575195312 25.786333084106445312 25.812999725341796875 25.826999664306640625 25.82666778564453125 25.81683349609375 25.823833465576171875 25.81683349609375 25.753833770751953125 25.736333847045898438 25.760166168212890625 25.756666183471679688 25.776166915893554688 25.808500289916992188 25.809665679931640625 25.75316619873046875 25.722333908081054688 25.75550079345703125 25.845500946044921875 25.884332656860351562 25.864000320434570312 25.853000640869140625 25.847499847412109375 25.677999496459960938
26.277666091918945312 26.298999786376953125 26.295665740966796875 26.276166915893554688 26.234666824340820312 26.181833267211914062 26.129833221435546875 26.08516693115234375 26.003000259399414062 25.881834030151367188 25.8040008544921875 25.822834014892578125 25.836500167846679688 25.836666107177734375 25.737499237060546875 25.73600006103515625 25.75533294677734375 25.755001068115234375 25.759332656860351562 25.766000747680664062 25.769500732421875 25.76416778564453125 25.760833740234375 25.772167205810546875 25.75333404541015625 25.777166366577148438 25.731000900268554688 25.77899932861328125 25.784332275390625 25.791500091552734375 25.811832427978515625 25.729999542236328125 25.69083404541015625 25.790666580200195312 25.8470001220703125 25.861833572387695312 25.892999649047851562 25.857999801635742188 25.84149932861328125 25.77033233642578125
26.3040008544921875 26.26399993896484375 26.242166519165039062 26.205999374389648438 26.141666412353515625 26.122333526611328125 26.035833358764648438 25.872333526611328125 25.85666656494140625 25.805500030517578125 25.820499420166015625 25.855833053588867188 25.822666168212890625 25.77050018310546875 25.79000091552734375 25.778167724609375 25.79083251953125 25.77483367919921875 25.734832763671875 25.754499435424804688 25.784833908081054688 25.7888336181640625 25.80266571044921875 25.7953338623046875 25.80283355712890625 25.837833404541015625 25.783832550048828125 25.763332366943359375 25.774166107177734375 25.800333023071289062 25.80816650390625 25.821666717529296875 25.82649993896484375 25.836500167846679688 25.848499298095703125 25.875 25.868833541870117188 25.888666152954101562 25.830165863037109375 25.835666656494140625
26.203332901000976562 26.233999252319335938 26.194499969482421875 26.154666900634765625 26.100833892822265625 26.032499313354492188 25.992166519165039062 25.780500411987304688 25.788000106811523438 25.8339996337890625 25.82666778564453125 25.8426666259765625 25.879499435424804688 25.819000244140625 25.777666091918945312 25.80699920654296875 25.775499343872070312 25.821666717529296875 25.765333175659179688 25.710332870483398438 25.72949981689453125 25.746000289916992188 25.777334213256835938 25.796499252319335938 25.802165985107421875 25.82450103759765625 25.777500152587890625 25.779500961303710938 25.745332717895507812 25.764333724975585938 25.789999008178710938 25.811166763305664062 25.832666397094726562 25.831333160400390625 25.831998825073242188 25.8188323974609375 25.832500457763671875 25.8339996337890625 25.819334030151367188 25.867666244506835938
26.206666946411132812 26.183000564575195312 26.15616607666015625 26.101667404174804688 26.024333953857421875 25.879667282104492188 25.798833847045898438 25.745500564575195312 25.765167236328125 25.754167556762695312 25.769166946411132812 25.798334121704101562 25.796667098999023438 25.85666656494140625 25.830333709716796875 25.814832687377929688 25.778667449951171875 25.80483245849609375 25.758167266845703125 25.731832504272460938 25.745000839233398438 25.756000518798828125 25.7606658935546875 25.75433349609375 25.730333328247070312 25.738666534423828125 25.794000625610351562 25.731832504272460938 25.742834091186523438 25.766000747680664062 25.780666351318359375 25.780332565307617188 25.786832809448242188 25.794834136962890625 25.792667388916015625 25.792333602905273438 25.790666580200195312 25.818332672119140625 25.78983306884765625 25.832332611083984375
26.149999618530273438 26.11516571044921875 26.106332778930664062 26.056833267211914062 25.957166671752929688 25.847166061401367188 25.820499420166015625 25.815999984741210938 25.810832977294921875 25.786832809448242188 25.752000808715820312 25.746000289916992188 25.748500823974609375 25.804500579833984375 25.831333160400390625 25.856166839599609375 25.8339996337890625 25.846166610717773438 25.8125 25.773166656494140625 25.723499298095703125 25.7480010986328125 25.77899932861328125 25.749334335327148438 25.766000747680664062 25.786832809448242188 25.830999374389648438 25.844499588012695312 25.817333221435546875 25.817667007446289062 25.808332443237304688 25.771999359130859375 25.762166976928710938 25.779499053955078125 25.783666610717773438 25.794666290283203125 25.78983306884765625 25.794666290283203125 25.803167343139648438 25.810832977294921875
26.05066680908203125 26.011333465576171875 26.0063323974609375 25.96216583251953125 25.903833389282226562 25.876832962036132812 25.86116790771484375 25.7931671142578125 25.786500930786132812 25.811000823974609375 25.823833465576171875 25.792499542236328125 25.744333267211914062 25.739833831787109375 25.732500076293945312 25.754167556762695312 25.770999908447265625 25.7975006103515625 25.847166061401367188 25.840667724609375 25.776332855224609375 25.809499740600585938 25.803333282470703125 25.812833786010742188 25.826833724975585938 25.812166213989257812 25.734500885009765625 25.733667373657226562 25.737667083740234375 25.64550018310546875 25.87166595458984375 25.824832916259765625 25.7649993896484375 25.789667129516601562 25.802499771118164062 25.791332244873046875 25.8040008544921875 25.795499801635742188 25.790500640869140625 25.802165985107421875
26.017333984375 25.995332717895507812 25.968000411987304688 25.946332931518554688 25.9160003662109375 25.906999588012695312 25.879499435424804688 25.827167510986328125 25.7823333740234375 25.754667282104492188 25.750667572021484375 25.777666091918945312 25.80500030517578125 25.762332916259765625 25.7693328857421875 25.773166656494140625 25.77899932861328125 25.814332962036132812 25.795665740966796875 25.777666091918945312 25.765832901000976562 25.755167007446289062 25.682332992553710938 25.685832977294921875 25.690334320068359375 25.6875 25.691499710083007812 25.674333572387695312 25.64766693115234375 25.6638336181640625 25.785165786743164062 25.859333038330078125 25.837833404541015625 25.834333419799804688 25.8556671142578125 25.850666046142578125 25.833499908447265625 25.811666488647460938 25.80283355712890625 25.8018341064453125
26.033832550048828125 25.997499465942382812 25.987833023071289062 25.97083282470703125 25.953500747680664062 25.936666488647460938 25.91483306884765625 25.865499496459960938 25.81683349609375 25.779666900634765625 25.733999252319335938 25.721832275390625 25.77483367919921875 25.79416656494140625 25.773332595825195312 25.756834030151367188 25.763166427612304688 25.697000503540039062 25.689167022705078125 25.694000244140625 25.669834136962890625 25.588666915893554688 25.627834320068359375 25.646333694458007812 25.664999008178710938 25.683666229248046875 25.666500091552734375 25.576000213623046875 25.600833892822265625 25.69733428955078125 25.793333053588867188 25.777166366577148438 25.789333343505859375 25.75333404541015625 25.761333465576171875 25.764667510986328125 25.778165817260742188 25.839000701904296875 25.81800079345703125 25.784332275390625
25.998167037963867188 25.974832534790039062 25.949832916259765625 25.9288330078125 25.906000137329101562 25.9051666259765625 25.900167465209960938 25.88483428955078125 25.879833221435546875 25.846834182739257812 25.769166946411132812 25.745000839233398438 25.64766693115234375 25.6421661376953125 25.629999160766601562 25.670667648315429688 25.628000259399414062 25.591333389282226562 25.591999053955078125 25.604833602905273438 25.599332809448242188 25.60016632080078125 25.626499176025390625 25.614500045776367188 25.580999374389648438 25.540500640869140625 25.626832962036132812 25.549999237060546875 25.611667633056640625 25.704000473022460938 25.704332351684570312 25.7089996337890625 25.727499008178710938 25.71666717529296875 25.748332977294921875 25.7563323974609375 25.77466583251953125 25.792499542236328125 25.801000595092773438 25.822666168212890625
25.982166290283203125 25.962499618530273438 25.957666397094726562 25.9288330078125 25.907667160034179688 25.899333953857421875 25.865499496459960938 25.845500946044921875 25.831167221069335938 25.819166183471679688 25.829166412353515625 25.72083282470703125 25.613500595092773438 25.633832931518554688 25.618833541870117188 25.599666595458984375 25.565332412719726562 25.576665878295898438 25.594333648681640625 25.600500106811523438 25.5989990234375 25.595666885375976562 25.58416748046875 25.535165786743164062 25.570499420166015625 25.551332473754882812 25.57433319091796875 25.622833251953125 25.663000106811523438 25.66266632080078125 25.663665771484375 25.687000274658203125 25.684665679931640625 25.694499969482421875 25.708499908447265625 25.735500335693359375 25.745332717895507812 25.762500762939453125 25.775499343872070312 25.778667449951171875
25.972665786743164062 25.955667495727539062 25.950000762939453125 25.93000030517578125 25.906000137329101562 25.89666748046875 25.862499237060546875 25.836999893188476562 25.812999725341796875 25.80483245849609375 25.79416656494140625 25.752834320068359375 25.637666702270507812 25.60233306884765625 25.638332366943359375 25.606832504272460938 25.544000625610351562 25.531665802001953125 25.539333343505859375 25.540666580200195312 25.545999526977539062 25.546667098999023438 25.500499725341796875 25.505167007446289062 25.432832717895507812 25.425832748413085938 25.50533294677734375 25.676500320434570312 25.663333892822265625 25.65833282470703125 25.655500411987304688 25.6464996337890625 25.659833908081054688 25.6938323974609375 25.731500625610351562 25.748167037963867188 25.753999710083007812 25.757333755493164062 25.772832870483398438 25.762500762939453125
25.953500747680664062 25.945667266845703125 25.928167343139648438 25.912332534790039062 25.892333984375 25.878665924072265625 25.868999481201171875 25.857166290283203125 25.8253326416015625 25.807832717895507812 25.781000137329101562 25.80699920654296875 25.716333389282226562 25.615499496459960938 25.606500625610351562 25.624834060668945312 25.551666259765625 25.5388336181640625 25.535333633422851562 25.53333282470703125 25.529832839965820312 25.542833328247070312 25.525333404541015625 25.411167144775390625 25.384500503540039062 25.450166702270507812 25.520334243774414062 25.688333511352539062 25.663333892822265625 25.6959991455078125 25.650499343872070312 25.666166305541992188 25.6616668701171875 25.676666259765625 25.698333740234375 25.716833114624023438 25.7350006103515625 25.732000350952148438 25.749666213989257812 25.778499603271484375
25.941165924072265625 25.937334060668945312 25.924165725708007812 25.909833908081054688 25.88266754150390625 25.863332748413085938 25.842166900634765625 25.829000473022460938 25.79949951171875 25.754999160766601562 25.729333877563476562 25.743665695190429688 25.7563323974609375 25.70783233642578125 25.626667022705078125 25.659666061401367188 25.590833663940429688 25.5625 25.576166152954101562 25.5366668701171875 25.514833450317382812 25.534334182739257812 25.523500442504882812 25.4116668701171875 25.389499664306640625 25.44933319091796875 25.543333053588867188 25.613666534423828125 25.680166244506835938 25.710332870483398438 25.6508331298828125 25.645833969116210938 25.677499771118164062 25.693332672119140625 25.682666778564453125 25.684499740600585938 25.69083404541015625 25.7241668701171875 25.75333404541015625 25.773166656494140625
25.935667037963867188 25.939666748046875 25.924833297729492188 25.891834259033203125 25.8665008544921875 25.84600067138671875 25.829500198364257812 25.81999969482421875 25.794666290283203125 25.752332687377929688 25.710332870483398438 25.697666168212890625 25.676166534423828125 25.694000244140625 25.686666488647460938 25.681499481201171875 25.647832870483398438 25.587499618530273438 25.554666519165039062 25.526500701904296875 25.493000030517578125 25.50533294677734375 25.500165939331054688 25.470500946044921875 25.451999664306640625 25.523000717163085938 25.565166473388671875 25.577333450317382812 25.593166351318359375 25.687833786010742188 25.721666336059570312 25.70366668701171875 25.664499282836914062 25.671833038330078125 25.691165924072265625 25.697999954223632812 25.673666000366210938 25.7024993896484375 25.719999313354492188 25.74566650390625
