inputs/cropped_bioclim_colombia/.ipynb_checkpoints/bclim1-checkpoint.asc
ncols        288
nrows        391
xllcorner    -79.000000000000
yllcorner    -4.291666666667
cellsize     0.041666666667
[rows 255 to 271 of 391, columns 120 to 159 of 288]
25.670999526977539062 25.677499771118164062 25.621166229248046875 25.614665985107421875 25.652666091918945312 25.716833114624023438 25.721166610717773438 25.758167266845703125 25.78116607666015625 25.812334060668945312 25.894666671752929688 25.982999801635742188 26.089166641235351562 26.092832565307617188 26.096666336059570312 26.13683319091796875 26.128999710083007812 26.074832916259765625 26.111166000366210938 26.135999679565429688 26.125333786010742188 26.189167022705078125 26.282833099365234375 26.266000747680664062 25.894666671752929688 25.214832305908203125 25.266500473022460938 24.687000274658203125 24.8834991455078125 26.002834320068359375 26.509166717529296875 26.38800048828125 26.416166305541992188 26.422834396362304688 26.419666290283203125 26.471834182739257812 26.473667144775390625 26.465833663940429688 26.478834152221679688 26.494167327880859375
25.687833786010742188 25.6790008544921875 25.666166305541992188 25.648500442504882812 25.681499481201171875 25.731166839599609375 25.743000030517578125 25.782833099365234375 25.802165985107421875 25.825666427612304688 25.871500015258789062 25.955999374389648438 26.028499603271484375 26.1163330078125 26.107334136962890625 26.129499435424804688 26.083333969116210938 26.115499496459960938 26.12816619873046875 26.157999038696289062 26.098833084106445312 26.152833938598632812 26.262500762939453125 26.27266693115234375 26.02266693115234375 25.567667007446289062 25.868833541870117188 25.0774993896484375 25.555665969848632812 25.620500564575195312 26.462833404541015625 26.3921661376953125 26.133333206176757812 26.279499053955078125 26.372333526611328125 26.429332733154296875 26.454500198364257812 26.461833953857421875 26.47100067138671875 26.497667312622070312
25.70149993896484375 25.730167388916015625 25.698167800903320312 25.684667587280273438 25.708665847778320312 25.743000030517578125 25.782833099365234375 25.805500030517578125 25.841167449951171875 25.866167068481445312 25.875499725341796875 25.917999267578125 26.016500473022460938 26.090999603271484375 26.084667205810546875 26.049333572387695312 26.0861663818359375 26.10666656494140625 26.154333114624023438 26.145666122436523438 26.10666656494140625 26.170833587646484375 26.243499755859375 26.294666290283203125 26.2888336181640625 25.543498992919921875 26.305166244506835938 25.701833724975585938 26.282167434692382812 25.970333099365234375 26.471166610717773438 26.426334381103515625 26.378999710083007812 26.190166473388671875 26.353834152221679688 26.36199951171875 26.424999237060546875 26.452667236328125 26.466167449951171875 26.455667495727539062
25.621999740600585938 25.730333328247070312 25.725833892822265625 25.711000442504882812 25.735666275024414062 25.763666152954101562 25.796998977661132812 25.842166900634765625 25.88033294677734375 25.890167236328125 25.907167434692382812 25.9051666259765625 25.949666976928710938 26.05483245849609375 26.080165863037109375 26.052165985107421875 26.084667205810546875 26.06366729736328125 26.169834136962890625 26.1399993896484375 26.128000259399414062 26.17449951171875 26.2350006103515625 26.280332565307617188 26.313333511352539062 26.162332534790039062 26.273166656494140625 26.287500381469726562 26.239833831787109375 25.73816680908203125 26.46666717529296875 26.410999298095703125 26.362499237060546875 26.373167037963867188 26.329500198364257812 26.358499526977539062 26.41483306884765625 26.459333419799804688 26.487667083740234375 26.478834152221679688
25.639499664306640625 25.712833404541015625 25.755666732788085938 25.759166717529296875 25.779500961303710938 25.793333053588867188 25.796499252319335938 25.806333541870117188 25.851665496826171875 25.917165756225585938 25.932666778564453125 25.947000503540039062 25.971166610717773438 26.0171661376953125 26.093000411987304688 26.050832748413085938 26.0861663818359375 26.073499679565429688 26.14116668701171875 26.140832901000976562 26.103666305541992188 26.0753326416015625 26.21433258056640625 26.269666671752929688 26.3166656494140625 26.265167236328125 26.3125 26.359333038330078125 26.443500518798828125 26.305500030517578125 26.441165924072265625 26.447000503540039062 26.448167800903320312 26.401500701904296875 26.35233306884765625 26.363332748413085938 26.3899993896484375 26.455999374389648438 26.46666717529296875 26.484167098999023438
25.635000228881835938 25.706501007080078125 25.766500473022460938 25.789333343505859375 25.797000885009765625 25.806499481201171875 25.805999755859375 25.812166213989257812 25.830999374389648438 25.856832504272460938 25.933666229248046875 25.981500625610351562 26.000499725341796875 26.010166168212890625 26.055332183837890625 26.113000869750976562 26.083333969116210938 26.088167190551757812 26.1399993896484375 26.121334075927734375 26.085332870483398438 26.076665878295898438 26.151666641235351562 26.262166976928710938 26.284666061401367188 26.268999099731445312 26.323333740234375 26.338167190551757812 25.906000137329101562 26.270166397094726562 26.18316650390625 26.06583404541015625 26.443666458129882812 26.433666229248046875 26.40183258056640625 26.350999832153320312 26.4114990234375 26.503999710083007812 26.49683380126953125 26.437999725341796875
25.616666793823242188 25.64966583251953125 25.716167449951171875 25.81366729736328125 25.816165924072265625 25.810832977294921875 25.820333480834960938 25.831333160400390625 25.836999893188476562 25.863500595092773438 25.89116668701171875 25.90200042724609375 25.971500396728515625 26.038333892822265625 26.040666580200195312 26.065334320068359375 26.111833572387695312 26.095167160034179688 26.133167266845703125 26.084833145141601562 26.092332839965820312 26.111333847045898438 26.109500885009765625 26.222333908081054688 26.291334152221679688 26.290500640869140625 26.341165542602539062 26.040332794189453125 25.127000808715820312 26.1510009765625 25.230499267578125 25.571500778198242188 26.026834487915039062 26.340665817260742188 26.370166778564453125 26.390167236328125 26.45600128173828125 26.497165679931640625 26.43216705322265625 26.32233428955078125
25.641666412353515625 25.649333953857421875 25.659833908081054688 25.743333816528320312 25.8296661376953125 25.834667205810546875 25.844333648681640625 25.855167388916015625 25.82649993896484375 25.843000411987304688 25.9051666259765625 25.89983367919921875 25.910999298095703125 25.944833755493164062 26.028833389282226562 26.083333969116210938 26.090999603271484375 26.138166427612304688 26.1334991455078125 26.121000289916992188 26.115499496459960938 26.1421661376953125 26.101833343505859375 26.155000686645507812 26.17983245849609375 26.241666793823242188 26.322999954223632812 26.09583282470703125 25.49883270263671875 25.771833419799804688 24.893499374389648438 25.344999313354492188 25.72516632080078125 26.12183380126953125 26.2415008544921875 26.392999649047851562 26.396167755126953125 26.479333877563476562 26.431333541870117188 26.30066680908203125
25.65200042724609375 25.633832931518554688 25.653499603271484375 25.719499588012695312 25.789333343505859375 25.86949920654296875 25.857166290283203125 25.850000381469726562 25.812999725341796875 25.82866668701171875 25.909000396728515625 25.904998779296875 25.922666549682617188 25.912332534790039062 25.937999725341796875 25.983667373657226562 26.072834014892578125 26.093999862670898438 26.15616607666015625 26.163000106811523438 26.106332778930664062 26.14116668701171875 26.102832794189453125 26.14983367919921875 26.192499160766601562 26.275333404541015625 26.318166732788085938 26.1768341064453125 26.187999725341796875 25.717166900634765625 25.111499786376953125 25.49449920654296875 26.094333648681640625 26.267665863037109375 26.239166259765625 26.24466705322265625 26.2931671142578125 26.44083404541015625 26.468334197998046875 26.331666946411132812
25.617000579833984375 25.657667160034179688 25.64983367919921875 25.700000762939453125 25.762166976928710938 25.848833084106445312 25.866167068481445312 25.843999862670898438 25.80049896240234375 25.85866546630859375 25.914667129516601562 25.921833038330078125 25.912500381469726562 25.9394989013671875 25.92449951171875 25.947500228881835938 26.02700042724609375 26.0970001220703125 26.143833160400390625 26.187334060668945312 26.125833511352539062 26.136499404907226562 26.120832443237304688 26.176666259765625 26.255832672119140625 26.229665756225585938 26.21233367919921875 26.194833755493164062 25.796667098999023438 25.595333099365234375 24.923166275024414062 25.95149993896484375 26.212999343872070312 26.25533294677734375 26.224332809448242188 26.209499359130859375 26.285333633422851562 26.41916656494140625 26.505001068115234375 26.37383270263671875
25.654333114624023438 25.656999588012695312 25.648332595825195312 25.704999923706054688 25.763666152954101562 25.806499481201171875 25.87816619873046875 25.829334259033203125 25.7888336181640625 25.819833755493164062 25.909666061401367188 25.934499740600585938 25.906833648681640625 25.962667465209960938 25.951000213623046875 25.933332443237304688 25.952167510986328125 26.010833740234375 26.073999404907226562 26.100833892822265625 26.180166244506835938 26.180833816528320312 26.160833358764648438 26.216167449951171875 26.208667755126953125 26.11316680908203125 26.184499740600585938 26.1660003662109375 25.80816650390625 25.091833114624023438 25.026666641235351562 25.94716644287109375 26.221832275390625 26.2693328857421875 26.268167495727539062 26.226165771484375 26.3274993896484375 26.381500244140625 26.466833114624023438 26.46883392333984375
25.649999618530273438 25.643499374389648438 25.686832427978515625 25.702833175659179688 25.767499923706054688 25.813999176025390625 25.878999710083007812 25.809667587280273438 25.795499801635742188 25.834833145141601562 25.896833419799804688 25.93199920654296875 25.933832168579101562 25.957332611083984375 25.931333541870117188 25.884500503540039062 25.909833908081054688 25.937334060668945312 25.991498947143554688 26.040332794189453125 26.012332916259765625 26.09466552734375 26.186834335327148438 26.145666122436523438 26.094333648681640625 26.058332443237304688 26.133333206176757812 26.097499847412109375 25.901332855224609375 25.822000503540039062 26.00749969482421875 25.929500579833984375 25.866832733154296875 26.10449981689453125 26.260000228881835938 26.24033355712890625 26.251667022705078125 26.321332931518554688 26.343000411987304688 26.437665939331054688
25.647167205810546875 25.61516571044921875 25.67449951171875 25.719165802001953125 25.765167236328125 25.843334197998046875 25.818166732788085938 25.802999496459960938 25.829000473022460938 25.859666824340820312 25.915500640869140625 25.950166702270507812 25.92566680908203125 25.917833328247070312 25.871500015258789062 25.885999679565429688 25.926332473754882812 25.910833358764648438 25.92766571044921875 25.939332962036132812 25.971500396728515625 26.000833511352539062 26.122499465942382812 26.0345001220703125 26.015832901000976562 26.016666412353515625 26.030832290649414062 25.980499267578125 25.715000152587890625 26.077833175659179688 25.717500686645507812 25.885166168212890625 25.952999114990234375 25.9010009765625 26.279333114624023438 26.227167129516601562 26.217332839965820312 26.285833358764648438 26.3361663818359375 26.4181671142578125
25.653165817260742188 25.647832870483398438 25.666500091552734375 25.722499847412109375 25.791666030883789062 25.820165634155273438 25.785999298095703125 25.80699920654296875 25.840000152587890625 25.877832412719726562 25.927165985107421875 25.876667022705078125 25.861499786376953125 25.868833541870117188 25.855167388916015625 25.923334121704101562 25.92983245849609375 25.923666000366210938 25.917667388916015625 25.83933258056640625 25.925832748413085938 26.019666671752929688 26.082000732421875 26.052000045776367188 26.018667221069335938 26.041500091552734375 26.022832870483398438 26.011167526245117188 25.771333694458007812 26.0496673583984375 26.136499404907226562 26.215166091918945312 26.05066680908203125 26.021333694458007812 26.3038330078125 26.245832443237304688 26.190500259399414062 26.218999862670898438 26.317167282104492188 26.35333251953125
25.65183258056640625 25.661832809448242188 25.673000335693359375 25.726499557495117188 25.784999847412109375 25.820833206176757812 25.816333770751953125 25.820667266845703125 25.82866668701171875 25.872833251953125 25.9114990234375 25.861333847045898438 25.882665634155273438 25.875333786010742188 25.867666244506835938 25.906499862670898438 25.96649932861328125 25.956333160400390625 25.910833358764648438 25.872999191284179688 25.876832962036132812 25.913166046142578125 25.999332427978515625 26.034334182739257812 26.055833816528320312 25.8834991455078125 25.8878326416015625 25.967500686645507812 25.6875 26.14983367919921875 26.229166030883789062 26.256000518798828125 26.2823333740234375 26.252500534057617188 26.318666458129882812 26.308332443237304688 26.203500747680664062 26.197332382202148438 26.274333953857421875 26.313333511352539062
25.690334320068359375 25.67783355712890625 25.6961669921875 25.7436676025390625 25.764333724975585938 25.83499908447265625 25.827833175659179688 25.84149932861328125 25.85033416748046875 25.86516571044921875 25.904500961303710938 25.854000091552734375 25.892499923706054688 25.874332427978515625 25.889833450317382812 25.892833709716796875 25.961999893188476562 25.98600006103515625 25.893999099731445312 25.905832290649414062 25.904832839965820312 25.877000808715820312 25.898332595825195312 25.985666275024414062 25.909833908081054688 25.504667282104492188 24.801666259765625 25.5970001220703125 25.997999191284179688 26.17350006103515625 26.083665847778320312 26.19516754150390625 26.236499786376953125 26.2413330078125 26.29083251953125 26.30716705322265625 26.214832305908203125 26.19716644287109375 26.280332565307617188 26.362667083740234375
25.749166488647460938 25.723333358764648438 25.746334075927734375 25.736333847045898438 25.799999237060546875 25.82550048828125 25.850500106811523438 25.85449981689453125 25.84466552734375 25.898166656494140625 25.884500503540039062 25.84466552734375 25.905832290649414062 25.894832611083984375 25.905666351318359375 25.925167083740234375 25.982666015625 25.918666839599609375 24.962833404541015625 25.814500808715820312 25.684999465942382812 25.6356658935546875 25.664167404174804688 25.889667510986328125 25.530500411987304688 25.215333938598632812 25.02166748046875 25.41699981689453125 25.693332672119140625 26.193666458129882812 25.634332656860351562 26.214000701904296875 26.248500823974609375 26.066999435424804688 26.236499786376953125 26.288000106811523438 26.203166961669921875 26.194166183471679688 26.245832443237304688 26.363500595092773438
